0.465139 78
0.465024 78
0.464903 78
0.464773 78
0.464672 78
0.464549 78
0.46446 77
0.464337 77
0.464216 77
0.464096 77
0.464001 76
0.463838 76
0.463716 76
0.463588 76
0.463432 76
0.463296 76
0.463165 76
0.463047 76
0.462925 76
0.462803 76
0.462688 76
0.462564 76
0.46243 76
0.462313 76
0.462187 76
0.462063 76
0.461959 76
0.461836 76
0.4617 76
0.46156 76
0.461446 76
0.461303 76
0.461149 76
0.461002 76
0.461002 75
0.460886 75
0.460767 75
0.460632 75
0.460502 75
0.460376 75
0.46024 75
0.46024 74
0.460119 74
0.460007 74
0.459872 74
0.459744 74
0.45962 74
0.459508 74
0.459379 74
0.459254 74
0.459123 74
0.458966 74
0.458843 74
0.458731 74
0.458679 73
0.45856 73
0.458444 73
0.458321 73
0.458219 73
0.458112 73
0.457984 73
0.457863 73
0.457718 73
0.457604 73
0.45749 73
0.457369 73
0.457216 73
0.457092 73
0.457092 72
0.456976 72
0.456854 72
0.456735 72
0.456615 72
0.456482 72
0.456363 72
0.456216 72
0.456092 72
0.455981 72
0.455848 72
0.455699 72
0.455563 72
0.455443 72
0.455329 72
0.455181 72
0.455072 72
0.45495 72
0.454838 72
0.454723 72
0.454608 72
0.45448 72
0.45448 71
0.454339 71
0.454209 71
0.45409 71
0.453972 71
0.453838 71
0.453725 71
0.453598 71
0.45347 71
0.453342 71
0.45322 71
0.453109 71
0.453109 70
0.452984 70
0.452869 70
0.452744 70
0.452626 70
0.452496 70
0.452373 70
0.452251 70
0.452127 70
0.452022 70
0.451902 70
0.45177 70
0.451669 70
0.451541 70
0.451421 70
0.451263 70
0.451149 70
0.45102 70
0.45091 70
0.450801 70
0.450671 70
0.450533 70
0.450417 70
0.450292 70
0.450169 70
0.450028 70
0.449917 70
0.449788 70
0.449676 70
0.449547 70
0.449411 70
0.449282 70
0.44916 70
0.449031 70
0.448908 70
0.448789 70
0.448668 70
0.448542 70
0.448421 70
0.448282 70
0.448146 70
0.448037 70
0.447922 70
0.447808 70
0.447692 70
0.447576 70
0.447461 70
0.447336 70
0.447216 70
0.447108 70
0.446994 70
0.446994 69
0.44686 69
0.44674 69
0.446623 69
0.446508 69
0.446378 69
0.446261 69
0.446125 69
0.445976 69
0.445848 69
0.445698 69
0.445698 68
0.445562 68
0.445437 68
0.445318 68
0.445204 68
0.445072 68
0.444944 68
0.444827 68
0.444728 68
0.444618 68
0.444485 68
0.444332 68
0.444332 67
0.444195 67
0.444077 67
0.443956 67
0.443832 67
0.443708 67
0.443585 67
0.443463 67
0.44334 67
0.443226 67
0.443096 67
0.442992 67
0.442863 67
0.442752 67
0.442635 67
0.442512 67
0.442399 67
0.442298 67
0.442191 67
0.442061 67
0.44192 67
0.441805 67
0.441683 67
0.441544 67
0.441446 67
0.441328 67
0.441188 67
0.441188 66
0.441056 66
0.440951 66
0.440816 66
0.440684 66
0.440573 66
0.440451 66
0.440314 66
0.440169 66
0.44004 66
0.439931 66
0.439808 66
0.439682 66
0.439563 66
0.439443 66
0.439332 66
0.439203 66
0.43908 66
0.438942 66
0.43882 66
0.438695 66
0.438559 66
0.43845 66
0.438323 66
0.438177 66
0.438054 66
0.437941 66
0.437824 66
0.437693 66
0.437541 66
0.437419 66
0.437258 66
0.437131 66
0.437022 66
0.436897 66
0.436764 66
0.43663 66
0.436529 66
0.436423 66
0.436293 66
0.436176 66
0.43605 66
0.435925 66
0.435759 66
0.435622 66
0.435612 65
0.435488 65
0.43538 65
0.435278 65
0.435146 65
0.435016 65
0.434893 65
0.434771 65
0.434651 65
0.434552 65
0.43443 65
0.434295 65
0.43416 65
0.434042 65
0.433925 65
0.433801 65
0.433694 65
0.433588 65
0.433452 65
0.43334 65
0.433221 65
0.433104 65
0.432986 65
0.432871 65
0.432755 65
0.432621 65
0.4325 65
0.432385 65
0.43227 65
0.432157 65
0.432007 65
0.431883 65
0.431743 65
0.431632 65
0.43151 65
0.431374 65
0.431263 65
0.431135 65
0.431007 65
0.430886 65
0.430766 65
0.43061 65
0.430476 65
0.430359 65
0.430236 65
0.430102 65
0.429966 65
0.429867 65
0.429735 65
0.429595 65
0.429474 65
0.429346 65
0.429232 65
0.429103 65
0.428982 65
0.428871 65
0.42876 65
0.428639 65
0.428511 65
0.428393 65
0.428252 65
0.428136 65
0.428006 65
0.427875 65
0.427757 65
0.42763 65
0.427507 65
0.427394 65
0.427249 65
0.427123 65
0.426992 65
0.426868 65
0.426735 65
0.426596 65
0.426454 65
0.426327 65
0.426194 65
0.426056 65
0.425926 65
0.425791 65
0.425639 65
0.425523 65
0.425384 65
0.425265 65
0.425172 64
0.425057 64
0.424942 64
0.424825 64
0.424686 64
0.424573 64
0.424458 64
0.424346 64
0.424228 64
0.424118 64
0.423995 64
0.42386 64
0.423739 64
0.423615 64
0.423492 64
0.423353 64
0.423213 64
0.423082 64
0.422971 64
0.422839 64
0.422733 64
0.422617 64
0.422508 64
0.422393 64
0.422277 64
0.42217 64
0.422046 64
0.42192 64
0.421806 64
0.421682 64
0.421543 64
0.421426 64
0.421298 64
0.421176 64
0.421067 64
0.420936 64
0.420783 64
0.420671 64
0.420553 64
0.420449 64
0.420356 63
0.420233 63
0.420116 63
0.419997 63
0.41988 63
0.41977 63
0.419661 63
0.419534 63
0.419412 63
0.419293 63
0.419165 63
0.419043 63
0.418924 63
0.418807 63
0.41869 63
0.418555 63
0.418432 63
0.418293 63
0.418172 63
0.418046 63
0.417919 63
0.417791 63
0.417649 63
0.417541 63
0.417426 63
0.417288 63
0.417168 63
0.417041 63
0.416921 63
0.416796 63
0.416688 63
0.416569 63
0.416444 63
0.416321 63
0.416191 63
0.416089 63
0.415975 63
0.415847 63
0.415715 63
0.41557 63
0.415438 63
0.415323 63
0.415185 63
0.415053 63
0.414937 63
0.414835 63
0.414726 63
0.414604 63
0.414461 63
0.414317 63
0.414194 63
0.414066 63
0.413925 63
0.413819 63
0.413687 63
0.413555 63
0.41343 63
0.413309 63
0.413173 63
0.413047 63
0.412926 63
0.412802 63
0.412676 63
0.412557 63
0.412434 63
0.412311 63
0.412177 63
0.412055 63
0.411915 63
0.411797 63
0.411655 63
0.411519 63
0.411389 63
0.411256 63
0.411145 63
0.411006 63
0.410891 63
0.410779 63
0.410659 63
0.410504 63
0.410365 63
0.410239 63
0.410093 63
0.409973 63
0.409835 63
0.409714 63
0.409595 63
0.40947 63
0.409339 63
0.409211 63
0.4091 63
0.408965 63
0.408845 63
0.408742 63
0.40862 63
0.408488 63
0.408368 63
0.408278 62
0.408161 62
0.40804 62
0.407909 62
0.407798 62
0.407667 62
0.407547 62
0.407405 62
0.40728 62
0.407151 62
0.407032 62
0.406908 62
0.406783 62
0.406664 62
0.406518 62
0.406406 62
0.406273 62
0.406142 62
0.405995 62
0.405873 62
0.405761 62
0.405638 62
0.405512 62
0.405379 62
0.405257 62
0.405122 62
0.404997 62
0.404877 62
0.40476 62
0.404624 62
0.404505 62
0.404396 62
0.404258 62
0.404127 62
0.404007 62
0.403887 62
0.403773 62
0.403632 62
0.403505 62
0.403373 62
0.40325 62
0.403117 62
0.402987 62
0.402987 61
0.40285 61
0.402739 61
0.402595 61
0.402468 61
0.402364 61
0.402262 61
0.40213 61
0.402012 61
0.401882 61
0.401763 61
0.401617 61
0.401515 61
0.401382 61
0.401272 61
0.401154 61
0.40103 61
0.400908 61
0.4008 61
0.400552 61
0.40043 61
0.400302 61
0.400188 61
0.40006 61
0.399939 61
0.399805 61
0.399682 61
0.399554 61
0.399434 61
0.399434 60
0.39931 60
0.399184 60
0.399055 60
0.398912 60
0.39879 60
0.398666 60
0.398555 60
0.398441 60
0.398304 60
0.398176 60
0.398049 60
0.397909 60
0.397909 59
0.397796 59
0.397665 59
0.397539 59
0.397317 59
0.397195 59
0.397056 59
0.396925 59
0.396809 59
0.396679 59
0.396566 59
0.396445 59
0.396335 59
0.396205 59
0.396069 59
0.395931 59
0.395803 59
0.395672 59
0.395555 59
0.395442 59
0.395315 59
0.395186 59
0.39507 59
0.39495 59
0.394829 59
0.394707 59
0.394597 59
0.394468 59
0.394335 59
0.394202 59
0.393973 59
0.393851 59
0.393711 59
0.393615 59
0.39336 59
0.393238 59
0.393115 59
0.392983 59
0.39287 59
0.392753 59
0.392503 59
0.392389 59
0.392245 59
0.392133 59
0.392019 59
0.391925 58
0.391812 58
0.391678 58
0.391576 58
0.391439 58
0.391303 58
0.391167 58
0.391038 58
0.390913 58
0.390787 58
0.39066 58
0.390545 58
0.390404 58
0.390282 58
0.390007 58
0.389883 58
0.389769 58
0.389641 58
0.389509 58
0.389376 58
0.389253 58
0.389109 58
0.388968 58
0.38885 58
0.388725 58
0.38861 58
0.388472 58
0.388359 58
0.388234 58
0.388106 58
0.38798 58
0.387855 58
0.387715 58
0.387586 58
0.387443 58
0.387297 58
0.387173 58
0.387059 58
0.386919 58
0.386798 58
0.386521 58
0.386399 58
0.386263 58
0.386128 58
0.385995 58
0.385874 58
0.385743 58
0.385635 58
0.385507 58
0.385381 58
0.385245 58
0.385107 58
0.384963 58
0.384832 58
0.384703 58
0.384574 58
0.384435 58
0.384308 58
0.384179 58
0.384055 58
0.383951 58
0.383826 58
0.383683 58
0.383577 58
0.383451 58
0.383331 58
0.383188 58
0.383049 58
0.382927 58
0.382784 58
0.382501 58
0.382387 58
0.382256 58
0.382123 58
0.381997 58
0.381862 58
0.381737 58
0.381609 58
0.381511 58
0.381376 58
0.381246 58
0.381119 58
0.380983 58
0.380855 58
0.380767 57
0.380639 57
0.380524 57
0.380386 57
0.380255 57
0.380116 57
0.37987 57
0.379756 57
0.379622 57
0.379489 57
0.379354 57
0.379225 57
0.379108 57
0.378982 57
0.37887 57
0.378736 57
0.378482 57
0.378375 57
0.378242 57
0.378125 57
0.377996 57
0.377852 57
0.377728 57
0.377587 57
0.37744 57
0.377304 57
0.377191 57
0.377062 57
0.376937 57
0.376801 57
0.37653 57
0.37629 57
0.376153 57
0.376023 57
0.375911 57
0.375786 57
0.375671 57
0.375543 57
0.375416 57
0.375298 57
0.374942 57
0.374811 57
0.374553 57
0.374433 57
0.374304 57
0.374176 57
0.374033 57
0.373913 57
0.373792 57
0.373685 57
0.37355 57
0.373415 57
0.373283 57
0.373152 57
0.373029 57
0.372793 57
0.372673 57
0.372436 57
0.372323 57
0.372206 57
0.372083 57
0.371963 57
0.371833 57
0.371708 57
0.371579 57
0.371463 57
0.371331 57
0.371193 57
0.37108 57
0.370936 57
0.370812 57
0.370685 57
0.370568 57
0.370429 57
0.370304 57
0.370169 57
0.370051 57
0.369936 57
0.369798 57
0.36967 57
0.369545 57
0.369406 57
0.36914 57
0.369011 57
0.368891 57
0.368766 57
0.368629 57
0.368493 57
0.368257 57
0.368145 57
0.368017 57
0.367888 57
0.367801 56
0.367678 56
0.367554 56
0.367412 56
0.367295 56
0.367171 56
0.367038 56
0.366943 55
0.366808 55
0.366681 55
0.36656 55
0.36643 55
0.366171 55
0.365912 55
0.365779 55
0.365632 55
0.365516 55
0.365395 55
0.365269 55
0.365151 55
0.365036 55
0.364916 55
0.364816 55
0.364703 55
0.364587 55
0.364462 55
0.364239 55
0.364119 55
0.364 55
0.363867 55
0.363741 55
0.363646 54
0.363523 54
0.363415 54
0.363279 54
0.363141 54
0.362988 54
0.362864 54
0.362746 54
0.362617 54
0.362499 54
0.362363 54
0.362252 54
0.362126 54
0.361995 54
0.361887 54
0.361769 54
0.361636 54
0.361515 54
0.361401 54
0.361273 54
0.361141 54
0.36101 54
0.360873 54
0.36076 54
0.360631 54
0.360358 54
0.360085 54
0.359963 54
0.359865 54
0.359745 54
0.359634 54
0.35952 54
0.359381 54
0.359249 54
0.359133 54
0.358993 54
0.358861 54
0.358727 54
0.358618 54
0.358379 54
0.358118 54
0.357999 54
0.357877 54
0.357742 54
0.357608 54
0.357509 54
0.357386 54
0.357256 54
0.357129 54
0.357 54
0.35687 54
0.356732 54
0.356609 54
0.356483 54
0.356229 54
0.356091 54
0.355989 54
0.355861 54
0.355648 54
0.355528 54
0.355309 53
0.355203 53
0.355062 53
0.354932 53
0.354798 53
0.35467 53
0.354414 53
0.35403 53
0.3539 53
0.353774 53
0.35365 53
0.353499 53
0.353371 53
0.353236 53
0.353134 53
0.353 53
0.352867 53
0.352731 53
0.3526 53
0.352473 53
0.35234 53
0.352251 52
0.352122 52
0.351985 52
0.351863 52
0.351749 52
0.351604 52
0.351463 52
0.351336 52
0.351225 52
0.351093 52
0.350964 52
0.350847 52
0.350712 52
0.350584 52
0.350446 52
0.350319 52
0.350186 52
0.350065 52
0.349935 52
0.349827 52
0.349701 52
0.349583 52
0.349452 52
0.349333 52
0.348939 52
0.348823 52
0.348737 51
0.348611 51
0.348483 51
0.348362 51
0.348218 51
0.348092 51
0.347958 51
0.347703 51
0.347592 51
0.347453 51
0.347333 51
0.347086 51
0.347004 50
0.346876 50
0.346758 50
0.346616 50
0.346482 50
0.346364 50
0.346231 50
0.34611 50
0.34599 50
0.345887 50
0.345768 50
0.345658 50
0.345539 50
0.34544 50
0.345326 50
0.345199 50
0.345072 50
0.344926 50
0.344808 50
0.34458 50
0.344481 50
0.344348 50
0.344232 50
0.343989 50
0.343864 50
0.343739 50
0.343621 50
0.3435 50
0.343365 50
0.343251 50
0.343131 50
0.343013 50
0.342887 50
0.342761 50
0.342632 50
0.342516 50
0.342378 50
0.342113 50
0.34201 50
0.341896 50
0.34176 50
0.341648 50
0.341531 50
0.34141 50
0.341152 50
0.341041 50
0.340897 50
0.340763 50
0.340631 50
0.340502 50
0.340395 50
0.340275 50
0.340152 50
0.340018 50
0.339884 50
0.339758 50
0.339643 50
0.339517 50
0.339389 50
0.339289 50
0.339166 50
0.339051 50
0.338908 50
0.338658 50
0.338534 50
0.338408 50
0.338299 50
0.338186 50
0.338053 50
0.337784 50
0.337671 50
0.337542 50
0.337422 50
0.337174 50
0.33693 50
0.336816 50
0.336688 50
0.336552 50
0.336443 50
0.336308 50
0.336175 50
0.33603 50
0.335906 50
0.335799 50
0.335673 50
0.335538 50
0.335403 50
0.335278 50
0.335172 50
0.335064 50
0.334936 50
0.334806 50
0.334696 50
0.334573 50
0.334448 50
0.334316 50
0.334088 50
0.333974 50
0.333857 50
0.333737 50
0.333629 50
0.333503 50
0.333266 49
0.333144 49
0.333004 49
0.332884 49
0.332758 49
0.332526 49
0.332394 49
0.332261 49
0.332125 49
0.331909 48
0.331794 48
0.331646 48
0.331532 48
0.331418 48
0.33127 48
0.33116 48
0.331018 48
0.330872 48
0.33076 48
0.330631 48
0.330504 48
0.330232 48
0.330113 48
0.330014 48
0.329902 48
0.329796 48
0.329685 48
0.329561 48
0.329441 48
0.329313 48
0.329192 48
0.329075 48
0.328852 48
0.328734 48
0.328595 48
0.32849 48
0.328345 48
0.328199 48
0.328098 48
0.327984 48
0.327736 48
0.327501 48
0.327407 47
0.327275 47
0.327139 47
0.327011 47
0.326882 47
0.326766 47
0.326644 47
0.326522 47
0.326413 47
0.326285 47
0.326151 47
0.326026 47
0.325768 47
0.325523 47
0.325398 47
0.325147 47
0.325013 47
0.324877 47
0.324758 47
0.324636 47
0.324519 47
0.324399 47
0.324271 47
0.324144 47
0.323998 47
0.323872 47
0.323743 47
0.323622 47
0.323508 47
0.323383 47
0.323238 47
0.323009 47
0.322751 47
0.322622 47
0.322495 47
0.32237 47
0.322248 47
0.322129 47
0.321999 47
0.321872 47
0.321755 47
0.321625 47
0.321505 47
0.3214 47
0.321116 47
0.321005 47
0.320891 47
0.320753 47
0.320493 47
0.320369 47
0.320261 47
0.320107 47
0.319992 47
0.319881 47
0.319762 47
0.319637 47
0.319497 47
0.319365 47
0.318987 47
0.318869 47
0.318728 47
0.318594 47
0.31846 47
0.318347 47
0.31822 47
0.318081 47
0.31795 47
0.317818 47
0.317679 47
0.31756 47
0.317415 47
0.317273 47
0.317155 47
0.31681 47
0.316678 47
0.316542 47
0.316422 47
0.316293 47
0.316158 47
0.316034 47
0.315908 47
0.315778 47
0.315652 47
0.315403 47
0.315254 47
0.315118 47
0.314978 47
0.314851 47
0.31473 47
0.314588 47
0.314489 47
0.314259 47
0.314131 47
0.313871 47
0.31374 47
0.313606 47
0.313471 47
0.313349 47
0.313249 47
0.313116 47
0.313001 47
0.312879 47
0.31275 47
0.312614 47
0.312484 47
0.312352 47
0.312106 47
0.311966 47
0.311848 47
0.311722 47
0.311612 47
0.311493 47
0.311239 47
0.311114 47
0.310984 47
0.310717 47
0.310586 47
0.310062 47
0.309924 47
0.309804 47
0.309705 47
0.309437 47
0.309158 47
0.309044 47
0.308927 47
0.308785 47
0.308658 47
0.308515 47
0.308382 47
0.308251 47
0.308121 47
0.308003 47
0.307752 47
0.307643 47
0.307507 47
0.307374 47
0.30713 47
0.306998 47
0.306866 47
0.30673 47
0.306481 47
0.306347 47
0.30622 47
0.305959 47
0.305825 47
0.305701 47
0.305572 47
0.305474 47
0.305358 47
0.305266 46
0.30518 45
0.304933 45
0.304678 45
0.304561 45
0.304304 45
0.30418 45
0.304063 45
0.303948 45
0.303675 45
0.303446 45
0.303329 45
0.303226 45
0.303112 45
0.302979 45
0.302824 45
0.302715 45
0.302458 45
0.302336 45
0.302211 45
0.30207 45
0.301961 45
0.301829 45
0.3017 45
0.301573 45
0.301324 45
0.301184 45
0.300916 45
0.300795 45
0.300674 45
0.300543 45
0.300403 45
0.30027 45
0.300147 45
0.300025 45
0.299903 45
0.299779 45
0.299531 45
0.2994 45
0.299133 45
0.298991 45
0.298861 45
0.298737 45
0.298618 45
0.298501 45
0.298379 45
0.298241 45
0.298129 45
0.297997 45
0.297874 45
0.297603 45
0.29746 45
0.297331 45
0.297203 45
0.297064 45
0.296948 45
0.296824 45
0.296703 45
0.296572 45
0.296288 45
0.296176 45
0.296054 45
0.295816 45
0.295697 45
0.29558 45
0.295438 45
0.295315 45
0.295213 45
0.294949 45
0.294836 45
0.294561 45
0.294439 45
0.294181 45
0.293543 45
0.293413 45
0.293289 45
0.293154 45
0.292908 45
0.292784 45
0.292685 45
0.29259 44
0.292452 44
0.292321 44
0.292112 44
0.291979 44
0.291741 44
0.291644 44
0.29151 44
0.291384 44
0.290989 44
0.290744 44
0.290467 44
0.290336 44
0.290211 44
0.289963 44
0.289855 44
0.289718 44
0.289586 44
0.289465 44
0.28933 44
0.289209 44
0.289104 44
0.288972 44
0.288849 44
0.288717 44
0.288596 44
0.288468 44
0.288322 44
0.288196 44
0.288058 44
0.287935 44
0.287803 44
0.287702 44
0.287607 43
0.287478 43
0.287354 43
0.287233 43
0.287099 43
0.28698 43
0.286866 43
0.28673 43
0.2866 43
0.286477 43
0.286347 43
0.286216 43
0.285961 43
0.285833 43
0.285706 43
0.2856 43
0.285464 43
0.285336 43
0.285099 43
0.284989 43
0.284863 43
0.284761 43
0.284549 43
0.284428 43
0.284305 43
0.284184 43
0.284055 43
0.283922 43
0.283669 43
0.283555 43
0.283463 42
0.283329 42
0.283188 42
0.282948 42
0.282865 41
0.282741 41
0.282512 41
0.282389 41
0.282261 41
0.282131 41
0.282012 41
0.28178 41
0.281683 41
0.281414 41
0.281026 41
0.280915 41
0.280796 41
0.280546 41
0.280416 41
0.280292 41
0.280027 41
0.279892 41
0.279782 41
0.279665 41
0.279548 41
0.279439 41
0.279182 41
0.279046 41
0.27891 41
0.278775 41
0.278624 41
0.278396 41
0.278166 41
0.278031 41
0.277907 41
0.277787 41
0.277646 41
0.277526 41
0.277285 41
0.277156 41
0.277026 41
0.276936 40
0.276797 40
0.276517 40
0.276411 40
0.276288 40
0.276168 40
0.276051 40
0.275935 40
0.275801 40
0.275527 40
0.27538 40
0.275141 40
0.274773 40
0.274634 40
0.274376 40
0.274269 40
0.274163 40
0.274035 40
0.273903 40
0.273797 40
0.273675 40
0.273542 40
0.27343 40
0.273293 40
0.273162 40
0.273019 40
0.272904 40
0.272777 40
0.272518 40
0.272268 40
0.27215 40
0.272043 40
0.271919 40
0.271694 40
0.271443 40
0.271319 40
0.271076 40
0.270817 40
0.270692 40
0.270565 40
0.270436 40
0.270312 40
0.270191 40
0.270072 40
0.26984 40
0.269715 40
0.269601 40
0.269108 40
0.268986 40
0.268848 40
0.26873 40
0.268526 40
0.268278 40
0.268152 40
0.268013 40
0.267743 40
0.267625 40
0.267505 40
0.267384 40
0.267257 40
0.267116 40
0.267003 40
0.266889 40
0.266759 40
0.266616 40
0.266484 40
0.266356 40
0.266224 40
0.26609 40
0.26597 40
0.265854 40
0.265718 40
0.265596 40
0.265471 40
0.265363 40
0.265267 39
0.265134 39
0.264897 39
0.264772 39
0.264538 39
0.264411 39
0.26428 39
0.264147 39
0.264035 39
0.263898 39
0.263785 39
0.26366 39
0.263541 39
0.263186 39
0.263062 39
0.262964 39
0.262843 39
0.262718 39
0.262606 39
0.262482 39
0.262376 39
0.262239 39
0.262114 39
0.26198 39
0.26164 39
0.261398 39
0.26129 39
0.261175 39
0.261056 39
0.260962 38
0.260726 38
0.260608 38
0.260482 38
0.260363 38
0.26024 38
0.259994 38
0.259855 38
0.259729 38
0.259596 38
0.259371 38
0.25925 38
0.259153 38
0.259031 38
0.258903 38
0.258781 38
0.258503 38
0.258242 38
0.25799 38
0.257864 38
0.257759 38
0.257635 38
0.257519 38
0.257403 38
0.257134 38
0.257024 38
0.256893 38
0.256636 38
0.256545 37
0.256282 37
0.25616 37
0.25603 37
0.255894 37
0.255775 37
0.255645 37
0.255491 37
0.255226 37
0.255094 37
0.254951 37
0.254843 37
0.254728 37
0.254606 37
0.254467 37
0.254339 37
0.25421 37
0.25407 37
0.253943 37
0.253814 37
0.253685 37
0.25356 37
0.253218 37
0.25309 37
0.252964 37
0.252584 37
0.252468 37
0.252334 37
0.252194 37
0.252057 37
0.251933 37
0.251791 37
0.251691 37
0.251566 37
0.251447 37
0.251324 37
0.251184 37
0.251053 37
0.250956 36
0.250829 36
0.250714 36
0.250603 36
0.250359 36
0.250251 36
0.250004 36
0.249889 36
0.249776 36
0.24965 36
0.249511 36
0.249385 36
0.249268 36
0.249161 36
0.249033 36
0.248696 35
0.248582 35
0.248181 35
0.248062 35
0.247931 35
0.247811 35
0.247678 35
0.247533 35
0.247396 35
0.247147 35
0.247029 35
0.246759 35
0.24664 35
0.246371 35
0.246249 35
0.246124 35
0.245999 35
0.245886 35
0.245766 35
0.245648 35
0.245528 35
0.245266 35
0.245165 35
0.244915 35
0.244663 35
0.244529 35
0.244435 34
0.244308 34
0.243948 33
0.243827 33
0.243697 33
0.243578 33
0.24334 32
0.243227 32
0.243119 32
0.242897 32
0.242786 32
0.242659 32
0.242287 32
0.242164 32
0.241907 32
0.241798 32
0.241665 32
0.241545 32
0.241426 32
0.241293 32
0.241159 32
0.241027 32
0.240651 32
0.240525 32
0.240409 32
0.240187 32
0.240069 32
0.239926 32
0.2398 32
0.239677 32
0.239413 32
0.239307 32
0.239177 32
0.239071 32
0.238947 32
0.238822 32
0.238684 32
0.238569 32
0.238448 32
0.238324 32
0.238074 32
0.237832 32
0.237564 32
0.237462 32
0.237336 32
0.237213 32
0.237074 32
0.236808 32
0.236686 32
0.236554 32
0.236427 32
0.236292 32
0.236159 32
0.236042 32
0.235785 32
0.235667 32
0.235555 32
0.235274 32
0.235146 32
0.234774 32
0.234665 32
0.234544 32
0.234406 32
0.234282 32
0.234053 32
0.233962 31
0.233714 31
0.233596 31
0.23346 31
0.233214 31
0.233099 31
0.232966 31
0.232594 31
0.232471 31
0.232351 31
0.232211 31
0.231826 31
0.231703 31
0.231298 31
0.231172 31
0.231033 31
0.230801 31
0.230551 31
0.23042 31
0.23028 31
0.23016 31
0.230026 31
0.229904 31
0.229788 31
0.22966 31
0.229521 31
0.229397 31
0.229271 31
0.229145 31
0.229023 31
0.228771 31
0.228646 31
0.228538 31
0.228424 31
0.228194 31
0.228062 31
0.227804 31
0.227569 31
0.227448 31
0.227319 31
0.226814 31
0.226685 31
0.226328 31
0.226191 31
0.225816 31
0.225549 31
0.225424 31
0.225152 31
0.225028 31
0.224906 31
0.224787 31
0.224645 31
0.22438 31
0.224283 31
0.22417 31
0.223921 31
0.22381 31
0.223695 31
0.223485 31
0.22336 31
0.223234 31
0.22313 31
0.223034 30
0.222752 30
0.222634 30
0.222514 30
0.222396 30
0.222272 30
0.222162 30
0.221955 30
0.221816 30
0.221676 30
0.221562 30
0.221322 30
0.221079 30
0.220957 30
0.220854 30
0.220739 30
0.22063 30
0.220398 30
0.220159 30
0.219789 30
0.219561 30
0.21943 30
0.219308 30
0.219053 30
0.218794 30
0.218666 30
0.218539 30
0.218402 30
0.218285 30
0.218173 30
0.218069 30
0.217712 30
0.217578 30
0.217441 30
0.217326 30
0.217193 30
0.217086 30
0.216942 30
0.216808 30
0.216681 30
0.216401 30
0.216177 29
0.215795 29
0.215447 29
0.215326 29
0.215183 29
0.215059 29
0.214793 29
0.214441 29
0.214327 29
0.214075 29
0.213961 29
0.213832 29
0.213728 29
0.213625 29
0.213379 29
0.213255 29
0.213134 29
0.212991 29
0.212465 29
0.212352 29
0.21221 29
0.212084 29
0.211987 29
0.211757 29
0.21161 29
0.211492 29
0.211383 29
0.211251 29
0.211113 29
0.211017 28
0.210897 28
0.210766 28
0.21065 28
0.210542 28
0.210421 28
0.210306 28
0.210181 28
0.210048 28
0.209931 28
0.209826 28
0.209704 28
0.209567 28
0.209454 28
0.209305 28
0.209186 28
0.209054 28
0.208938 28
0.208833 28
0.208699 28
0.208591 28
0.208471 28
0.208334 28
0.20821 28
0.208078 28
0.207965 28
0.20786 28
0.207752 28
0.207631 28
0.207523 28
0.207391 28
0.207258 28
0.207141 28
0.207017 28
0.206889 28
0.206766 28
0.206632 28
0.206498 28
0.206372 28
0.20624 28
0.206119 28
0.206001 28
0.205637 28
0.205404 28
0.20515 28
0.204789 28
0.204668 28
0.204549 28
0.204424 28
0.2043 28
0.204155 28
0.204044 28
0.203903 28
0.203771 28
0.20365 28
0.203279 28
0.203174 28
0.203027 28
0.202908 28
0.202804 28
0.202699 28
0.202589 28
0.202465 28
0.202356 28
0.202218 28
0.20199 28
0.201762 28
0.201623 28
0.201527 27
0.20132 27
0.200912 27
0.200781 27
0.200649 27
0.200397 27
0.200266 27
0.200144 27
0.200021 27
0.199901 27
0.199771 27
0.199628 27
0.199503 27
0.199381 27
0.199274 27
0.199149 27
0.199031 27
0.198927 27
0.198689 27
0.198434 27
0.198305 27
0.197917 27
0.197779 27
0.197662 27
0.197423 27
0.197311 27
0.197172 27
0.197053 27
0.196936 27
0.196807 27
0.196693 27
0.196566 27
0.196198 27
0.196065 27
0.195932 27
0.195791 27
0.195669 27
0.195532 27
0.195154 27
0.195052 27
0.194921 27
0.19479 27
0.194522 27
0.194412 27
0.194156 27
0.194028 27
0.193791 27
0.193652 27
0.193421 27
0.193304 27
0.193207 27
0.192941 27
0.19282 27
0.192699 27
0.19223 26
0.192099 26
0.191966 26
0.191843 26
0.191712 26
0.191603 26
0.191481 26
0.191349 26
0.191223 26
0.191101 26
0.190971 26
0.190729 26
0.190581 26
0.190463 26
0.190349 26
0.190212 26
0.190072 26
0.189926 26
0.18979 26
0.189688 26
0.189579 26
0.189448 26
0.189305 26
0.189173 26
0.189047 26
0.188928 26
0.188801 26
0.188683 26
0.188573 26
0.188471 26
0.188236 26
0.187986 26
0.187844 26
0.187708 26
0.187459 26
0.187097 26
0.186611 26
0.186487 26
0.186356 26
0.186234 26
0.186098 26
0.185995 26
0.185869 26
0.185617 26
0.185358 26
0.185253 26
0.185028 26
0.184901 26
0.184773 26
0.18465 26
0.184516 26
0.184394 26
0.184264 26
0.184149 26
0.184015 26
0.183875 26
0.183751 26
0.1834 26
0.183276 26
0.183035 26
0.182906 26
0.182796 26
0.182689 26
0.182582 26
0.182461 26
0.182215 26
0.182095 26
0.181966 26
0.181839 26
0.181585 26
0.181453 26
0.181319 26
0.180832 26
0.180697 26
0.180565 26
0.180447 26
0.180326 26
0.180218 26
0.180093 26
0.179966 26
0.179857 26
0.179615 26
0.179485 26
0.179372 26
0.179121 26
0.178998 26
0.178887 26
0.178648 26
0.178271 26
0.178151 26
0.178034 26
0.177907 26
0.17777 26
0.177661 26
0.177433 26
0.177322 26
0.177184 26
0.177052 26
0.17693 26
0.176788 26
0.176664 26
0.176444 26
0.176323 26
0.176087 26
0.175965 26
0.175839 26
0.175702 26
0.175586 26
0.175487 26
0.175386 26
0.175134 26
0.175007 26
0.174904 26
0.17478 26
0.174664 26
0.174394 26
0.174288 26
0.174045 26
0.173672 26
0.173554 26
0.17342 26
0.173295 26
0.173181 26
0.173063 26
0.172817 26
0.172703 26
0.172427 26
0.17218 26
0.172066 26
0.171955 26
0.171853 26
0.171719 26
0.171603 26
0.171484 26
0.17137 26
0.171096 26
0.170863 26
0.170746 26
0.170645 26
0.170521 26
0.170397 26
0.170278 26
0.170147 26
0.170018 26
0.169744 26
0.169505 26
0.169253 26
0.16914 26
0.169003 26
0.168886 26
0.16875 26
0.168645 26
0.168521 26
0.168401 26
0.168273 26
0.168173 26
0.168044 26
0.167937 26
0.167827 26
0.167699 26
0.16758 26
0.167446 26
0.167325 26
0.167083 26
0.166967 26
0.166753 26
0.166617 26
0.166504 26
0.166394 26
0.166151 26
0.166026 26
0.165908 26
0.165789 26
0.165673 26
0.165441 26
0.165318 26
0.165093 26
0.164945 26
0.164809 26
0.164681 26
0.164566 26
0.164455 26
0.164343 26
0.164218 26
0.163998 26
0.163873 26
0.16375 26
0.16362 26
0.163463 26
0.163338 26
0.163197 26
0.163082 26
0.162849 26
0.162737 26
0.162603 26
0.162355 26
0.162238 26
0.162104 26
0.161964 26
0.161842 26
0.161612 26
0.161491 26
0.161351 26
0.161091 26
0.160948 26
0.16071 26
0.160608 26
0.160476 26
0.160341 26
0.160088 26
0.15999 26
0.159873 26
0.159621 26
0.159485 26
0.159248 26
0.159124 26
0.158992 26
0.158876 26
0.15874 26
0.158637 26
0.15852 26
0.158408 26
0.158148 26
0.158033 26
0.157909 26
0.157433 26
0.157305 26
0.157175 26
0.157067 26
0.156982 25
0.156863 25
0.156712 25
0.156504 25
0.156123 25
0.156003 25
0.155876 25
0.15575 25
0.155647 25
0.155537 25
0.155276 25
0.155047 25
0.154908 25
0.154779 25
0.154659 25
0.15455 25
0.154174 25
0.153783 25
0.153519 25
0.153383 25
0.153256 25
0.153136 25
0.153003 25
0.152874 25
0.152755 25
0.152611 25
0.152484 25
0.152338 25
0.152095 25
0.151982 25
0.151855 25
0.151724 25
0.151589 25
0.151454 25
0.15134 25
0.151096 25
0.150885 25
0.150767 25
0.150653 25
0.15043 25
0.150186 25
0.149945 25
0.149817 25
0.149595 24
0.149453 24
0.149175 24
0.149036 24
0.148924 24
0.148802 24
0.148701 24
0.148589 24
0.148443 24
0.147936 24
0.147811 24
0.147678 24
0.147553 24
0.147433 24
0.147315 24
0.147191 24
0.147096 23
0.14685 23
0.146723 23
0.14646 23
0.146199 23
0.146082 23
0.145947 23
0.145824 23
0.145706 23
0.145572 23
0.145433 23
0.145342 22
0.145236 22
0.145101 22
0.144965 22
0.14485 22
0.144586 22
0.144451 22
0.144314 22
0.144185 22
0.144054 22
0.143928 22
0.143588 22
0.143436 22
0.143329 22
0.143211 22
0.143096 22
0.14297 22
0.142858 22
0.14271 22
0.142606 22
0.142353 22
0.142242 22
0.142125 22
0.142018 22
0.141803 22
0.141667 22
0.141549 22
0.141422 22
0.14128 22
0.141152 22
0.141031 22
0.140912 22
0.140806 22
0.140684 22
0.140545 22
0.140416 22
0.140147 22
0.14002 22
0.139882 22
0.13962 22
0.139525 21
0.139309 21
0.139189 21
0.139056 21
0.138833 21
0.138736 21
0.138618 21
0.138492 21
0.138242 21
0.138127 21
0.138005 21
0.137872 21
0.137745 21
0.13762 21
0.137499 21
0.13725 21
0.13711 21
0.136984 21
0.136587 21
0.136454 21
0.136208 21
0.136086 21
0.135818 21
0.135709 21
0.13559 21
0.135457 21
0.135336 21
0.135218 21
0.135105 21
0.134976 21
0.134879 21
0.134748 21
0.134614 21
0.134351 21
0.134219 21
0.134011 21
0.133882 21
0.13376 21
0.13363 21
0.133519 21
0.133388 21
0.133261 21
0.133127 21
0.132876 21
0.132743 21
0.132629 21
0.132499 21
0.132271 21
0.132144 21
0.132003 21
0.13164 21
0.13154 21
0.131428 21
0.131172 21
0.131042 21
0.13091 21
0.130795 21
0.130552 21
0.130437 21
0.130314 21
0.13018 21
0.129975 21
0.129855 21
0.129725 21
0.129602 21
0.129374 21
0.129131 21
0.128999 21
0.128606 21
0.128353 21
0.128229 21
0.127859 21
0.127603 21
0.127458 21
0.127229 21
0.126983 21
0.126875 21
0.126755 21
0.126529 21
0.126389 21
0.126278 21
0.126161 21
0.126054 21
0.125939 21
0.12581 21
0.125665 21
0.125435 21
0.125305 21
0.125187 21
0.125065 21
0.124946 21
0.124833 21
0.124712 21
0.124488 21
0.124355 21
0.124237 21
0.123975 21
0.123855 21
0.123759 21
0.123651 21
0.123531 21
0.123412 21
0.123281 21
0.123197 20
0.122959 20
0.122827 20
0.122711 20
0.122482 20
0.122349 20
0.122219 20
0.121872 20
0.121742 20
0.121621 20
0.121506 20
0.12137 20
0.121255 20
0.121133 20
0.120992 20
0.12086 20
0.120721 20
0.120624 20
0.12016 20
0.120023 20
0.119912 20
0.119686 20
0.119172 20
0.118915 20
0.118809 20
0.118693 20
0.118448 20
0.118198 20
0.118087 20
0.117855 20
0.117739 20
0.117617 20
0.117486 20
0.117366 20
0.117237 20
0.116995 20
0.116749 20
0.11662 20
0.116351 20
0.11623 20
0.116113 20
0.115995 20
0.115738 20
0.115609 20
0.115476 20
0.115352 20
0.11522 20
0.115105 20
0.114968 20
0.11484 20
0.114597 20
0.114487 20
0.114372 20
0.114111 20
0.113972 20
0.113849 20
0.113729 20
0.113597 20
0.113469 20
0.113352 20
0.113229 20
0.113119 20
0.112995 20
0.112881 20
0.112771 20
0.112665 20
0.112542 20
0.112418 20
0.112301 20
0.112195 20
0.112076 20
0.1117 20
0.111446 20
0.111204 20
0.111077 20
0.11094 20
0.110827 20
0.11045 20
0.110322 20
0.110181 20
0.110041 20
0.109918 20
0.109794 20
0.109678 20
0.10957 20
0.109441 20
0.109082 19
0.108981 19
0.10874 19
0.10865 18
0.108431 18
0.108301 18
0.108196 18
0.108078 18
0.10798 18
0.107729 18
0.107605 18
0.107475 18
0.107371 18
0.107262 18
0.107028 18
0.106907 18
0.106783 18
0.106636 18
0.106508 18
0.106283 18
0.106045 18
0.105891 18
0.105765 18
0.10566 18
0.105526 18
0.105408 18
0.105261 18
0.105139 18
0.105013 18
0.104883 18
0.104755 18
0.104645 18
0.104524 18
0.104395 18
0.104274 18
0.104025 18
0.103894 18
0.103763 18
0.103632 18
0.103527 18
0.103409 18
0.103326 17
0.103204 17
0.103057 17
0.102817 17
0.102681 17
0.102414 17
0.1023 17
0.10219 17
0.102065 17
0.101823 17
0.101712 17
0.101597 17
0.101495 17
0.101402 16
0.101173 16
0.100946 16
0.100803 16
0.1007 16
0.100585 16
0.100447 16
0.100197 16
0.100078 16
0.0996909 16
0.0995577 16
0.0994264 16
0.0991824 16
0.0990653 16
0.0989421 16
0.0988195 16
0.0986931 16
0.0985742 16
0.0984592 16
0.0983508 16
0.0981204 16
0.0980034 16
0.0978754 16
0.0977558 16
0.0976188 16
0.0973735 16
0.0969949 16
0.0968782 16
0.0967343 16
0.0966001 16
0.0964769 16
0.0962454 16
0.0961343 16
0.0958703 16
0.0957626 16
0.0956195 16
0.0953787 16
0.0951291 16
0.0949089 16
0.0947891 16
0.0944484 16
0.0943151 16
0.0941754 16
0.0940399 16
0.0938874 16
0.093777 16
0.0936574 16
0.0935367 16
0.0933971 16
0.0932736 16
0.0931552 16
0.0930458 16
0.0929225 16
0.0928065 16
0.0926741 16
0.0925688 16
0.0924468 16
0.0920634 16
0.0918182 16
0.0917012 16
0.0915926 16
0.0914629 16
0.0913273 16
0.0912072 16
0.0910761 16
0.0909511 16
0.0908082 16
0.0906825 16
0.0905889 15
0.0904631 15
0.0902313 15
0.0901191 15
0.0899958 15
0.0898668 15
0.0896251 15
0.0895024 15
0.0893844 15
0.0892685 15
0.0891584 15
0.0890397 15
0.0889214 15
0.0887944 15
0.0885537 15
0.0884324 15
0.0883149 15
0.0882088 15
0.0880834 15
0.0879471 15
0.0878237 15
0.0876841 15
0.0875776 15
0.0874601 15
0.0873372 15
0.0872202 15
0.0871104 15
0.0869801 15
0.0868584 15
0.0867353 15
0.0865875 15
0.086325 15
0.0860967 15
0.0859827 15
0.0858612 15
0.0857542 15
0.0856209 15
0.0854981 15
0.0853724 15
0.0851264 15
0.0850269 15
0.0848983 15
0.0847748 15
0.0846516 15
0.0843797 15
0.0842384 15
0.0841198 15
0.0839775 15
0.0838775 15
0.0837514 15
0.0836146 15
0.0834941 15
0.0833731 15
0.0832388 15
0.0831097 15
0.0829631 15
0.0828389 15
0.0827079 15
0.0825715 15
0.0824461 15
0.082188 15
0.0820686 15
0.0819433 15
0.0818312 15
0.0817056 15
0.0815875 15
0.0814541 15
0.0812053 15
0.0809472 15
0.0807261 15
0.080598 15
0.0804594 15
0.0803565 15
0.0801156 15
0.0799823 15
0.0797573 14
0.0796403 14
0.0795185 14
0.0794011 14
0.0792604 14
0.079121 14
0.0789877 14
0.0788591 14
0.0787264 14
0.0786155 14
0.0785048 14
0.0783804 14
0.0782705 14
0.0781409 14
0.0780274 14
0.0779052 14
0.0777942 14
0.0775707 13
0.0774634 13
0.0773511 13
0.0772134 13
0.0770896 13
0.0769562 13
0.0768529 13
0.0766075 13
0.0764967 13
0.0763849 13
0.0762583 13
0.0761387 13
0.0758752 13
0.0757693 13
0.0756393 13
0.0754005 13
0.075279 13
0.0751495 13
0.0750247 13
0.0747721 12
0.0746534 12
0.0745292 12
0.0743837 12
0.0742596 12
0.0741479 12
0.0739002 12
0.073656 12
0.0735106 12
0.0732411 12
0.0729645 12
0.072835 12
0.0726934 12
0.0725571 12
0.0724445 12
0.0723447 12
0.0722119 12
0.0721011 12
0.0719628 12
0.0717161 12
0.0715965 12
0.0713362 12
0.0711985 12
0.0710748 12
0.0709452 12
0.0708151 12
0.0706984 12
0.0705639 12
0.0704274 12
0.0702823 12
0.0699211 12
0.0697935 12
0.0696684 12
0.0695294 12
0.0694076 12
0.0692732 12
0.0691601 12
0.0690287 12
0.068899 12
0.0687633 12
0.06849 12
0.068365 12
0.0682305 12
0.0680932 12
0.0679809 12
0.0678541 12
0.0677383 12
0.0674892 12
0.0673877 12
0.0672406 12
0.0670998 12
0.0669668 12
0.0668371 12
0.0665965 12
0.0664726 12
0.0663478 12
0.0662184 12
0.0661064 12
0.0659823 12
0.0658694 12
0.0657521 12
0.0656162 12
0.0654914 12
0.0653689 12
0.0652329 12
0.0650858 12
0.0648388 12
0.0646159 12
0.0644964 12
0.0639881 12
0.0638707 12
0.0637471 12
0.0636209 12
0.0633808 12
0.0632557 12
0.0631343 12
0.0630044 12
0.0628754 12
0.062747 12
0.0625038 12
0.0623638 12
0.062244 12
0.06214 12
0.061929 12
0.061812 12
0.0616896 12
0.0615609 12
0.0614409 12
0.061317 12
0.0611865 12
0.0610661 12
0.0609411 12
0.0608179 12
0.0607013 12
0.0605733 12
0.0604334 12
0.0601696 12
0.0599267 12
0.0598022 12
0.0595598 12
0.0594444 12
0.0593265 12
0.0591998 12
0.0590743 12
0.0589314 12
0.0588161 12
0.0586925 12
0.0585734 12
0.0584568 12
0.0583552 12
0.0581194 12
0.0579984 12
0.0578683 12
0.0577501 12
0.0575095 12
0.0573902 12
0.0572846 12
0.0570597 12
0.0569529 12
0.0568203 12
0.0565755 12
0.0564583 12
0.0563238 12
0.0562028 12
0.0560677 12
0.0559246 12
0.0557985 12
0.0555476 12
0.0554089 12
0.0553243 11
0.0551814 11
0.0550498 11
0.0549485 11
0.0548375 11
0.0547071 11
0.0545857 11
0.0544569 11
0.0543358 11
0.0542025 11
0.0540718 11
0.0539446 11
0.0537014 11
0.053591 11
0.053213 11
0.0530997 11
0.052971 11
0.0528501 11
0.052741 11
0.0526241 11
0.0523821 11
0.0522623 11
0.0521379 11
0.0520185 11
0.0519318 10
0.0517983 10
0.05168 10
0.0514301 10
0.0513048 10
0.0510883 10
0.0508228 10
0.0506844 10
0.0505452 10
0.0504178 10
0.0503032 10
0.0501848 10
0.050045 10
0.0499178 10
0.0497878 10
0.0496604 10
0.0494228 10
0.0493044 10
0.0491864 10
0.0490446 10
0.0489286 10
0.048824 10
0.048693 10
0.0484388 10
0.0483318 10
0.048205 10
0.0480802 10
0.0479735 10
0.0478479 10
0.0477423 10
0.0476268 10
0.0475076 10
0.0473886 10
0.0470356 10
0.0469364 10
0.0468127 10
0.0466922 10
0.0465826 10
0.0464451 10
0.046316 10
0.0461824 10
0.0459591 9
0.0456757 9
0.0455444 9
0.0454093 9
0.04529 9
0.0451501 9
0.0448941 9
0.0447923 9
0.0446741 9
0.0445688 9
0.0444428 9
0.0443222 9
0.0440664 9
0.0439494 9
0.0438189 9
0.0436937 9
0.0435789 9
0.0434577 9
0.0431972 9
0.0430799 9
0.0429481 9
0.0428415 9
0.0427267 9
0.0426004 9
0.0424795 9
0.0422383 9
0.0421129 9
0.0419969 9
0.0418661 9
0.0417469 9
0.0416331 9
0.0415005 9
0.0413883 9
0.0412861 9
0.0411711 9
0.0410584 9
0.040927 9
0.0407975 9
0.0406708 9
0.0405572 9
0.0404314 9
0.0402967 9
0.0401849 9
0.0400525 9
0.039927 9
0.0398105 9
0.0396772 9
0.0395576 9
0.0394392 9
0.0393245 9
0.0390347 9
0.0389047 9
0.0387822 9
0.038651 9
0.0385146 9
0.0384127 9
0.0382879 9
0.0381521 9
0.0380363 9
0.0379244 9
0.0378167 9
0.0376976 9
0.0375895 9
0.037459 9
0.0373664 8
0.037232 8
0.0371086 8
0.0368669 8
0.0366323 8
0.0363736 8
0.0362609 8
0.0361483 8
0.035897 8
0.0357644 8
0.0356335 8
0.0355208 8
0.0353836 8
0.0352386 8
0.0350975 8
0.0349741 8
0.0347474 8
0.0346185 8
0.0343513 8
0.0342269 8
0.0341313 7
0.0340039 7
0.0338805 7
0.0337518 7
0.0336204 7
0.0332339 7
0.0331021 7
0.0329664 7
0.0328415 7
0.0327087 7
0.0325761 7
0.0324606 7
0.0323501 7
0.0322387 7
0.0321106 7
0.0319805 7
0.0318763 7
0.0317534 7
0.0316227 7
0.031499 7
0.0313864 7
0.0312746 7
0.0311576 7
0.0310304 7
0.030777 7
0.0306533 7
0.0305237 7
0.0303928 7
0.0302599 7
0.0301549 7
0.0298948 7
0.0297876 7
0.029531 7
0.0294062 7
0.0292827 7
0.0291496 7
0.0290173 7
0.0287544 7
0.0286281 7
0.0284896 7
0.0283531 7
0.0281075 7
0.0280105 7
0.0278767 7
0.0277469 7
0.0276271 7
0.0274825 7
0.0272395 7
0.0271131 7
0.0269668 7
0.0268415 7
0.0265797 7
0.0264387 7
0.02632 7
0.0261935 7
0.0260741 7
0.0259659 7
0.0258658 7
0.0257325 7
0.0255896 7
0.0254545 7
0.0253359 7
0.0252094 7
0.0250805 7
0.0249676 7
0.0248282 7
0.0245861 7
0.0244529 7
0.0243514 7
0.0242322 7
0.0241047 7
0.0239829 7
0.0238651 7
0.0236221 7
0.0234967 7
0.0233833 7
0.0232772 7
0.0229024 7
0.022776 7
0.0226671 7
0.0225327 7
0.0224358 7
0.0221908 7
0.0220594 7
0.021831 7
0.0217023 7
0.0215575 7
0.0214335 7
0.0213085 7
0.0211923 7
0.0210571 7
0.0209416 7
0.0208214 7
0.0207194 7
0.0205866 7
0.0204599 7
0.0203414 7
0.020236 7
0.0201295 7
0.0200083 7
0.0198794 7
0.0197573 7
0.0196479 7
0.0195289 7
0.0194082 7
0.0192868 7
0.0191608 7
0.0190362 7
0.0189119 7
0.0187794 7
0.0186687 7
0.0185402 7
0.0184173 7
0.0182937 7
0.0181742 7
0.0180563 7
0.0179266 7
0.0178119 7
0.017688 7
0.0175614 7
0.0174319 7
0.0173188 7
0.0171829 7
0.0170666 7
0.0169444 7
0.0168325 7
0.0167027 7
0.0164667 7
0.0163632 7
0.0162388 7
0.0161078 7
0.0159748 7
0.0158321 7
0.0157221 7
0.0155986 7
0.015475 7
0.0152318 7
0.0151061 7
0.0149988 7
0.0148618 7
0.014726 7
0.0146134 7
0.0144867 7
0.0143579 7
0.0142288 7
0.0141035 7
0.0139635 7
0.0138435 7
0.0137199 7
0.0135955 7
0.013469 7
0.0132087 7
0.0130849 7
0.0128541 7
0.0127367 7
0.0126003 7
0.0124501 7
0.0123349 7
0.0122018 7
0.011925 7
0.0118102 7
0.0116927 7
0.0115583 7
0.0114438 7
0.0113285 7
0.0112015 7
0.0110715 7
0.010959 7
0.0108509 7
0.0107344 7
0.0106031 7
0.0104866 7
0.0103578 7
0.0102522 7
0.0101325 7
0.0100212 7
0.00990818 7
0.0097938 7
0.00968035 7
0.00956886 7
0.00942722 7
0.00929091 7
0.00916487 7
0.00904179 7
0.00877997 7
0.0086452 7
0.0085368 7
0.00841842 7
0.00828404 7
0.00816724 7
0.00803887 7
0.00791207 7
0.00779789 7
0.0076833 7
0.00755649 7
0.00742912 7
0.00731915 7
0.00718807 7
0.00706709 7
0.0069238 7
0.00679755 7
0.0066847 7
0.00657561 7
0.00643853 7
0.00631486 7
0.00620768 7
0.00607126 7
0.00594269 7
0.00580491 7
0.00567339 7
0.00553317 7
0.00540185 7
0.00527092 7
0.00516007 7
0.0050406 7
0.00492788 7
0.00480351 7
0.00466431 7
0.00454319 7
0.00441035 7
0.00441035 6
0.00428206 6
0.00417451 6
0.00405234 6
0.00392958 6
0.00380142 6
0.00370416 6
0.00358418 6
0.00346353 6
0.00336406 6
0.00323056 6
0.00310694 6
0.00310694 5
0.00298806 5
0.00287921 5
0.00278282 4
0.00265012 4
0.00265012 3
0.00252748 3
0.00241109 3
0.00229285 3
0.00218352 3
0.00206429 3
0.0019421 3
0.00180616 3
0.00168775 3
0.00155504 3
0.00143127 3
0.00132019 3
0.00132019 2
0.00120243 2
0.00107681 2
0.000964073 2
0.00083719 2
0.00083719 1
0.000706755 1
0.000706755 0
0.000588966 0
0.000454659 0
0.000348281 0
0.000224266 0
0.000109857 0
0 0
