0.716302 78 0.00996986
0.716109 78 0.0239682
0.715916 78 0.0321837
0.715722 78 0.0495545
0.715529 78 0.0520943
0.715336 78 0.0538267
0.715336 77 0.0631404
0.715142 77 0.0762744
0.714949 77 0.0799727
0.714755 77 0.0851708
0.714755 76 0.0909036
0.714562 76 0.091196
0.714369 76 0.0957903
0.714175 76 0.100955
0.713982 76 0.107089
0.713788 76 0.109475
0.713595 76 0.112961
0.713402 76 0.115217
0.713208 76 0.131306
0.713015 76 0.137397
0.712822 76 0.139218
0.712628 76 0.150914
0.712435 76 0.152935
0.712241 76 0.162547
0.712048 76 0.165044
0.711855 76 0.169459
0.711661 76 0.169957
0.711468 76 0.1739
0.711274 76 0.189887
0.711081 76 0.199291
0.710888 76 0.202365
0.710694 76 0.203332
0.710501 76 0.216174
0.710307 76 0.218615
0.710307 75 0.227038
0.710114 75 0.232549
0.709921 75 0.238686
0.709727 75 0.242996
0.709534 75 0.243014
0.709341 75 0.246773
0.709147 75 0.252371
0.709147 74 0.264328
0.708954 74 0.268171
0.70876 74 0.272167
0.708567 74 0.273961
0.708374 74 0.274973
0.70818 74 0.28169
0.707987 74 0.285609
0.707793 74 0.286336
0.7076 74 0.290784
0.707407 74 0.29779
0.707213 74 0.306296
0.70702 74 0.308468
0.706827 74 0.312376
0.706827 73 0.31266
0.706633 73 0.314907
0.70644 73 0.315639
0.706246 73 0.317821
0.706053 73 0.325425
0.70586 73 0.334906
0.705666 73 0.339229
0.705473 73 0.350541
0.705279 73 0.372629
0.705086 73 0.377375
0.704893 73 0.382578
0.704699 73 0.390809
0.704506 73 0.396616
0.704313 73 0.411864
0.704313 72 0.413137
0.704119 72 0.423418
0.703926 72 0.425458
0.703732 72 0.42607
0.703539 72 0.427298
0.703346 72 0.429035
0.703152 72 0.438554
0.702959 72 0.440457
0.702765 72 0.451198
0.702572 72 0.45914
0.702379 72 0.466135
0.702185 72 0.466287
0.701992 72 0.487723
0.701798 72 0.490061
0.701605 72 0.514085
0.701412 72 0.516623
0.701218 72 0.519105
0.701025 72 0.520008
0.700832 72 0.524746
0.700638 72 0.525118
0.700445 72 0.528444
0.700251 72 0.530896
0.700251 71 0.540818
0.700058 71 0.542502
0.699865 71 0.543604
0.699671 71 0.548853
0.699478 71 0.549473
0.699284 71 0.551955
0.699091 71 0.554848
0.698898 71 0.574056
0.698704 71 0.577718
0.698511 71 0.585151
0.698318 71 0.586114
0.698124 71 0.592675
0.698124 70 0.595457
0.697931 70 0.595519
0.697737 70 0.600227
0.697544 70 0.602892
0.697351 70 0.604988
0.697157 70 0.607943
0.696964 70 0.612193
0.69677 70 0.612728
0.696577 70 0.615386
0.696384 70 0.619076
0.69619 70 0.626508
0.695997 70 0.631896
0.695804 70 0.636138
0.69561 70 0.637744
0.695417 70 0.64124
0.695223 70 0.641952
0.69503 70 0.642167
0.694837 70 0.645037
0.694643 70 0.646451
0.69445 70 0.647055
0.694256 70 0.649217
0.694063 70 0.650014
0.69387 70 0.653027
0.693676 70 0.653437
0.693483 70 0.654248
0.693289 70 0.655996
0.693096 70 0.659402
0.692903 70 0.659487
0.692709 70 0.660801
0.692516 70 0.665975
0.692323 70 0.669534
0.692129 70 0.671332
0.691936 70 0.672552
0.691742 70 0.679615
0.691549 70 0.680072
0.691356 70 0.680447
0.691162 70 0.682788
0.690969 70 0.683236
0.690775 70 0.685076
0.690582 70 0.69984
0.690389 70 0.699992
0.690195 70 0.700558
0.690002 70 0.703375
0.689809 70 0.703476
0.689615 70 0.715669
0.689422 70 0.719499
0.689228 70 0.723982
0.689035 70 0.726221
0.688842 70 0.726285
0.688648 70 0.7274
0.688455 70 0.732421
0.688455 69 0.734021
0.688261 69 0.734907
0.688068 69 0.736469
0.687875 69 0.737504
0.687681 69 0.738456
0.687488 69 0.742347
0.687295 69 0.743066
0.687101 69 0.744902
0.686908 69 0.74648
0.686714 69 0.747389
0.686521 69 0.750498
0.686521 68 0.754828
0.686328 68 0.755378
0.686134 68 0.757197
0.685941 68 0.75967
0.685747 68 0.760757
0.685554 68 0.761411
0.685361 68 0.762864
0.685167 68 0.763214
0.684974 68 0.763989
0.684781 68 0.7687
0.684587 68 0.77
0.684394 68 0.771677
0.684394 67 0.772689
0.6842 67 0.773471
0.684007 67 0.774256
0.683814 67 0.774643
0.68362 67 0.78298
0.683427 67 0.784817
0.683233 67 0.786204
0.68304 67 0.787437
0.682847 67 0.788668
0.682653 67 0.793629
0.68246 67 0.794247
0.682266 67 0.794555
0.682073 67 0.797159
0.68188 67 0.798438
0.681686 67 0.798621
0.681493 67 0.800422
0.6813 67 0.801217
0.681106 67 0.803744
0.680913 67 0.807395
0.680719 67 0.812731
0.680526 67 0.817405
0.680333 67 0.820075
0.680139 67 0.822498
0.679946 67 0.822899
0.679752 67 0.823342
0.679559 67 0.823875
0.679366 67 0.823936
0.679366 66 0.824267
0.679172 66 0.824891
0.678979 66 0.825404
0.678786 66 0.825994
0.678592 66 0.826258
0.678399 66 0.826464
0.678205 66 0.828029
0.678012 66 0.828158
0.677819 66 0.829828
0.677625 66 0.830619
0.677432 66 0.831565
0.677238 66 0.831846
0.677045 66 0.833553
0.676852 66 0.834593
0.676658 66 0.841613
0.676465 66 0.845591
0.676272 66 0.845925
0.676078 66 0.847802
0.675885 66 0.848885
0.675691 66 0.851426
0.675498 66 0.853233
0.675305 66 0.853406
0.675111 66 0.854287
0.674918 66 0.854874
0.674724 66 0.856065
0.674531 66 0.857494
0.674338 66 0.85779
0.674144 66 0.858808
0.673951 66 0.860455
0.673757 66 0.86084
0.673564 66 0.861305
0.673371 66 0.866548
0.673177 66 0.86832
0.672984 66 0.869788
0.672791 66 0.870079
0.672597 66 0.870414
0.672404 66 0.871584
0.67221 66 0.871673
0.672017 66 0.874068
0.671824 66 0.874282
0.67163 66 0.874736
0.671437 66 0.874814
0.671243 66 0.880267
0.67105 66 0.880606
0.670857 66 0.881071
0.670857 65 0.881461
0.670663 65 0.881576
0.67047 65 0.883114
0.670277 65 0.883801
0.670083 65 0.883987
0.66989 65 0.885034
0.669696 65 0.885429
0.669503 65 0.887436
0.66931 65 0.88745
0.669116 65 0.888153
0.668923 65 0.890295
0.668729 65 0.890605
0.668536 65 0.891365
0.668343 65 0.891695
0.668149 65 0.894544
0.667956 65 0.894612
0.667763 65 0.894966
0.667569 65 0.895032
0.667376 65 0.895632
0.667182 65 0.896529
0.666989 65 0.89696
0.666796 65 0.897459
0.666602 65 0.898824
0.666409 65 0.90322
0.666215 65 0.903449
0.666022 65 0.903607
0.665829 65 0.905231
0.665635 65 0.905237
0.665442 65 0.906252
0.665249 65 0.906566
0.665055 65 0.906868
0.664862 65 0.90937
0.664668 65 0.909507
0.664475 65 0.910577
0.664282 65 0.911561
0.664088 65 0.912007
0.663895 65 0.912635
0.663701 65 0.912929
0.663508 65 0.91334
0.663315 65 0.915082
0.663121 65 0.917583
0.662928 65 0.91921
0.662734 65 0.920462
0.662541 65 0.920566
0.662348 65 0.920694
0.662154 65 0.921082
0.661961 65 0.921929
0.661768 65 0.922714
0.661574 65 0.92487
0.661381 65 0.925212
0.661187 65 0.925228
0.660994 65 0.927503
0.660801 65 0.92815
0.660607 65 0.931226
0.660414 65 0.931318
0.66022 65 0.931732
0.660027 65 0.933053
0.659834 65 0.933463
0.65964 65 0.933959
0.659447 65 0.934095
0.659254 65 0.934456
0.65906 65 0.934849
0.658867 65 0.934866
0.658673 65 0.936293
0.65848 65 0.937011
0.658287 65 0.937121
0.658093 65 0.937817
0.6579 65 0.938781
0.657706 65 0.93961
0.657513 65 0.939709
0.65732 65 0.939869
0.657126 65 0.940709
0.656933 65 0.940785
0.65674 65 0.941284
0.656546 65 0.941934
0.656353 65 0.942374
0.656159 65 0.94243
0.655966 65 0.942729
0.655773 65 0.944013
0.655579 65 0.944289
0.655386 65 0.946186
0.655192 65 0.948027
0.654999 65 0.948092
0.654806 65 0.948676
0.654806 64 0.949064
0.654612 64 0.949778
0.654419 64 0.949969
0.654225 64 0.950228
0.654032 64 0.950889
0.653839 64 0.951328
0.653645 64 0.951808
0.653452 64 0.953025
0.653259 64 0.953924
0.653065 64 0.954158
0.652872 64 0.954222
0.652678 64 0.954367
0.652485 64 0.955165
0.652292 64 0.955206
0.652098 64 0.955254
0.651905 64 0.955719
0.651711 64 0.955799
0.651518 64 0.955812
0.651325 64 0.956384
0.651131 64 0.956841
0.650938 64 0.956914
0.650745 64 0.957065
0.650551 64 0.957083
0.650358 64 0.957891
0.650164 64 0.958369
0.649971 64 0.958723
0.649778 64 0.958823
0.649584 64 0.959252
0.649391 64 0.959312
0.649197 64 0.959664
0.649004 64 0.9602
0.648811 64 0.960207
0.648617 64 0.960781
0.648424 64 0.960983
0.648231 64 0.961368
0.648037 64 0.962255
0.647844 64 0.962353
0.64765 64 0.962616
0.647457 64 0.963237
0.647264 64 0.964391
0.647264 63 0.964642
0.64707 63 0.965018
0.646877 63 0.965071
0.646683 63 0.965161
0.64649 63 0.965826
0.646297 63 0.966284
0.646103 63 0.967099
0.64591 63 0.967497
0.645716 63 0.967527
0.645523 63 0.967855
0.64533 63 0.968073
0.645136 63 0.968136
0.644943 63 0.968146
0.64475 63 0.968294
0.644556 63 0.968334
0.644363 63 0.968802
0.644169 63 0.968959
0.643976 63 0.969599
0.643783 63 0.969959
0.643589 63 0.969961
0.643396 63 0.970092
0.643202 63 0.970656
0.643009 63 0.970753
0.642816 63 0.971163
0.642622 63 0.971617
0.642429 63 0.972084
0.642236 63 0.972618
0.642042 63 0.97266
0.641849 63 0.973216
0.641655 63 0.973296
0.641462 63 0.973673
0.641269 63 0.974177
0.641075 63 0.974543
0.640882 63 0.974639
0.640688 63 0.974734
0.640495 63 0.975296
0.640302 63 0.975787
0.640108 63 0.975907
0.639915 63 0.976012
0.639722 63 0.976618
0.639528 63 0.976995
0.639335 63 0.977142
0.639141 63 0.977179
0.638948 63 0.977564
0.638755 63 0.977943
0.638561 63 0.978414
0.638368 63 0.978664
0.638174 63 0.978924
0.637981 63 0.978986
0.637788 63 0.979012
0.637594 63 0.979763
0.637401 63 0.980074
0.637208 63 0.98038
0.637014 63 0.980645
0.636821 63 0.980927
0.636627 63 0.981374
0.636434 63 0.981407
0.636241 63 0.981459
0.636047 63 0.98186
0.635854 63 0.981861
0.63566 63 0.982055
0.635467 63 0.983311
0.635274 63 0.983496
0.63508 63 0.983598
0.634887 63 0.983923
0.634693 63 0.984421
0.6345 63 0.984482
0.634307 63 0.984625
0.634113 63 0.985383
0.63392 63 0.985681
0.633727 63 0.985783
0.633533 63 0.986538
0.63334 63 0.986685
0.633146 63 0.986688
0.632953 63 0.986732
0.63276 63 0.986733
0.632566 63 0.987022
0.632373 63 0.987101
0.632179 63 0.987156
0.631986 63 0.987255
0.631793 63 0.987547
0.631599 63 0.987588
0.631406 63 0.987625
0.631213 63 0.987854
0.631019 63 0.98787
0.630826 63 0.987927
0.630632 63 0.988058
0.630439 63 0.988063
0.630246 63 0.988085
0.630052 63 0.988405
0.629859 63 0.988513
0.629665 63 0.98863
0.629472 63 0.988895
0.629279 63 0.98902
0.629085 63 0.989071
0.628892 63 0.989075
0.628699 63 0.989084
0.628699 62 0.989115
0.628505 62 0.989756
0.628312 62 0.989882
0.628118 62 0.989905
0.627925 62 0.990128
0.627732 62 0.990329
0.627538 62 0.990776
0.627345 62 0.99097
0.627151 62 0.991082
0.626958 62 0.991189
0.626765 62 0.991601
0.626571 62 0.991658
0.626378 62 0.991895
0.626184 62 0.992084
0.625991 62 0.992111
0.625798 62 0.992415
0.625604 62 0.992626
0.625411 62 0.992922
0.625218 62 0.993094
0.625024 62 0.993116
0.624831 62 0.993678
0.624637 62 0.993812
0.624444 62 0.99385
0.624251 62 0.993859
0.624057 62 0.994068
0.623864 62 0.994452
0.62367 62 0.994585
0.623477 62 0.994633
0.623284 62 0.99468
0.62309 62 0.994755
0.622897 62 0.99486
0.622704 62 0.995136
0.62251 62 0.995172
0.622317 62 0.995477
0.622123 62 0.995615
0.62193 62 0.995669
0.621737 62 0.995806
0.621543 62 0.995828
0.62135 62 0.995897
0.621156 62 0.996225
0.620963 62 0.99641
0.62077 62 0.996514
0.620576 62 0.996995
0.620576 61 0.997165
0.620383 61 0.997197
0.62019 61 0.997391
0.619996 61 0.997396
0.619803 61 0.997505
0.619609 61 0.997663
0.619416 61 0.997823
0.619223 61 0.997907
0.619029 61 0.997992
0.618836 61 0.998039
0.618642 61 0.998277
0.618449 61 0.998309
0.618256 61 0.998449
0.618062 61 0.998596
0.617869 61 0.998664
0.617675 61 0.998939
0.617482 61 0.999117
0.617289 61 0.999147
0.617095 61 0.99915
0.616709 61 0.999236
0.616515 61 0.999249
0.616322 61 0.999429
0.616128 61 0.999514
0.615935 61 0.999591
0.615742 61 0.999704
0.615548 61 0.999713
0.615355 61 0.999872
0.615161 61 0.999966
0.614968 61 1.00012
0.614968 60 1.00019
0.614775 60 1.0002
0.614581 60 1.00024
0.614388 60 1.00034
0.614195 60 1.00041
0.614001 60 1.00052
0.613808 60 1.00084
0.613614 60 1.00129
0.613421 60 1.0013
0.613228 60 1.00131
0.613034 60 1.00156
0.612841 60 1.00189
0.612647 60 1.00227
0.612647 59 1.00241
0.612454 59 1.00253
0.612261 59 1.00257
0.612067 59 1.00266
0.611681 59 1.00269
0.611487 59 1.00283
0.611294 59 1.00288
0.6111 59 1.00302
0.610907 59 1.00314
0.610714 59 1.0035
0.61052 59 1.0036
0.610327 59 1.00372
0.610133 59 1.00388
0.60994 59 1.00401
0.609747 59 1.0041
0.609553 59 1.00422
0.60936 59 1.00433
0.609167 59 1.00434
0.608973 59 1.00447
0.60878 59 1.00457
0.608586 59 1.00459
0.608393 59 1.00465
0.6082 59 1.00468
0.608006 59 1.00494
0.607813 59 1.005
0.607619 59 1.00504
0.607426 59 1.00506
0.607233 59 1.00507
0.607039 59 1.00521
0.606846 59 1.00523
0.606459 59 1.0054
0.606266 59 1.0056
0.606072 59 1.00565
0.605879 59 1.00577
0.605492 59 1.00618
0.605299 59 1.00625
0.605105 59 1.00629
0.604912 59 1.00641
0.604719 59 1.00646
0.604525 59 1.00652
0.604138 59 1.00668
0.603945 59 1.00689
0.603752 59 1.00691
0.603558 59 1.00694
0.603365 59 1.00704
0.603365 58 1.00727
0.603172 58 1.00736
0.602978 58 1.00743
0.602785 58 1.00749
0.602591 58 1.00759
0.602398 58 1.00763
0.602205 58 1.00811
0.602011 58 1.00815
0.601818 58 1.00833
0.601624 58 1.00835
0.601431 58 1.00844
0.601238 58 1.00845
0.601044 58 1.00849
0.600851 58 1.0085
0.600464 58 1.00852
0.600271 58 1.00862
0.600077 58 1.00872
0.599884 58 1.00878
0.599691 58 1.0088
0.599497 58 1.00891
0.599304 58 1.0091
0.59911 58 1.00915
0.598917 58 1.00925
0.598724 58 1.00936
0.59853 58 1.00938
0.598337 58 1.00942
0.598143 58 1.00959
0.59795 58 1.00962
0.597757 58 1.00967
0.597563 58 1.00978
0.59737 58 1.00987
0.597177 58 1.00992
0.596983 58 1.00998
0.59679 58 1.01011
0.596596 58 1.01014
0.596403 58 1.01015
0.59621 58 1.0103
0.596016 58 1.01033
0.595823 58 1.01037
0.595629 58 1.01042
0.595243 58 1.01044
0.595049 58 1.01048
0.594856 58 1.0105
0.594663 58 1.01054
0.594469 58 1.01065
0.594276 58 1.0107
0.594082 58 1.01104
0.593889 58 1.01143
0.593696 58 1.01146
0.593502 58 1.01151
0.593309 58 1.01159
0.593115 58 1.0117
0.592922 58 1.01179
0.592729 58 1.01182
0.592535 58 1.01192
0.592342 58 1.01195
0.592149 58 1.01201
0.591955 58 1.01204
0.591762 58 1.01218
0.591568 58 1.01231
0.591375 58 1.0124
0.591182 58 1.01254
0.590988 58 1.01262
0.590795 58 1.01263
0.590601 58 1.01268
0.590408 58 1.0127
0.590215 58 1.01297
0.590021 58 1.01301
0.589828 58 1.01318
0.589635 58 1.01333
0.589248 58 1.0134
0.589054 58 1.01349
0.588861 58 1.0135
0.588668 58 1.01358
0.588474 58 1.01359
0.588281 58 1.01366
0.588087 58 1.01379
0.587894 58 1.01383
0.587701 58 1.01387
0.587507 58 1.0141
0.587314 58 1.01427
0.58712 58 1.01436
0.586927 58 1.01454
0.586734 58 1.01467
0.586734 57 1.0147
0.58654 57 1.01475
0.586347 57 1.0148
0.586154 57 1.01484
0.58596 57 1.01487
0.585767 57 1.01495
0.58538 57 1.01502
0.585187 57 1.01521
0.584993 57 1.01522
0.5848 57 1.0153
0.584606 57 1.01531
0.584413 57 1.0154
0.58422 57 1.01546
0.584026 57 1.01555
0.583833 57 1.01567
0.58364 57 1.01586
0.583253 57 1.01606
0.583059 57 1.01608
0.582866 57 1.0161
0.582673 57 1.01622
0.582479 57 1.01625
0.582286 57 1.01637
0.582092 57 1.0166
0.581899 57 1.01662
0.581706 57 1.0167
0.581512 57 1.01671
0.581319 57 1.01676
0.581126 57 1.01677
0.580932 57 1.01678
0.580739 57 1.01681
0.580352 57 1.01682
0.579965 57 1.01684
0.579772 57 1.01689
0.579578 57 1.0169
0.579385 57 1.01691
0.579192 57 1.01692
0.578998 57 1.01701
0.578805 57 1.01704
0.578611 57 1.01707
0.578418 57 1.0172
0.577838 57 1.01723
0.577645 57 1.01724
0.577258 57 1.01726
0.577064 57 1.01749
0.576871 57 1.01752
0.576678 57 1.01756
0.576484 57 1.01762
0.576291 57 1.0177
0.576097 57 1.01782
0.575904 57 1.018
0.575711 57 1.01813
0.575517 57 1.01827
0.575324 57 1.0183
0.575131 57 1.01833
0.574937 57 1.01835
0.57455 57 1.01838
0.574357 57 1.01843
0.57397 57 1.01846
0.573777 57 1.01855
0.573583 57 1.01862
0.57339 57 1.01867
0.573197 57 1.0187
0.573003 57 1.01893
0.57281 57 1.01894
0.572617 57 1.01905
0.572423 57 1.01911
0.57223 57 1.01915
0.572036 57 1.01939
0.571843 57 1.01945
0.57165 57 1.01947
0.571456 57 1.01948
0.571263 57 1.0195
0.571069 57 1.01952
0.570876 57 1.01958
0.570683 57 1.01964
0.570489 57 1.01967
0.570296 57 1.01977
0.570102 57 1.01981
0.569909 57 1.01985
0.569716 57 1.01991
0.569522 57 1.01994
0.569329 57 1.02002
0.568942 57 1.02006
0.568749 57 1.02011
0.568555 57 1.02022
0.568362 57 1.02025
0.568169 57 1.02026
0.567975 57 1.0204
0.567588 57 1.02053
0.567395 57 1.02063
0.567202 57 1.02066
0.567008 57 1.02068
0.567008 56 1.02098
0.566815 56 1.02104
0.566622 56 1.02109
0.566428 56 1.0211
0.566235 56 1.02119
0.566041 56 1.02138
0.565848 56 1.02142
0.565848 55 1.02149
0.565655 55 1.02155
0.565461 55 1.02164
0.565268 55 1.02168
0.565074 55 1.0217
0.564688 55 1.02173
0.564301 55 1.02187
0.564108 55 1.02188
0.563914 55 1.0219
0.563721 55 1.02201
0.563527 55 1.02204
0.563334 55 1.0222
0.563141 55 1.02221
0.562947 55 1.02236
0.562754 55 1.02238
0.56256 55 1.02239
0.562367 55 1.02243
0.562174 55 1.02246
0.56198 55 1.02266
0.561594 55 1.02269
0.5614 55 1.02272
0.561207 55 1.0228
0.561013 55 1.02285
0.56082 55 1.02298
0.56082 54 1.02307
0.560627 54 1.02308
0.560433 54 1.02311
0.56024 54 1.02314
0.560046 54 1.02315
0.559853 54 1.02316
0.55966 54 1.02317
0.559466 54 1.02322
0.559273 54 1.02324
0.559079 54 1.02332
0.558886 54 1.02336
0.558693 54 1.02354
0.558499 54 1.02357
0.558306 54 1.02378
0.558113 54 1.02379
0.557919 54 1.02386
0.557726 54 1.02388
0.557532 54 1.02396
0.557339 54 1.02398
0.557146 54 1.02399
0.556952 54 1.02412
0.556759 54 1.02413
0.556565 54 1.02429
0.556372 54 1.02432
0.556179 54 1.02447
0.555792 54 1.02452
0.555405 54 1.02454
0.555212 54 1.02456
0.555018 54 1.02458
0.554825 54 1.0246
0.554632 54 1.02468
0.554438 54 1.0247
0.554245 54 1.02475
0.554051 54 1.02479
0.553858 54 1.02481
0.553665 54 1.02485
0.553471 54 1.02487
0.553278 54 1.02491
0.553085 54 1.02497
0.552698 54 1.02498
0.552311 54 1.02499
0.552118 54 1.02505
0.551924 54 1.02506
0.551731 54 1.0251
0.551537 54 1.02516
0.551344 54 1.02519
0.551151 54 1.02529
0.550957 54 1.0253
0.550764 54 1.02536
0.55057 54 1.02544
0.550377 54 1.02545
0.550184 54 1.02553
0.54999 54 1.02554
0.549797 54 1.02562
0.54941 54 1.02574
0.549217 54 1.02581
0.549023 54 1.02598
0.54883 54 1.026
0.548443 54 1.02604
0.54825 54 1.02606
0.548056 53 1.02607
0.547863 53 1.02608
0.54767 53 1.0261
0.547476 53 1.02612
0.547283 53 1.02623
0.54709 53 1.02624
0.546703 53 1.02646
0.546123 53 1.02651
0.545929 53 1.02652
0.545736 53 1.02659
0.545542 53 1.02661
0.545349 53 1.02665
0.545156 53 1.02672
0.544962 53 1.02675
0.544769 53 1.02676
0.544576 53 1.0269
0.544382 53 1.02694
0.544189 53 1.02703
0.543995 53 1.02707
0.543802 53 1.02712
0.543609 53 1.02719
0.543609 52 1.02722
0.543415 52 1.02724
0.543222 52 1.02726
0.543028 52 1.02729
0.542835 52 1.02737
0.542642 52 1.02738
0.542448 52 1.02747
0.542255 52 1.02748
0.542061 52 1.02752
0.541868 52 1.02761
0.541675 52 1.02765
0.541481 52 1.02766
0.541288 52 1.02783
0.541095 52 1.02786
0.540901 52 1.02787
0.540708 52 1.02788
0.540514 52 1.02789
0.540321 52 1.0279
0.540128 52 1.02791
0.539934 52 1.02793
0.539741 52 1.02797
0.539547 52 1.02799
0.539354 52 1.0281
0.539161 52 1.02811
0.538581 52 1.0282
0.538387 52 1.02821
0.538387 51 1.02824
0.538194 51 1.02828
0.538 51 1.02833
0.537807 51 1.02836
0.537614 51 1.02838
0.53742 51 1.02842
0.537227 51 1.02843
0.53684 51 1.02857
0.536647 51 1.02858
0.536453 51 1.02863
0.53626 51 1.02867
0.535873 51 1.02874
0.535873 50 1.02882
0.53568 50 1.02884
0.535486 50 1.02886
0.535293 50 1.02895
0.5351 50 1.029
0.534906 50 1.02901
0.534713 50 1.02903
0.534519 50 1.02907
0.534326 50 1.02911
0.534133 50 1.02913
0.533939 50 1.02914
0.533746 50 1.02915
0.533553 50 1.02916
0.533359 50 1.02934
0.533166 50 1.02935
0.532972 50 1.02936
0.532779 50 1.02937
0.532586 50 1.02941
0.532392 50 1.02944
0.532005 50 1.02945
0.531812 50 1.02947
0.531619 50 1.02953
0.531425 50 1.02954
0.531038 50 1.02956
0.530845 50 1.02957
0.530652 50 1.0296
0.530458 50 1.02961
0.530265 50 1.02962
0.530072 50 1.02963
0.529878 50 1.02971
0.529685 50 1.02975
0.529491 50 1.02978
0.529298 50 1.02982
0.529105 50 1.02984
0.528911 50 1.02988
0.528718 50 1.02992
0.528524 50 1.02993
0.528138 50 1.02996
0.527944 50 1.03
0.527751 50 1.03001
0.527558 50 1.03002
0.527364 50 1.03003
0.527171 50 1.03005
0.526977 50 1.03013
0.526591 50 1.0302
0.526397 50 1.03022
0.526204 50 1.03024
0.52601 50 1.03028
0.525817 50 1.03029
0.525624 50 1.03036
0.52543 50 1.03046
0.525237 50 1.03047
0.525044 50 1.03048
0.52485 50 1.0305
0.524657 50 1.03051
0.524463 50 1.03054
0.52427 50 1.03055
0.524077 50 1.03061
0.523883 50 1.03062
0.52369 50 1.03064
0.523496 50 1.0307
0.523303 50 1.03072
0.52311 50 1.03075
0.522723 50 1.03081
0.522529 50 1.03084
0.522336 50 1.03092
0.522143 50 1.03093
0.521949 50 1.03096
0.521756 50 1.03098
0.521369 50 1.03101
0.521176 50 1.03105
0.520982 50 1.03107
0.520789 50 1.0311
0.520402 50 1.03112
0.520015 50 1.03113
0.519822 50 1.03115
0.519629 50 1.03117
0.519435 50 1.03118
0.519242 50 1.03119
0.519049 50 1.0312
0.518855 50 1.03121
0.518662 50 1.03124
0.518468 50 1.03133
0.518275 50 1.03136
0.518082 50 1.03138
0.517888 50 1.03141
0.517695 50 1.03149
0.517501 50 1.03151
0.517308 50 1.03152
0.517115 50 1.03156
0.516921 50 1.03159
0.516728 50 1.03171
0.516535 50 1.03173
0.516341 50 1.03186
0.516148 50 1.03188
0.515954 50 1.03195
0.515568 50 1.03197
0.515374 50 1.03208
0.515181 50 1.03211
0.514987 50 1.03224
0.514794 50 1.0323
0.514601 50 1.03232
0.514407 49 1.03233
0.514214 49 1.03234
0.51402 49 1.03236
0.513827 49 1.03238
0.513634 49 1.03239
0.513247 49 1.03242
0.513054 49 1.03245
0.51286 49 1.03247
0.512667 49 1.03256
0.512473 48 1.03258
0.51228 48 1.03262
0.512087 48 1.03264
0.511893 48 1.03266
0.5117 48 1.0327
0.511506 48 1.03271
0.511313 48 1.03272
0.51112 48 1.03274
0.510926 48 1.03276
0.510733 48 1.03277
0.51054 48 1.03281
0.510346 48 1.03282
0.509959 48 1.03284
0.509766 48 1.03289
0.509573 48 1.0329
0.509379 48 1.03292
0.509186 48 1.03298
0.508992 48 1.03307
0.508799 48 1.03308
0.508606 48 1.03309
0.508412 48 1.0331
0.508219 48 1.03311
0.508026 48 1.03312
0.507639 48 1.03314
0.507445 48 1.03316
0.507252 48 1.03325
0.507059 48 1.03333
0.506865 48 1.03335
0.506672 48 1.03336
0.506478 48 1.03337
0.506285 48 1.03352
0.505898 48 1.03357
0.505512 48 1.03361
0.505512 47 1.03362
0.505318 47 1.03366
0.505125 47 1.03368
0.504931 47 1.03369
0.504738 47 1.03377
0.504545 47 1.03379
0.504351 47 1.0338
0.504158 47 1.03381
0.503964 47 1.03382
0.503771 47 1.03387
0.503578 47 1.03389
0.503384 47 1.0339
0.502997 47 1.03401
0.502611 47 1.03412
0.502417 47 1.03415
0.502031 47 1.0342
0.501837 47 1.03421
0.501644 47 1.0343
0.50145 47 1.03434
0.501257 47 1.03437
0.501064 47 1.03442
0.50087 47 1.0345
0.500677 47 1.03451
0.500483 47 1.03455
0.50029 47 1.03456
0.500097 47 1.03458
0.499903 47 1.0346
0.49971 47 1.03466
0.499517 47 1.03468
0.499323 47 1.03469
0.49913 47 1.03475
0.498743 47 1.03476
0.498356 47 1.03477
0.498163 47 1.03478
0.497969 47 1.03483
0.497776 47 1.03489
0.497583 47 1.03495
0.497389 47 1.03499
0.497196 47 1.035
0.497003 47 1.03501
0.496809 47 1.03503
0.496616 47 1.03507
0.496422 47 1.03508
0.496229 47 1.03509
0.495842 47 1.03511
0.495649 47 1.03513
0.495455 47 1.03514
0.495262 47 1.03515
0.494875 47 1.03518
0.494682 47 1.03526
0.494488 47 1.03533
0.494295 47 1.03537
0.494102 47 1.03538
0.493908 47 1.0354
0.493715 47 1.03544
0.493522 47 1.03549
0.493328 47 1.03555
0.493135 47 1.03556
0.492555 47 1.03558
0.492361 47 1.0356
0.492168 47 1.03566
0.491974 47 1.03567
0.491781 47 1.03568
0.491588 47 1.03572
0.491394 47 1.03573
0.491201 47 1.03574
0.491008 47 1.03575
0.490814 47 1.03576
0.490621 47 1.03577
0.490427 47 1.03584
0.490234 47 1.03588
0.490041 47 1.03593
0.489847 47 1.03598
0.489267 47 1.036
0.489074 47 1.03604
0.48888 47 1.03609
0.488687 47 1.0362
0.488494 47 1.03622
0.4883 47 1.03623
0.488107 47 1.03624
0.487913 47 1.03626
0.48772 47 1.03635
0.487527 47 1.03638
0.48714 47 1.0364
0.486946 47 1.03642
0.486753 47 1.03647
0.48656 47 1.03655
0.486366 47 1.03656
0.486173 47 1.03658
0.48598 47 1.03663
0.485786 47 1.03668
0.485399 47 1.03671
0.485206 47 1.03678
0.484819 47 1.03679
0.484626 47 1.03681
0.484432 47 1.03682
0.484239 47 1.03685
0.484046 47 1.03689
0.483852 47 1.03693
0.483659 47 1.03694
0.483465 47 1.03696
0.483272 47 1.037
0.483079 47 1.03704
0.482885 47 1.03708
0.482692 47 1.0371
0.482499 47 1.03711
0.482112 47 1.03712
0.481918 47 1.03713
0.481725 47 1.03714
0.481532 47 1.0372
0.481338 47 1.03725
0.481145 47 1.03732
0.480758 47 1.03735
0.480565 47 1.03737
0.480371 47 1.03739
0.479985 47 1.03742
0.479791 47 1.03743
0.479018 47 1.03751
0.478824 47 1.03754
0.478631 47 1.03755
0.478437 47 1.03756
0.478051 47 1.03761
0.477664 47 1.03767
0.477471 47 1.03769
0.477277 47 1.03773
0.477084 47 1.03778
0.47689 47 1.0378
0.476697 47 1.03783
0.476504 47 1.03789
0.47631 47 1.03792
0.476117 47 1.03794
0.475923 47 1.03804
0.475537 47 1.03805
0.475343 47 1.03809
0.47515 47 1.0381
0.474956 47 1.03815
0.47457 47 1.03816
0.474376 47 1.03817
0.474183 47 1.03818
0.47399 47 1.03819
0.473603 47 1.03821
0.473409 47 1.03825
0.473216 47 1.03831
0.472829 47 1.03848
0.472636 47 1.0385
0.472442 47 1.03852
0.472249 47 1.03854
0.472056 47 1.03855
0.471862 47 1.03858
0.471862 46 1.03859
0.471862 45 1.0386
0.471476 45 1.03864
0.471089 45 1.03866
0.470895 45 1.03873
0.470509 45 1.03874
0.470315 45 1.03876
0.470122 45 1.03877
0.469928 45 1.03879
0.469542 45 1.03882
0.469155 45 1.03883
0.468962 45 1.03884
0.468768 45 1.03886
0.468575 45 1.03887
0.468381 45 1.03888
0.468188 45 1.03889
0.467995 45 1.03894
0.467608 45 1.03898
0.467414 45 1.03899
0.467221 45 1.03902
0.467028 45 1.03903
0.466834 45 1.03907
0.466641 45 1.03909
0.466447 45 1.0391
0.466254 45 1.03912
0.465867 45 1.03916
0.465674 45 1.03921
0.465287 45 1.03927
0.465094 45 1.03929
0.4649 45 1.03931
0.464707 45 1.03934
0.464514 45 1.03936
0.46432 45 1.03937
0.464127 45 1.03941
0.463933 45 1.03943
0.46374 45 1.03944
0.463547 45 1.03947
0.46316 45 1.0395
0.462967 45 1.03951
0.46258 45 1.03958
0.462386 45 1.03959
0.462193 45 1.0396
0.462 45 1.03962
0.461806 45 1.03964
0.461613 45 1.03969
0.461419 45 1.03972
0.461226 45 1.03974
0.461033 45 1.03975
0.460839 45 1.03976
0.460646 45 1.03979
0.460259 45 1.0398
0.460066 45 1.03986
0.459872 45 1.03987
0.459679 45 1.03989
0.459486 45 1.0399
0.459292 45 1.03992
0.459099 45 1.03994
0.458905 45 1.03997
0.458712 45 1.04004
0.458325 45 1.04005
0.458132 45 1.04006
0.457939 45 1.04013
0.457552 45 1.04016
0.457358 45 1.04018
0.457165 45 1.04019
0.456972 45 1.0402
0.456778 45 1.04021
0.456585 45 1.04022
0.456198 45 1.04025
0.456005 45 1.04026
0.455618 45 1.04029
0.455424 45 1.04033
0.455038 45 1.04035
0.454071 45 1.04036
0.453877 45 1.04039
0.453684 45 1.04046
0.453491 45 1.04049
0.453104 45 1.04062
0.45291 45 1.04063
0.452717 45 1.04064
0.452717 44 1.04066
0.452524 44 1.04067
0.45233 44 1.04069
0.451944 44 1.0407
0.45175 44 1.04073
0.451363 44 1.04074
0.45117 44 1.04075
0.450977 44 1.04079
0.450783 44 1.0408
0.450203 44 1.04083
0.449816 44 1.04084
0.44943 44 1.04086
0.449236 44 1.04087
0.449043 44 1.04088
0.448656 44 1.04089
0.448463 44 1.0409
0.448269 44 1.04093
0.448076 44 1.04095
0.447882 44 1.04098
0.447689 44 1.04106
0.447496 44 1.04108
0.447302 44 1.04109
0.447109 44 1.04116
0.446915 44 1.04118
0.446722 44 1.04123
0.446529 44 1.04126
0.446335 44 1.0413
0.446142 44 1.04142
0.445949 44 1.04145
0.445755 44 1.04151
0.445562 44 1.04154
0.445368 44 1.04155
0.445175 44 1.0416
0.445175 43 1.04163
0.444982 43 1.04167
0.444788 43 1.0417
0.444595 43 1.04173
0.444401 43 1.04177
0.444208 43 1.04179
0.444015 43 1.04181
0.443821 43 1.04183
0.443628 43 1.04185
0.443435 43 1.04191
0.443241 43 1.04193
0.443048 43 1.04195
0.442661 43 1.04196
0.442468 43 1.04201
0.442274 43 1.04202
0.442081 43 1.04205
0.441887 43 1.04208
0.441694 43 1.0421
0.441307 43 1.04213
0.441114 43 1.04216
0.440921 43 1.0422
0.440727 43 1.04221
0.44034 43 1.04226
0.440147 43 1.04228
0.439954 43 1.04231
0.43976 43 1.04234
0.439567 43 1.04237
0.439373 43 1.04242
0.438987 43 1.04243
0.438793 43 1.04245
0.438793 42 1.04247
0.4386 42 1.0425
0.438406 42 1.04255
0.43802 42 1.04262
0.43802 41 1.04268
0.437826 41 1.04269
0.43744 41 1.04272
0.437246 41 1.04274
0.437053 41 1.04275
0.436859 41 1.04278
0.436666 41 1.0428
0.436279 41 1.04281
0.436086 41 1.04287
0.435699 41 1.04289
0.435119 41 1.04292
0.434926 41 1.04294
0.434732 41 1.04295
0.434345 41 1.043
0.434152 41 1.04303
0.433959 41 1.04305
0.433572 41 1.04306
0.433378 41 1.04309
0.433185 41 1.04312
0.432992 41 1.04314
0.432798 41 1.04317
0.432605 41 1.04318
0.432218 41 1.04319
0.432025 41 1.04322
0.431831 41 1.04323
0.431638 41 1.04325
0.431445 41 1.04326
0.431058 41 1.0433
0.430671 41 1.04331
0.430478 41 1.04332
0.430284 41 1.04333
0.430091 41 1.04334
0.429898 41 1.04336
0.429704 41 1.04338
0.429317 41 1.04342
0.429124 41 1.04344
0.428931 41 1.04345
0.428931 40 1.04346
0.428737 40 1.04351
0.42835 40 1.04361
0.428157 40 1.04363
0.427964 40 1.04364
0.42777 40 1.04367
0.427577 40 1.04369
0.427383 40 1.04371
0.42719 40 1.04373
0.426803 40 1.04375
0.42661 40 1.04376
0.426223 40 1.04377
0.425643 40 1.04378
0.42545 40 1.04379
0.425063 40 1.04383
0.424869 40 1.04384
0.424676 40 1.04388
0.424483 40 1.04389
0.424289 40 1.0439
0.424096 40 1.04394
0.423903 40 1.04396
0.423709 40 1.04398
0.423516 40 1.044
0.423322 40 1.04402
0.423129 40 1.04403
0.422936 40 1.04408
0.422742 40 1.04413
0.422549 40 1.04414
0.422162 40 1.04415
0.421775 40 1.04416
0.421582 40 1.04421
0.421389 40 1.04423
0.421195 40 1.04424
0.420808 40 1.04426
0.420422 40 1.04428
0.420228 40 1.04429
0.419841 40 1.04431
0.419455 40 1.04436
0.419261 40 1.04439
0.419068 40 1.04442
0.418874 40 1.04444
0.418681 40 1.04446
0.418488 40 1.04451
0.418294 40 1.04455
0.417908 40 1.04456
0.417714 40 1.04458
0.417521 40 1.0446
0.416747 40 1.04464
0.416554 40 1.04465
0.41636 40 1.04466
0.416167 40 1.04468
0.41578 40 1.0447
0.415394 40 1.04473
0.4152 40 1.04474
0.415007 40 1.04476
0.41462 40 1.04478
0.414427 40 1.0448
0.414233 40 1.04482
0.41404 40 1.04483
0.413846 40 1.04489
0.413653 40 1.0449
0.41346 40 1.04491
0.413266 40 1.04492
0.413073 40 1.04499
0.41288 40 1.04501
0.412686 40 1.04502
0.412493 40 1.04503
0.412299 40 1.0451
0.412106 40 1.04512
0.411913 40 1.04515
0.411719 40 1.04516
0.411526 40 1.04517
0.411332 40 1.04519
0.411139 40 1.04522
0.410946 40 1.04529
0.410946 39 1.0453
0.410752 39 1.04541
0.410365 39 1.04544
0.410172 39 1.04545
0.409785 39 1.04546
0.409592 39 1.04547
0.409399 39 1.0455
0.409205 39 1.04552
0.409012 39 1.04554
0.408818 39 1.04556
0.408625 39 1.04557
0.408432 39 1.04558
0.408238 39 1.04559
0.407658 39 1.0456
0.407465 39 1.04562
0.407271 39 1.04563
0.407078 39 1.04566
0.406885 39 1.0457
0.406691 39 1.04572
0.406498 39 1.04573
0.406304 39 1.04574
0.406111 39 1.04575
0.405918 39 1.04577
0.405724 39 1.0458
0.405144 39 1.04582
0.404757 39 1.04589
0.404564 39 1.0459
0.404371 39 1.04591
0.404177 39 1.04594
0.404177 38 1.04595
0.40379 38 1.04596
0.403597 38 1.04597
0.403404 38 1.046
0.40321 38 1.04605
0.403017 38 1.04606
0.40263 38 1.04612
0.402437 38 1.04613
0.402243 38 1.04616
0.40205 38 1.04617
0.401663 38 1.04623
0.40147 38 1.04625
0.401276 38 1.04626
0.401083 38 1.04627
0.40089 38 1.04629
0.400696 38 1.04631
0.400309 38 1.04632
0.399923 38 1.04634
0.399536 38 1.04635
0.399342 38 1.04637
0.399149 38 1.04638
0.398956 38 1.04639
0.398762 38 1.0464
0.398569 38 1.04643
0.398182 38 1.04648
0.397989 38 1.04649
0.397795 38 1.0465
0.397409 38 1.04654
0.397409 37 1.04655
0.397022 37 1.04656
0.396828 37 1.04657
0.396635 37 1.04659
0.396442 37 1.0466
0.396248 37 1.04665
0.396055 37 1.04667
0.395862 37 1.04668
0.395475 37 1.04669
0.395281 37 1.0467
0.395088 37 1.04672
0.394895 37 1.04676
0.394701 37 1.04679
0.394508 37 1.04681
0.394314 37 1.04682
0.394121 37 1.04687
0.393928 37 1.04688
0.393734 37 1.04689
0.393541 37 1.0469
0.393348 37 1.04691
0.393154 37 1.04692
0.392961 37 1.04696
0.392381 37 1.04698
0.392187 37 1.04705
0.391994 37 1.04706
0.391414 37 1.04708
0.39122 37 1.0471
0.391027 37 1.04714
0.390833 37 1.04718
0.39064 37 1.04719
0.390447 37 1.04721
0.390253 37 1.04727
0.39006 37 1.04729
0.389867 37 1.04732
0.389673 37 1.04733
0.38948 37 1.04735
0.389286 37 1.04736
0.389093 37 1.04737
0.389093 36 1.04738
0.3889 36 1.0474
0.388706 36 1.04741
0.388513 36 1.04742
0.388126 36 1.04743
0.387933 36 1.04745
0.387546 36 1.04746
0.387353 36 1.0475
0.387159 36 1.04752
0.386966 36 1.04756
0.386772 36 1.04762
0.386579 36 1.04765
0.386386 36 1.04767
0.386192 36 1.04769
0.385999 36 1.04771
0.385612 35 1.04772
0.385419 35 1.04776
0.384839 35 1.04777
0.384645 35 1.04778
0.384452 35 1.04779
0.384258 35 1.04781
0.384065 35 1.04786
0.383872 35 1.0479
0.383678 35 1.04791
0.383291 35 1.04793
0.383098 35 1.04797
0.382711 35 1.04798
0.382518 35 1.04801
0.382131 35 1.04803
0.381938 35 1.04804
0.381744 35 1.04805
0.381551 35 1.04808
0.381358 35 1.04809
0.381164 35 1.0481
0.380971 35 1.04814
0.380777 35 1.04821
0.380391 35 1.04825
0.380197 35 1.04829
0.37981 35 1.04833
0.379424 35 1.04834
0.37923 35 1.04836
0.37923 34 1.04838
0.379037 34 1.04842
0.37865 33 1.04843
0.378457 33 1.04849
0.378263 33 1.0485
0.37807 33 1.04852
0.377877 32 1.04854
0.377683 32 1.04855
0.37749 32 1.04856
0.377103 32 1.04858
0.37691 32 1.04859
0.376716 32 1.0486
0.376136 32 1.04867
0.375943 32 1.04869
0.375556 32 1.0487
0.375363 32 1.04877
0.375169 32 1.04879
0.374976 32 1.04881
0.374782 32 1.04882
0.374589 32 1.04883
0.374396 32 1.04884
0.374202 32 1.04888
0.373622 32 1.04889
0.373429 32 1.04893
0.373235 32 1.04894
0.372849 32 1.04895
0.372655 32 1.04897
0.372462 32 1.04898
0.372268 32 1.04901
0.372075 32 1.04902
0.371688 32 1.04904
0.371495 32 1.04908
0.371301 32 1.04909
0.371108 32 1.0491
0.370915 32 1.04911
0.370721 32 1.04912
0.370528 32 1.04916
0.370335 32 1.04917
0.370141 32 1.0492
0.369948 32 1.04923
0.369561 32 1.04925
0.369174 32 1.04929
0.368787 32 1.04932
0.368594 32 1.04934
0.368401 32 1.04936
0.368207 32 1.04937
0.368014 32 1.04938
0.367627 32 1.04941
0.367434 32 1.04945
0.36724 32 1.04946
0.367047 32 1.04947
0.366854 32 1.04953
0.36666 32 1.04954
0.366467 32 1.04955
0.36608 32 1.04956
0.365887 32 1.04957
0.365693 32 1.04959
0.365307 32 1.0496
0.365113 32 1.04966
0.364533 32 1.04971
0.36434 32 1.04972
0.364146 32 1.04975
0.363953 32 1.04981
0.363759 32 1.04982
0.363373 32 1.04984
0.363373 31 1.04988
0.362986 31 1.0499
0.362792 31 1.04991
0.362599 31 1.04995
0.362212 31 1.04998
0.362019 31 1.04999
0.361826 31 1.05
0.361245 31 1.05001
0.361052 31 1.05005
0.360859 31 1.05007
0.360665 31 1.05009
0.360085 31 1.05011
0.359892 31 1.05013
0.359312 31 1.05016
0.359118 31 1.0502
0.358925 31 1.05025
0.358538 31 1.0503
0.358151 31 1.05031
0.357958 31 1.05034
0.357764 31 1.05035
0.357571 31 1.05043
0.357378 31 1.05045
0.357184 31 1.05046
0.356991 31 1.05055
0.356798 31 1.05057
0.356604 31 1.05058
0.356411 31 1.05059
0.356217 31 1.05065
0.356024 31 1.05066
0.355831 31 1.05067
0.355444 31 1.05068
0.35525 31 1.05069
0.355057 31 1.05072
0.354864 31 1.05073
0.354477 31 1.05076
0.354284 31 1.05084
0.353897 31 1.05085
0.35351 31 1.05088
0.353317 31 1.0509
0.353123 31 1.05092
0.35235 31 1.05095
0.352156 31 1.05096
0.351576 31 1.05097
0.351383 31 1.05099
0.350803 31 1.05101
0.350416 31 1.05105
0.350222 31 1.05106
0.349836 31 1.05107
0.349642 31 1.05111
0.349449 31 1.05113
0.349255 31 1.05114
0.349062 31 1.05123
0.348675 31 1.05124
0.348482 31 1.05132
0.348289 31 1.05134
0.347902 31 1.05135
0.347708 31 1.05137
0.347515 31 1.05145
0.347128 31 1.05151
0.346935 31 1.05154
0.346741 31 1.05156
0.346548 31 1.05157
0.346548 30 1.05158
0.346161 30 1.0516
0.345968 30 1.05162
0.345775 30 1.05164
0.345581 30 1.05166
0.345388 30 1.05167
0.345194 30 1.0517
0.344808 30 1.05172
0.344614 30 1.05174
0.344421 30 1.05175
0.344227 30 1.05176
0.343841 30 1.05177
0.343454 30 1.05178
0.34326 30 1.05182
0.343067 30 1.05183
0.342874 30 1.05185
0.34268 30 1.05191
0.342294 30 1.05193
0.341907 30 1.05195
0.341327 30 1.05196
0.34094 30 1.05197
0.340746 30 1.05199
0.340553 30 1.05201
0.340166 30 1.05207
0.33978 30 1.05213
0.339586 30 1.05214
0.339393 30 1.05216
0.339199 30 1.05223
0.339006 30 1.05227
0.338813 30 1.05228
0.338619 30 1.0523
0.338039 30 1.05232
0.337846 30 1.05233
0.337652 30 1.05235
0.337459 30 1.05236
0.337266 30 1.05238
0.337072 30 1.05239
0.336879 30 1.05242
0.336685 30 1.05243
0.336492 30 1.05245
0.336105 30 1.0525
0.335912 29 1.05251
0.335332 29 1.05252
0.334751 29 1.05255
0.334558 29 1.05258
0.334365 29 1.05259
0.334171 29 1.05262
0.333785 29 1.05264
0.333204 29 1.05266
0.333011 29 1.05267
0.332624 29 1.05268
0.332431 29 1.05272
0.332237 29 1.05276
0.332044 29 1.0528
0.331851 29 1.05281
0.331464 29 1.05282
0.331271 29 1.05286
0.331077 29 1.05287
0.330884 29 1.05289
0.33011 29 1.05294
0.329917 29 1.05295
0.329723 29 1.05297
0.32953 29 1.05298
0.329337 29 1.05301
0.32895 29 1.05302
0.328757 29 1.05303
0.328563 29 1.05311
0.32837 29 1.05314
0.328176 29 1.05322
0.327983 29 1.05326
0.327983 28 1.05327
0.32779 28 1.05331
0.327596 28 1.05334
0.327403 28 1.05335
0.327209 28 1.05346
0.327016 28 1.05347
0.326823 28 1.05349
0.326629 28 1.05352
0.326436 28 1.05353
0.326243 28 1.05354
0.326049 28 1.0536
0.325856 28 1.05361
0.325662 28 1.05362
0.325469 28 1.05363
0.325276 28 1.05364
0.325082 28 1.0537
0.324889 28 1.05378
0.324695 28 1.05381
0.324502 28 1.05382
0.324309 28 1.05383
0.324115 28 1.05385
0.323922 28 1.05386
0.323728 28 1.05387
0.323535 28 1.05391
0.323342 28 1.05392
0.323148 28 1.05393
0.322955 28 1.05395
0.322762 28 1.05398
0.322568 28 1.054
0.322375 28 1.05401
0.322181 28 1.05403
0.321988 28 1.05406
0.321795 28 1.05407
0.321601 28 1.0541
0.321408 28 1.05412
0.321214 28 1.05413
0.321021 28 1.0542
0.320828 28 1.05422
0.320634 28 1.05423
0.320441 28 1.05426
0.320248 28 1.05428
0.320054 28 1.05429
0.319474 28 1.05431
0.319087 28 1.05435
0.3187 28 1.05437
0.31812 28 1.05439
0.317927 28 1.05442
0.317734 28 1.05443
0.31754 28 1.05444
0.317347 28 1.05446
0.317153 28 1.05451
0.31696 28 1.05453
0.316767 28 1.05454
0.316573 28 1.05456
0.31638 28 1.05458
0.3158 28 1.05461
0.315606 28 1.05462
0.315413 28 1.05466
0.315219 28 1.05468
0.315026 28 1.0547
0.314833 28 1.05472
0.314639 28 1.05473
0.314446 28 1.05478
0.314253 28 1.05479
0.314059 28 1.05483
0.313672 28 1.05487
0.313286 28 1.05489
0.313092 28 1.05492
0.313092 27 1.05497
0.312705 27 1.05498
0.312125 27 1.055
0.311932 27 1.05501
0.311739 27 1.05503
0.311352 27 1.05504
0.311158 27 1.05508
0.310965 27 1.05511
0.310772 27 1.05512
0.310578 27 1.05514
0.310385 27 1.05516
0.310191 27 1.05517
0.309998 27 1.05524
0.309805 27 1.05526
0.309611 27 1.05528
0.309418 27 1.05529
0.309225 27 1.05533
0.309031 27 1.05537
0.308644 27 1.05538
0.308258 27 1.05539
0.308064 27 1.0554
0.307484 27 1.05541
0.307291 27 1.05542
0.307097 27 1.05543
0.306711 27 1.05546
0.306517 27 1.05547
0.306324 27 1.0555
0.30613 27 1.05552
0.305937 27 1.05553
0.305744 27 1.05557
0.30555 27 1.05559
0.305357 27 1.05561
0.304777 27 1.05563
0.304583 27 1.05568
0.30439 27 1.05569
0.304196 27 1.0557
0.304003 27 1.05571
0.30381 27 1.05572
0.30323 27 1.05573
0.303036 27 1.05578
0.302843 27 1.05579
0.302649 27 1.05582
0.302263 27 1.05583
0.302069 27 1.05589
0.301682 27 1.05591
0.301489 27 1.05594
0.301102 27 1.05598
0.300909 27 1.05603
0.300522 27 1.05604
0.300329 27 1.05605
0.300135 27 1.05606
0.299749 27 1.05607
0.299555 27 1.05609
0.299362 27 1.0561
0.298782 26 1.05611
0.298588 26 1.05612
0.298395 26 1.05616
0.298202 26 1.05619
0.298008 26 1.0562
0.297815 26 1.05625
0.297621 26 1.05626
0.297428 26 1.05627
0.297235 26 1.05631
0.297041 26 1.05632
0.296848 26 1.05639
0.296461 26 1.05642
0.296268 26 1.05645
0.296074 26 1.05646
0.295881 26 1.05649
0.295687 26 1.0565
0.295494 26 1.05651
0.295301 26 1.05652
0.295107 26 1.05655
0.294914 26 1.05659
0.294721 26 1.05661
0.294527 26 1.05663
0.294334 26 1.05664
0.29414 26 1.05665
0.293947 26 1.05666
0.293754 26 1.05668
0.29356 26 1.0567
0.293367 26 1.05679
0.293173 26 1.05684
0.29298 26 1.05695
0.292593 26 1.05698
0.292207 26 1.057
0.292013 26 1.05702
0.29182 26 1.05705
0.291433 26 1.05707
0.290853 26 1.05708
0.290079 26 1.0571
0.289886 26 1.05711
0.289693 26 1.05713
0.289499 26 1.05715
0.289306 26 1.05718
0.289112 26 1.0572
0.288919 26 1.05721
0.288532 26 1.05722
0.288145 26 1.05728
0.287952 26 1.05733
0.287565 26 1.05736
0.287372 26 1.05737
0.287178 26 1.0574
0.286985 26 1.05744
0.286792 26 1.05748
0.286598 26 1.05752
0.286405 26 1.05754
0.286212 26 1.05758
0.286018 26 1.05759
0.285825 26 1.05761
0.285631 26 1.05774
0.285051 26 1.05776
0.284858 26 1.05778
0.284471 26 1.05779
0.284278 26 1.0578
0.284084 26 1.05783
0.283891 26 1.05785
0.283698 26 1.05787
0.283504 26 1.05788
0.283117 26 1.0579
0.282924 26 1.05794
0.282731 26 1.05796
0.282537 26 1.05798
0.28215 26 1.058
0.281957 26 1.05802
0.281764 26 1.05803
0.28099 26 1.05806
0.280797 26 1.05807
0.280603 26 1.0581
0.28041 26 1.05811
0.280217 26 1.05814
0.280023 26 1.05817
0.27983 26 1.05819
0.279636 26 1.05821
0.279443 26 1.05822
0.279056 26 1.05823
0.278863 26 1.05826
0.27867 26 1.0583
0.278283 26 1.05832
0.278089 26 1.05834
0.277896 26 1.05835
0.277509 26 1.05837
0.276929 26 1.0584
0.276736 26 1.05841
0.276542 26 1.05844
0.276349 26 1.05845
0.276155 26 1.05846
0.275962 26 1.05847
0.275575 26 1.05848
0.275382 26 1.05852
0.275189 26 1.05854
0.274995 26 1.05855
0.274802 26 1.05856
0.274608 26 1.05858
0.274415 26 1.05864
0.274028 26 1.05866
0.273835 26 1.05867
0.273448 26 1.05868
0.273255 26 1.05869
0.273061 26 1.05871
0.272868 26 1.05873
0.272675 26 1.05875
0.272481 26 1.05878
0.272288 26 1.05879
0.271901 26 1.05883
0.271708 26 1.05886
0.271514 26 1.05887
0.271321 26 1.05888
0.271127 26 1.05889
0.270741 26 1.05895
0.270547 26 1.05896
0.270161 26 1.05897
0.26958 26 1.05905
0.269387 26 1.0591
0.269194 26 1.05916
0.269 26 1.05917
0.268807 26 1.05918
0.268613 26 1.05923
0.268227 26 1.05925
0.268033 26 1.05926
0.267646 26 1.05928
0.26726 26 1.05929
0.267066 26 1.05935
0.266873 26 1.05936
0.26668 26 1.05938
0.266486 26 1.0594
0.266293 26 1.05943
0.266099 26 1.05945
0.265906 26 1.05949
0.265519 26 1.0595
0.265132 26 1.05951
0.264939 26 1.05953
0.264746 26 1.05956
0.264552 26 1.05957
0.264359 26 1.05959
0.264166 26 1.0596
0.263972 26 1.05963
0.263779 26 1.05964
0.263392 26 1.05966
0.263005 26 1.05967
0.262618 26 1.05969
0.262425 26 1.0597
0.262232 26 1.05971
0.262038 26 1.05978
0.261845 26 1.05981
0.261652 26 1.05982
0.261458 26 1.05987
0.261265 26 1.05988
0.261071 26 1.05989
0.260878 26 1.05993
0.260685 26 1.05994
0.260491 26 1.05998
0.260298 26 1.05999
0.260104 26 1.06
0.259911 26 1.06001
0.259718 26 1.06002
0.259524 26 1.06003
0.259137 26 1.06008
0.258944 26 1.06009
0.258557 26 1.0601
0.258364 26 1.06011
0.258171 26 1.06014
0.257977 26 1.06016
0.25759 26 1.06019
0.257397 26 1.0602
0.257204 26 1.06023
0.25701 26 1.06024
0.256817 26 1.06029
0.25643 26 1.0603
0.256237 26 1.06032
0.25585 26 1.06033
0.255657 26 1.06034
0.255463 26 1.06035
0.25527 26 1.06038
0.255076 26 1.06039
0.254883 26 1.06041
0.25469 26 1.06042
0.254496 26 1.06045
0.254109 26 1.06048
0.253916 26 1.0605
0.253723 26 1.06054
0.253529 26 1.06057
0.253336 26 1.06058
0.253143 26 1.06059
0.252949 26 1.06064
0.252756 26 1.06068
0.252369 26 1.0607
0.252176 26 1.06072
0.251982 26 1.06077
0.251595 26 1.06078
0.251402 26 1.06081
0.251209 26 1.06086
0.251015 26 1.06087
0.250822 26 1.06088
0.250435 26 1.06093
0.250242 26 1.06094
0.250048 26 1.06096
0.249662 26 1.06099
0.249468 26 1.06101
0.249081 26 1.06103
0.248888 26 1.06104
0.248695 26 1.06106
0.248501 26 1.0611
0.248114 26 1.06112
0.247921 26 1.06114
0.247728 26 1.06115
0.247341 26 1.06116
0.247148 26 1.0612
0.246761 26 1.06121
0.246567 26 1.06122
0.246374 26 1.06129
0.246181 26 1.0613
0.245987 26 1.06132
0.245794 26 1.06138
0.2456 26 1.06139
0.245407 26 1.06141
0.24502 26 1.06144
0.244827 26 1.06145
0.244634 26 1.0615
0.24386 26 1.06152
0.243667 26 1.06154
0.243473 26 1.06157
0.24328 26 1.06159
0.24328 25 1.0616
0.243086 25 1.06161
0.242893 25 1.06166
0.242506 25 1.06168
0.241926 25 1.06169
0.241733 25 1.06173
0.241539 25 1.06177
0.241346 25 1.06179
0.241153 25 1.06181
0.240959 25 1.06183
0.240572 25 1.06185
0.240186 25 1.06186
0.239992 25 1.06188
0.239799 25 1.06189
0.239605 25 1.06191
0.239412 25 1.062
0.238832 25 1.06201
0.238252 25 1.06204
0.237865 25 1.06207
0.237672 25 1.06208
0.237478 25 1.06213
0.237285 25 1.06214
0.237091 25 1.06216
0.236898 25 1.06219
0.236705 25 1.06221
0.236511 25 1.06222
0.236318 25 1.06224
0.236125 25 1.06225
0.235738 25 1.06226
0.235544 25 1.06228
0.235351 25 1.0623
0.235158 25 1.06232
0.234964 25 1.06233
0.234771 25 1.06235
0.234577 25 1.06238
0.234191 25 1.0624
0.233804 25 1.06241
0.233611 25 1.06246
0.233417 25 1.06247
0.23303 25 1.06253
0.232644 25 1.06256
0.232257 25 1.06259
0.232063 25 1.06261
0.23187 24 1.06264
0.231677 24 1.06265
0.23129 24 1.06267
0.231096 24 1.06269
0.230903 24 1.06271
0.23071 24 1.06272
0.230516 24 1.06273
0.230323 24 1.06275
0.23013 24 1.06281
0.229356 24 1.06282
0.229163 24 1.06285
0.228969 24 1.06287
0.228776 24 1.0629
0.228582 24 1.06291
0.228389 24 1.06295
0.228196 24 1.06296
0.228196 23 1.06298
0.227809 23 1.06303
0.227616 23 1.06308
0.227229 23 1.06309
0.226842 23 1.06314
0.226649 23 1.06315
0.226455 23 1.06317
0.226262 23 1.06318
0.226068 23 1.06319
0.225875 23 1.06322
0.225682 23 1.06323
0.225682 22 1.06326
0.225488 22 1.06329
0.225295 22 1.06331
0.225102 22 1.06332
0.224908 22 1.06334
0.224521 22 1.06336
0.224328 22 1.06337
0.224135 22 1.06338
0.223941 22 1.06339
0.223748 22 1.0634
0.223554 22 1.06342
0.222974 22 1.06343
0.222781 22 1.06344
0.222588 22 1.06345
0.222394 22 1.06346
0.222201 22 1.0635
0.222007 22 1.06351
0.221814 22 1.06352
0.221621 22 1.06353
0.221427 22 1.06359
0.22104 22 1.0636
0.220847 22 1.06361
0.220654 22 1.06362
0.22046 22 1.06364
0.220073 22 1.06369
0.21988 22 1.0637
0.219687 22 1.06371
0.219493 22 1.06372
0.2193 22 1.06374
0.219107 22 1.06376
0.218913 22 1.06378
0.21872 22 1.0638
0.218526 22 1.06381
0.218333 22 1.06382
0.21814 22 1.06383
0.217946 22 1.06385
0.217559 22 1.06387
0.217366 22 1.06391
0.217173 22 1.06393
0.216786 22 1.06394
0.216786 21 1.06395
0.216399 21 1.06396
0.216206 21 1.06397
0.216012 21 1.06398
0.215626 21 1.06399
0.215432 21 1.064
0.215239 21 1.06401
0.215045 21 1.06403
0.214659 21 1.06404
0.214465 21 1.0641
0.214272 21 1.06411
0.214079 21 1.06415
0.213885 21 1.06417
0.213692 21 1.06419
0.213498 21 1.06421
0.213112 21 1.06423
0.212918 21 1.06424
0.212725 21 1.06426
0.212145 21 1.06427
0.211951 21 1.0643
0.211564 21 1.06432
0.211371 21 1.06433
0.210984 21 1.06438
0.210791 21 1.06439
0.210598 21 1.0644
0.210404 21 1.06443
0.210211 21 1.06444
0.210017 21 1.06448
0.209824 21 1.06449
0.209631 21 1.06451
0.209437 21 1.06455
0.209244 21 1.06458
0.20905 21 1.06464
0.208664 21 1.06465
0.20847 21 1.06466
0.208084 21 1.06467
0.20789 21 1.06468
0.207697 21 1.06469
0.207503 21 1.06476
0.20731 21 1.06477
0.207117 21 1.06479
0.206923 21 1.06481
0.20673 21 1.06485
0.206343 21 1.06487
0.20615 21 1.06489
0.205956 21 1.06495
0.205763 21 1.06497
0.205376 21 1.06498
0.205183 21 1.065
0.204989 21 1.06501
0.204409 21 1.06502
0.204216 21 1.06506
0.204022 21 1.06508
0.203636 21 1.06515
0.203442 21 1.06518
0.203249 21 1.06519
0.203056 21 1.06521
0.202669 21 1.06523
0.202475 21 1.06524
0.202282 21 1.06526
0.202089 21 1.06531
0.201702 21 1.06532
0.201508 21 1.06534
0.201315 21 1.06535
0.201122 21 1.06542
0.200735 21 1.06546
0.200348 21 1.06549
0.200155 21 1.0655
0.199575 21 1.06552
0.199188 21 1.06554
0.198994 21 1.06559
0.198414 21 1.0656
0.198027 21 1.06561
0.197834 21 1.06563
0.197447 21 1.06565
0.197061 21 1.06567
0.196867 21 1.06568
0.196674 21 1.06569
0.196287 21 1.06572
0.196094 21 1.06573
0.1959 21 1.06574
0.195707 21 1.06578
0.195513 21 1.0658
0.19532 21 1.06585
0.195127 21 1.0659
0.194933 21 1.06593
0.194547 21 1.06596
0.194353 21 1.06602
0.19416 21 1.06608
0.193966 21 1.06609
0.193773 21 1.06611
0.19358 21 1.06614
0.193386 21 1.06617
0.192999 21 1.06619
0.192806 21 1.06624
0.192613 21 1.06626
0.192226 21 1.06627
0.192032 21 1.06628
0.191839 21 1.06629
0.191646 21 1.0663
0.191452 21 1.06635
0.191259 21 1.06637
0.191066 21 1.06638
0.191066 20 1.06642
0.190679 20 1.06643
0.190485 20 1.06644
0.190292 20 1.06645
0.189905 20 1.06646
0.189712 20 1.06647
0.189518 20 1.06649
0.188938 20 1.0665
0.188745 20 1.06651
0.188552 20 1.06653
0.188358 20 1.06656
0.188165 20 1.06657
0.187971 20 1.06658
0.187778 20 1.06659
0.187585 20 1.0666
0.187391 20 1.06663
0.187198 20 1.06668
0.187004 20 1.06669
0.186231 20 1.06672
0.186038 20 1.06675
0.185844 20 1.06679
0.185457 20 1.06683
0.184684 20 1.06684
0.184297 20 1.06685
0.184104 20 1.06687
0.18391 20 1.06688
0.183523 20 1.06691
0.183137 20 1.06692
0.182943 20 1.06694
0.182557 20 1.06701
0.182363 20 1.06702
0.18217 20 1.06704
0.181976 20 1.06705
0.181783 20 1.06709
0.18159 20 1.06711
0.181203 20 1.06717
0.180816 20 1.06719
0.180623 20 1.0672
0.180236 20 1.06723
0.180043 20 1.06724
0.179849 20 1.06726
0.179656 20 1.06727
0.179269 20 1.06728
0.179076 20 1.0673
0.178882 20 1.06731
0.178689 20 1.06734
0.178495 20 1.06737
0.178302 20 1.06738
0.178109 20 1.0674
0.177915 20 1.06741
0.177529 20 1.06743
0.177335 20 1.06746
0.177142 20 1.06752
0.176755 20 1.06754
0.176562 20 1.06756
0.176368 20 1.06767
0.176175 20 1.06773
0.175981 20 1.06774
0.175788 20 1.06775
0.175595 20 1.06776
0.175401 20 1.06777
0.175208 20 1.06778
0.175015 20 1.0678
0.174821 20 1.06785
0.174628 20 1.06787
0.174434 20 1.06789
0.174241 20 1.0679
0.174048 20 1.06792
0.173854 20 1.06793
0.173661 20 1.06794
0.173467 20 1.06798
0.172887 20 1.06802
0.1725 20 1.06803
0.172114 20 1.06804
0.17192 20 1.06805
0.171727 20 1.06806
0.171534 20 1.06811
0.170953 20 1.06813
0.17076 20 1.06816
0.170567 20 1.06817
0.170373 20 1.06826
0.17018 20 1.06828
0.169986 20 1.06835
0.169793 20 1.06836
0.1696 20 1.06848
0.169406 20 1.0685
0.16902 19 1.06854
0.168826 19 1.06856
0.168439 19 1.06858
0.168439 18 1.06861
0.168053 18 1.06863
0.167859 18 1.06869
0.167666 18 1.0687
0.167472 18 1.06872
0.167279 18 1.06874
0.166892 18 1.06875
0.166699 18 1.06876
0.166506 18 1.06878
0.166312 18 1.0688
0.166119 18 1.06886
0.165732 18 1.06889
0.165539 18 1.06891
0.165345 18 1.06895
0.165152 18 1.06896
0.164958 18 1.06897
0.164572 18 1.069
0.164185 18 1.06903
0.163991 18 1.06904
0.163798 18 1.06905
0.163605 18 1.06907
0.163411 18 1.06908
0.163218 18 1.06914
0.163025 18 1.06915
0.162831 18 1.06918
0.162638 18 1.06919
0.162444 18 1.0692
0.162251 18 1.06921
0.162058 18 1.06927
0.161864 18 1.06928
0.161671 18 1.06929
0.161477 18 1.0693
0.161091 18 1.06931
0.160897 18 1.06935
0.160704 18 1.06938
0.160511 18 1.06939
0.160317 18 1.0694
0.160124 18 1.06941
0.160124 17 1.06946
0.15993 17 1.06947
0.159737 17 1.06949
0.15935 17 1.0695
0.159157 17 1.06953
0.15877 17 1.06956
0.158577 17 1.06957
0.158383 17 1.06958
0.15819 17 1.06963
0.157803 17 1.06964
0.15761 17 1.0697
0.157416 17 1.06972
0.157223 17 1.06975
0.157223 16 1.06976
0.156836 16 1.06977
0.156449 16 1.0698
0.156256 16 1.06981
0.156063 16 1.06982
0.155869 16 1.06983
0.155676 16 1.06984
0.155289 16 1.06985
0.155096 16 1.06987
0.154516 16 1.06989
0.154322 16 1.0699
0.154129 16 1.06994
0.153742 16 1.06996
0.153549 16 1.07
0.153355 16 1.07002
0.153162 16 1.07005
0.152968 16 1.07008
0.152775 16 1.07011
0.152582 16 1.07014
0.152388 16 1.07017
0.152002 16 1.07019
0.151808 16 1.07022
0.151615 16 1.07027
0.151421 16 1.07028
0.151228 16 1.0703
0.150841 16 1.07032
0.150261 16 1.07037
0.150068 16 1.07038
0.149874 16 1.0704
0.149681 16 1.07043
0.149488 16 1.07044
0.149101 16 1.07048
0.148907 16 1.07049
0.148521 16 1.0705
0.148327 16 1.07053
0.148134 16 1.07056
0.147747 16 1.07057
0.14736 16 1.07058
0.146974 16 1.07059
0.14678 16 1.07062
0.1462 16 1.07064
0.146007 16 1.07068
0.145813 16 1.07081
0.14562 16 1.07082
0.145426 16 1.07083
0.145233 16 1.07085
0.14504 16 1.07091
0.144846 16 1.07094
0.144653 16 1.07095
0.144459 16 1.07096
0.144266 16 1.07101
0.144073 16 1.07102
0.143879 16 1.07104
0.143686 16 1.07106
0.143493 16 1.07107
0.143299 16 1.07109
0.143106 16 1.07112
0.142526 16 1.07115
0.142139 16 1.07116
0.141945 16 1.07118
0.141752 16 1.07121
0.141559 16 1.07122
0.141365 16 1.07125
0.141172 16 1.07133
0.140979 16 1.07134
0.140785 16 1.07139
0.140592 16 1.07141
0.140398 16 1.07143
0.140398 15 1.07144
0.140205 15 1.07146
0.139818 15 1.07152
0.139625 15 1.07157
0.139431 15 1.07158
0.139238 15 1.07159
0.138851 15 1.07164
0.138658 15 1.07165
0.138465 15 1.07168
0.138271 15 1.07169
0.138078 15 1.07171
0.137884 15 1.07172
0.137691 15 1.07179
0.137498 15 1.07183
0.137111 15 1.07186
0.136917 15 1.07187
0.136724 15 1.07194
0.136531 15 1.07196
0.136337 15 1.07198
0.136144 15 1.07201
0.13595 15 1.07203
0.135757 15 1.07205
0.135564 15 1.07212
0.13537 15 1.07216
0.135177 15 1.0722
0.134984 15 1.07221
0.13479 15 1.07223
0.134597 15 1.07224
0.134403 15 1.07232
0.13421 15 1.07235
0.134017 15 1.07237
0.13363 15 1.07238
0.133243 15 1.0724
0.13305 15 1.07241
0.132856 15 1.07242
0.132663 15 1.07243
0.13247 15 1.07244
0.132276 15 1.07245
0.132083 15 1.07253
0.131696 15 1.07258
0.131503 15 1.0726
0.131309 15 1.07262
0.131116 15 1.07265
0.130922 15 1.07266
0.130536 15 1.07269
0.130342 15 1.0727
0.130149 15 1.07271
0.129956 15 1.07272
0.129762 15 1.07279
0.129569 15 1.07282
0.129375 15 1.07284
0.129182 15 1.07286
0.128989 15 1.07287
0.128795 15 1.07289
0.128602 15 1.07293
0.128408 15 1.07294
0.128215 15 1.07295
0.128022 15 1.07297
0.127828 15 1.07298
0.127635 15 1.07301
0.127248 15 1.07302
0.127055 15 1.07303
0.126861 15 1.07307
0.126668 15 1.07308
0.126475 15 1.07309
0.126281 15 1.07313
0.126088 15 1.07315
0.125701 15 1.07316
0.125314 15 1.07325
0.124927 15 1.07328
0.124734 15 1.07333
0.124541 15 1.07339
0.124347 15 1.0734
0.123961 15 1.07341
0.123767 15 1.07342
0.123574 14 1.07344
0.12338 14 1.07346
0.123187 14 1.07354
0.122994 14 1.07355
0.1228 14 1.07356
0.122607 14 1.07357
0.122413 14 1.07358
0.12222 14 1.0736
0.122027 14 1.07361
0.121833 14 1.07364
0.12164 14 1.07372
0.121447 14 1.07373
0.121253 14 1.07383
0.12106 14 1.07384
0.120866 14 1.07388
0.120673 14 1.07392
0.12048 14 1.07393
0.120286 13 1.07394
0.120093 13 1.07402
0.119899 13 1.07404
0.119706 13 1.07406
0.119513 13 1.07407
0.119319 13 1.07411
0.119126 13 1.07415
0.118739 13 1.07419
0.118546 13 1.07421
0.118352 13 1.07425
0.118159 13 1.07432
0.117966 13 1.07434
0.117579 13 1.07438
0.117385 13 1.07443
0.117192 13 1.07444
0.116805 13 1.07445
0.116612 13 1.0745
0.116418 13 1.07451
0.116225 13 1.07453
0.116032 12 1.07456
0.115838 12 1.07457
0.115645 12 1.07458
0.115452 12 1.07459
0.115258 12 1.07466
0.115065 12 1.07473
0.114678 12 1.07477
0.114291 12 1.07481
0.114098 12 1.07483
0.113711 12 1.07484
0.113324 12 1.07487
0.113131 12 1.07488
0.112938 12 1.07494
0.112744 12 1.07504
0.112551 12 1.07507
0.112357 12 1.07512
0.112164 12 1.07513
0.111971 12 1.07516
0.111777 12 1.07517
0.11139 12 1.07521
0.111197 12 1.07529
0.11081 12 1.07532
0.110617 12 1.07534
0.110424 12 1.07544
0.11023 12 1.07546
0.110037 12 1.07547
0.109843 12 1.0755
0.10965 12 1.07557
0.109457 12 1.07559
0.109263 12 1.0756
0.108683 12 1.07562
0.10849 12 1.07564
0.108296 12 1.07566
0.108103 12 1.07568
0.107909 12 1.07572
0.107716 12 1.07577
0.107523 12 1.0758
0.107329 12 1.07581
0.107136 12 1.07582
0.106943 12 1.07583
0.106556 12 1.07585
0.106362 12 1.07586
0.106169 12 1.07587
0.105976 12 1.07593
0.105782 12 1.07602
0.105589 12 1.07608
0.105395 12 1.07617
0.105009 12 1.07618
0.104815 12 1.07624
0.104622 12 1.07627
0.104429 12 1.0763
0.104235 12 1.07633
0.104042 12 1.07635
0.103655 12 1.07636
0.103462 12 1.07644
0.103268 12 1.07646
0.103075 12 1.07648
0.102881 12 1.07651
0.102688 12 1.07653
0.102495 12 1.07659
0.102301 12 1.07666
0.102108 12 1.07668
0.101915 12 1.07669
0.101721 12 1.0767
0.101528 12 1.07671
0.101334 12 1.07673
0.100948 12 1.07674
0.100561 12 1.0768
0.100367 12 1.07681
0.0995939 12 1.07692
0.0994005 12 1.07698
0.0992071 12 1.077
0.0990137 12 1.07701
0.098627 12 1.07707
0.0984336 12 1.07708
0.0982402 12 1.07712
0.0980468 12 1.07716
0.0978534 12 1.07718
0.09766 12 1.07723
0.0972733 12 1.0773
0.0970799 12 1.07738
0.0968865 12 1.0774
0.0966931 12 1.07741
0.0963063 12 1.07747
0.0961129 12 1.0775
0.0959196 12 1.07755
0.0957262 12 1.07759
0.0955328 12 1.07762
0.0953394 12 1.07766
0.095146 12 1.0777
0.0949526 12 1.07775
0.0947592 12 1.07782
0.0945658 12 1.07789
0.0943725 12 1.0779
0.0941791 12 1.07791
0.0939857 12 1.07798
0.0935989 12 1.07804
0.0932121 12 1.07805
0.0930188 12 1.07808
0.092632 12 1.07811
0.0924386 12 1.07815
0.0922452 12 1.07828
0.0920518 12 1.07832
0.0918584 12 1.07834
0.0916651 12 1.07839
0.0914717 12 1.07846
0.0912783 12 1.07847
0.0910849 12 1.0785
0.0908915 12 1.07851
0.0906981 12 1.07852
0.0903114 12 1.07859
0.090118 12 1.07862
0.0899246 12 1.07868
0.0897312 12 1.07871
0.0893444 12 1.07872
0.089151 12 1.07873
0.0889576 12 1.07878
0.0885709 12 1.07881
0.0883775 12 1.07885
0.0881841 12 1.07886
0.0877973 12 1.07891
0.0876039 12 1.07893
0.0874106 12 1.07894
0.0872172 12 1.07903
0.0870238 12 1.07904
0.0868304 12 1.07907
0.086637 12 1.07912
0.0862502 12 1.07916
0.0860569 12 1.07917
0.0860569 11 1.07918
0.0858635 11 1.07941
0.0856701 11 1.07942
0.0854767 11 1.07945
0.0852833 11 1.07947
0.0850899 11 1.07949
0.0848965 11 1.07951
0.0847032 11 1.07955
0.0845098 11 1.07956
0.0843164 11 1.07961
0.084123 11 1.07962
0.0839296 11 1.07964
0.0835428 11 1.07967
0.0833494 11 1.07974
0.0827693 11 1.07975
0.0825759 11 1.07979
0.0823825 11 1.07986
0.0821891 11 1.07992
0.0819957 11 1.07997
0.0818024 11 1.08002
0.0814156 11 1.08012
0.0812222 11 1.08013
0.0810288 11 1.08016
0.0808354 11 1.08019
0.0808354 10 1.08021
0.080642 10 1.08022
0.0804487 10 1.08024
0.0800619 10 1.08027
0.0798685 10 1.08028
0.0794817 10 1.08039
0.079095 10 1.08046
0.0789016 10 1.08049
0.0787082 10 1.08055
0.0785148 10 1.08061
0.0783214 10 1.08065
0.078128 10 1.08067
0.0779346 10 1.0807
0.0777412 10 1.08071
0.0775479 10 1.08072
0.0773545 10 1.08073
0.0769677 10 1.08076
0.0767743 10 1.08079
0.0765809 10 1.08082
0.0763875 10 1.08087
0.0761942 10 1.08093
0.0760008 10 1.08101
0.0758074 10 1.08104
0.0754206 10 1.08113
0.0752272 10 1.08117
0.0750338 10 1.08121
0.0748405 10 1.08123
0.0746471 10 1.08126
0.0744537 10 1.08132
0.0742603 10 1.08133
0.0740669 10 1.08137
0.0738735 10 1.08142
0.0736801 10 1.08156
0.0731 10 1.08163
0.0729066 10 1.08165
0.0727132 10 1.08169
0.0725198 10 1.08172
0.0723264 10 1.08181
0.072133 10 1.08186
0.0719397 10 1.08188
0.0717463 10 1.08196
0.0715529 9 1.08204
0.0711661 9 1.08205
0.0709727 9 1.08206
0.0707793 9 1.08207
0.070586 9 1.08214
0.0703926 9 1.08218
0.0700058 9 1.08226
0.0698124 9 1.08229
0.069619 9 1.0823
0.0694256 9 1.08238
0.0692323 9 1.08244
0.0690389 9 1.08246
0.0686521 9 1.08247
0.0684587 9 1.08251
0.0682653 9 1.08252
0.0680719 9 1.08261
0.0678786 9 1.08263
0.0676852 9 1.08271
0.0672984 9 1.08275
0.067105 9 1.08277
0.0669116 9 1.08279
0.0667182 9 1.08284
0.0665249 9 1.08288
0.0663315 9 1.0829
0.0661381 9 1.08298
0.0657513 9 1.083
0.0655579 9 1.08309
0.0653645 9 1.08317
0.0651711 9 1.08318
0.0649778 9 1.0832
0.0647844 9 1.08322
0.064591 9 1.08324
0.0643976 9 1.08336
0.0642042 9 1.08337
0.0640108 9 1.0834
0.0638174 9 1.08341
0.0636241 9 1.08342
0.0634307 9 1.08347
0.0632373 9 1.08353
0.0630439 9 1.08354
0.0628505 9 1.08356
0.0626571 9 1.08357
0.0624637 9 1.08364
0.0622704 9 1.08369
0.062077 9 1.08372
0.0618836 9 1.08375
0.0616902 9 1.08379
0.0614968 9 1.08385
0.0613034 9 1.08386
0.06111 9 1.08394
0.0607233 9 1.08398
0.0605299 9 1.08416
0.0603365 9 1.08419
0.0601431 9 1.0842
0.0599497 9 1.08421
0.0597563 9 1.08424
0.0595629 9 1.08431
0.0593696 9 1.08432
0.0591762 9 1.08437
0.0589828 9 1.08446
0.0587894 9 1.08447
0.058596 9 1.0845
0.0584026 9 1.08461
0.0582092 9 1.08463
0.0582092 8 1.08464
0.0580159 8 1.08465
0.0578225 8 1.08466
0.0574357 8 1.08478
0.0570489 8 1.08482
0.0566622 8 1.08486
0.0564688 8 1.08491
0.0562754 8 1.08493
0.0558886 8 1.08494
0.0556952 8 1.08499
0.0555018 8 1.08507
0.0553085 8 1.0851
0.0551151 8 1.08513
0.0549217 8 1.08529
0.0547283 8 1.08531
0.0545349 8 1.08538
0.0541481 8 1.08543
0.0539547 8 1.08545
0.053568 8 1.08548
0.0533746 8 1.08551
0.0533746 7 1.08554
0.0531812 7 1.0856
0.0529878 7 1.08561
0.0527944 7 1.08565
0.052601 7 1.08568
0.0520209 7 1.0857
0.0518275 7 1.08571
0.0516341 7 1.08572
0.0514407 7 1.08574
0.0512473 7 1.08576
0.051054 7 1.08586
0.0508606 7 1.08609
0.0506672 7 1.08613
0.0504738 7 1.08615
0.0502804 7 1.08616
0.050087 7 1.08617
0.0498936 7 1.08634
0.0497003 7 1.08635
0.0495069 7 1.08636
0.0493135 7 1.08642
0.0491201 7 1.08648
0.0489267 7 1.08652
0.0487333 7 1.08663
0.0485399 7 1.08665
0.0481532 7 1.08666
0.0479598 7 1.08667
0.0477664 7 1.08671
0.047573 7 1.08674
0.0473796 7 1.08679
0.0471862 7 1.08685
0.0467995 7 1.08689
0.0466061 7 1.08691
0.0462193 7 1.08702
0.0460259 7 1.08707
0.0458325 7 1.08708
0.0456391 7 1.08716
0.0454458 7 1.08719
0.045059 7 1.08724
0.0448656 7 1.08739
0.0446722 7 1.08741
0.0444788 7 1.08744
0.0440921 7 1.08745
0.0438987 7 1.08746
0.0437053 7 1.08761
0.0435119 7 1.08762
0.0433185 7 1.08763
0.0431251 7 1.08766
0.0427383 7 1.08773
0.042545 7 1.08776
0.0423516 7 1.08783
0.0421582 7 1.08787
0.0417714 7 1.08796
0.041578 7 1.08798
0.0413846 7 1.08801
0.0411913 7 1.08804
0.0409979 7 1.08807
0.0408045 7 1.08814
0.0406111 7 1.08822
0.0404177 7 1.08827
0.0402243 7 1.08828
0.0400309 7 1.08846
0.0398376 7 1.0885
0.0396442 7 1.08852
0.0394508 7 1.08856
0.0392574 7 1.08861
0.039064 7 1.08863
0.0386772 7 1.08867
0.0384839 7 1.08875
0.0382905 7 1.08885
0.0380971 7 1.08889
0.0379037 7 1.08911
0.0377103 7 1.08918
0.0375169 7 1.08934
0.0371301 7 1.08938
0.0369368 7 1.08946
0.0367434 7 1.08949
0.03655 7 1.08956
0.0359698 7 1.08959
0.0357764 7 1.08963
0.0355831 7 1.08964
0.0353897 7 1.08972
0.0351963 7 1.08984
0.0348095 7 1.08985
0.0346161 7 1.08991
0.0342294 7 1.08992
0.034036 7 1.09006
0.0338426 7 1.09007
0.0336492 7 1.09008
0.0334558 7 1.09014
0.0332624 7 1.09017
0.033069 7 1.09032
0.0328757 7 1.09035
0.0326823 7 1.09053
0.0324889 7 1.09056
0.0322955 7 1.09072
0.0321021 7 1.09078
0.0319087 7 1.09082
0.0317153 7 1.09084
0.0315219 7 1.09087
0.0313286 7 1.091
0.0311352 7 1.09114
0.0309418 7 1.09132
0.0307484 7 1.09141
0.030555 7 1.09146
0.0303616 7 1.09152
0.0301682 7 1.0916
0.0299749 7 1.09185
0.0297815 7 1.09187
0.0295881 7 1.09188
0.0293947 7 1.0919
0.0292013 7 1.09192
0.0290079 7 1.09207
0.0288145 7 1.09214
0.0286212 7 1.09223
0.0284278 7 1.09238
0.0282344 7 1.09239
0.028041 7 1.0927
0.0278476 7 1.09271
0.0276542 7 1.09276
0.0274608 7 1.09284
0.0272675 7 1.09297
0.0270741 7 1.09298
0.0268807 7 1.09299
0.0266873 7 1.093
0.0264939 7 1.09303
0.0263005 7 1.09311
0.0261071 7 1.09331
0.0257204 7 1.09343
0.025527 7 1.09344
0.0253336 7 1.09356
0.0251402 7 1.0936
0.0249468 7 1.09363
0.0247534 7 1.09367
0.02456 7 1.09369
0.0243667 7 1.09376
0.0241733 7 1.09409
0.0237865 7 1.09413
0.0235931 7 1.09421
0.0233997 7 1.09435
0.0232063 7 1.0944
0.023013 7 1.09495
0.0228196 7 1.09502
0.0226262 7 1.09509
0.0224328 7 1.09515
0.0222394 7 1.09521
0.022046 7 1.09529
0.0218526 7 1.09549
0.0216593 7 1.09553
0.0214659 7 1.09558
0.0212725 7 1.0956
0.0210791 7 1.09577
0.0206923 7 1.09581
0.0204989 7 1.09583
0.0201122 7 1.09598
0.0199188 7 1.09607
0.0197254 7 1.09626
0.019532 7 1.09629
0.0193386 7 1.09631
0.0191452 7 1.09633
0.0187585 7 1.09635
0.0185651 7 1.09638
0.0183717 7 1.09639
0.0181783 7 1.09654
0.0179849 7 1.09658
0.0177915 7 1.09673
0.0175981 7 1.09675
0.0174048 7 1.09684
0.0172114 7 1.09685
0.017018 7 1.0969
0.0168246 7 1.09697
0.0166312 7 1.09708
0.0164378 7 1.09712
0.0162444 7 1.09734
0.0160511 7 1.09738
0.0158577 7 1.09764
0.0156643 7 1.09767
0.0154709 7 1.09775
0.0152775 7 1.09786
0.0150841 7 1.09797
0.0148907 7 1.09813
0.0146974 7 1.09819
0.014504 7 1.09825
0.0143106 7 1.09887
0.0141172 7 1.09902
0.0137304 7 1.09925
0.013537 7 1.09927
0.0133436 7 1.09955
0.0131503 7 1.09969
0.0129569 7 1.09976
0.0127635 7 1.10001
0.0125701 7 1.10014
0.0123767 7 1.10062
0.0121833 7 1.10094
0.0119899 7 1.10097
0.0117966 7 1.10111
0.0116032 7 1.10138
0.0114098 7 1.10171
0.0112164 7 1.10198
0.011023 7 1.102
0.0108296 7 1.10205
0.0106362 7 1.10236
0.0104429 7 1.10248
0.0102495 7 1.10277
0.0100561 7 1.10279
0.0098627 7 1.10283
0.00966931 7 1.10284
0.00947592 7 1.10286
0.00928254 7 1.10293
0.00908915 7 1.10302
0.00889576 7 1.1035
0.00870238 7 1.10452
0.00850899 7 1.10563
0.00831561 7 1.10576
0.00812222 7 1.10602
0.00792883 7 1.10615
0.00773545 7 1.10642
0.00754206 7 1.10656
0.00734868 7 1.10667
0.00715529 7 1.10724
0.0069619 7 1.10726
0.0069619 6 1.10757
0.00676852 6 1.10816
0.00657513 6 1.1089
0.00638174 6 1.11027
0.00618836 6 1.11028
0.00599497 6 1.11155
0.00580159 6 1.1128
0.0056082 6 1.11296
0.00541481 6 1.11303
0.00522143 6 1.11304
0.00502804 6 1.11316
0.00483465 6 1.11349
0.00483465 5 1.11411
0.00464127 5 1.1153
0.00444788 5 1.11647
0.00444788 4 1.11663
0.0042545 4 1.117
0.0042545 3 1.11729
0.00406111 3 1.1181
0.00386772 3 1.11811
0.00367434 3 1.11836
0.00348095 3 1.11948
0.00328757 3 1.11963
0.00309418 3 1.11967
0.00290079 3 1.12226
0.00270741 3 1.12252
0.00251402 3 1.12327
0.00232063 3 1.1248
0.00212725 3 1.12811
0.00212725 2 1.12865
0.00193386 2 1.12878
0.00174048 2 1.13283
0.00154709 2 1.13394
0.0013537 2 1.13457
0.0013537 1 1.13467
0.00116032 1 1.14202
0.00116032 0 1.14609
0.000966931 0 1.15096
0.000773545 0 1.15411
0.000580159 0 1.15808
0.000386772 0 1.15846
0.000193386 0 1.1783
0 0 1.79769e+308
