0.819727 2521
0.819727 2514
0.819727 2490
0.819727 2474
0.819691 2456
0.819691 2446
0.819601 2421
0.819569 2405
0.819569 2386
0.819569 2368
0.819444 2348
0.819338 2334
0.819338 2321
0.819338 2307
0.819338 2294
0.819338 2276
0.819338 2262
0.819338 2251
0.819338 2243
0.819338 2228
0.819203 2210
0.819203 2199
0.819052 2188
0.819052 2179
0.818975 2164
0.818975 2155
0.818975 2140
0.818959 2128
0.818959 2119
0.8188 2113
0.8188 2101
0.8188 2094
0.818694 2086
0.818694 2074
0.818694 2064
0.818541 2051
0.818541 2043
0.818541 2037
0.818541 2028
0.818541 2018
0.818372 2008
0.818372 1999
0.818242 1990
0.818242 1980
0.818242 1968
0.818242 1960
0.818242 1953
0.818242 1943
0.818242 1937
0.818115 1927
0.818115 1913
0.818115 1900
0.818115 1895
0.818115 1890
0.818115 1885
0.818115 1879
0.818017 1873
0.818017 1864
0.818017 1857
0.817947 1852
0.817947 1847
0.817947 1840
0.817947 1836
0.817947 1827
0.817947 1821
0.817947 1813
0.817947 1806
0.817947 1799
0.817947 1791
0.817808 1786
0.817672 1783
0.817672 1779
0.817545 1772
0.817545 1767
0.817545 1759
0.817545 1753
0.817501 1747
0.817501 1744
0.817501 1736
0.817501 1732
0.817501 1727
0.817501 1722
0.817501 1714
0.817501 1707
0.817501 1701
0.817501 1695
0.817501 1694
0.817501 1689
0.817501 1684
0.817501 1678
0.817501 1675
0.817501 1672
0.817501 1665
0.817501 1656
0.817501 1652
0.817475 1647
0.817475 1643
0.817475 1641
0.817475 1635
0.817475 1630
0.817376 1624
0.817376 1617
0.817376 1613
0.817284 1611
0.817284 1606
0.81716 1603
0.81716 1599
0.817049 1594
0.817049 1593
0.817049 1590
0.817049 1587
0.817049 1582
0.817049 1579
0.817049 1577
0.817049 1576
0.817049 1569
0.817049 1557
0.816931 1551
0.816931 1547
0.816856 1545
0.816856 1542
0.816856 1538
0.816856 1535
0.816856 1529
0.816796 1525
0.816796 1518
0.816796 1514
0.816796 1511
0.816796 1507
0.816796 1505
0.816796 1498
0.816796 1494
0.816796 1488
0.816796 1484
0.816742 1480
0.816742 1478
0.816742 1469
0.816742 1463
0.816742 1457
0.816742 1454
0.816626 1451
0.816626 1446
0.816513 1443
0.816513 1440
0.816513 1438
0.816513 1435
0.816513 1432
0.816513 1427
0.816513 1423
0.816513 1422
0.816375 1420
0.816375 1417
0.816375 1412
0.816375 1408
0.816375 1405
0.816375 1402
0.816375 1401
0.816375 1398
0.816375 1396
0.816375 1390
0.816375 1387
0.816375 1385
0.816301 1383
0.816201 1382
0.816201 1377
0.816201 1372
0.816201 1367
0.816201 1365
0.816201 1363
0.816201 1358
0.816201 1356
0.816201 1354
0.816201 1353
0.816071 1353
0.816071 1349
0.816071 1348
0.816071 1344
0.816071 1340
0.816071 1339
0.816071 1337
0.816071 1331
0.816071 1325
0.81607 1324
0.81607 1321
0.81607 1318
0.81607 1316
0.81607 1312
0.81607 1311
0.81607 1308
0.81607 1303
0.81607 1299
0.81607 1295
0.81607 1294
0.81607 1293
0.81596 1292
0.81596 1289
0.81596 1287
0.81596 1286
0.815834 1284
0.815834 1279
0.815834 1278
0.815834 1277
0.815834 1274
0.815834 1271
0.815834 1269
0.815834 1265
0.815753 1261
0.815753 1256
0.815753 1253
0.815753 1251
0.815753 1250
0.815753 1248
0.815753 1246
0.815753 1245
0.815753 1240
0.815753 1238
0.815753 1234
0.815753 1232
0.815753 1230
0.815753 1225
0.81562 1219
0.81562 1215
0.81562 1213
0.81562 1212
0.81562 1209
0.81562 1205
0.81562 1204
0.815525 1201
0.815525 1198
0.815525 1195
0.815525 1191
0.815525 1189
0.815525 1188
0.815525 1183
0.815525 1181
0.815525 1178
0.815525 1175
0.815525 1173
0.815525 1172
0.815525 1167
0.815525 1162
0.815525 1160
0.815525 1158
0.815464 1154
0.815464 1153
0.815464 1151
0.815464 1149
0.815464 1148
0.815464 1147
0.815464 1145
0.815464 1141
0.815464 1136
0.815464 1135
0.815464 1132
0.815464 1131
0.815464 1130
0.815464 1127
0.815464 1124
0.815464 1121
0.815464 1117
0.815464 1116
0.815464 1114
0.815464 1111
0.815464 1109
0.815464 1108
0.815464 1105
0.815464 1104
0.815464 1102
0.815464 1097
0.815464 1095
0.815464 1092
0.815464 1089
0.815464 1085
0.815464 1082
0.815464 1079
0.815464 1078
0.815464 1076
0.815464 1074
0.815464 1072
0.815464 1071
0.815464 1069
0.815464 1067
0.815464 1066
0.815464 1065
0.815464 1062
0.815464 1061
0.815322 1059
0.815322 1058
0.815322 1056
0.815322 1054
0.815322 1053
0.815322 1052
0.815322 1048
0.815322 1046
0.815322 1043
0.815322 1041
0.815265 1040
0.815265 1037
0.815265 1035
0.815265 1031
0.815265 1030
0.815265 1029
0.815265 1028
0.815265 1026
0.815265 1025
0.815265 1022
0.815265 1020
0.815265 1019
0.815265 1016
0.815265 1014
0.81514 1013
0.81514 1011
0.81514 1010
0.81514 1008
0.81514 1002
0.81514 999
0.815008 998
0.815008 996
0.815008 993
0.815008 991
0.815008 989
0.815008 985
0.815008 984
0.815008 983
0.815008 981
0.815008 979
0.815008 976
0.815008 974
0.815008 973
0.815008 970
0.815008 969
0.815008 968
0.815008 967
0.815008 966
0.815008 964
0.815008 962
0.815008 960
0.815008 958
0.815008 955
0.815008 954
0.815008 951
0.815008 950
0.815008 948
0.815008 947
0.815008 945
0.815008 942
0.815008 939
0.815008 938
0.815008 937
0.815008 936
0.815008 935
0.815008 932
0.815008 931
0.815008 928
0.815008 926
0.815008 925
0.815008 923
0.815008 921
0.815008 919
0.815008 914
0.814867 913
0.814867 911
0.814867 908
0.814867 907
0.814867 905
0.814867 904
0.814746 901
0.814666 900
0.814666 898
0.814666 895
0.814666 893
0.814666 891
0.814666 890
0.814666 889
0.814666 887
0.814666 886
0.81454 885
0.81454 882
0.81454 879
0.814372 877
0.814372 876
0.814372 875
0.814372 873
0.814372 872
0.814372 870
0.814372 869
0.814372 868
0.814372 866
0.814372 865
0.814264 865
0.814264 863
0.814264 862
0.814264 861
0.814264 860
0.814264 858
0.814264 856
0.814264 855
0.814264 853
0.814264 849
0.814264 847
0.814264 846
0.814264 845
0.814264 843
0.814264 841
0.814264 840
0.814264 838
0.814264 836
0.814264 835
0.814264 832
0.814264 831
0.814264 830
0.814264 829
0.814264 828
0.814264 827
0.814264 825
0.814264 822
0.814264 821
0.814264 818
0.814264 817
0.814264 816
0.814264 814
0.814264 811
0.814264 808
0.814099 806
0.814096 804
0.813951 802
0.813951 800
0.813702 798
0.813702 797
0.813559 796
0.813559 795
0.813559 794
0.813559 791
0.813559 788
0.813559 786
0.813559 783
0.813559 781
0.813559 780
0.813559 777
0.813559 775
0.813405 772
0.813278 772
0.813226 771
0.813226 769
0.813226 766
0.813226 765
0.813226 764
0.813226 763
0.813226 761
0.813226 759
0.813226 758
0.813226 756
0.813226 754
0.813092 753
0.813092 752
0.813092 750
0.813092 748
0.813092 746
0.813092 745
0.813092 742
0.812978 741
0.812978 739
0.812978 737
0.812978 736
0.812893 735
0.812893 733
0.812893 731
0.812725 729
0.812725 728
0.812725 727
0.812725 725
0.812725 723
0.812575 723
0.812575 722
0.812575 721
0.812575 720
0.812465 719
0.812465 717
0.812465 716
0.812465 715
0.812465 713
0.812465 711
0.812465 706
0.812465 704
0.812465 702
0.812465 700
0.812465 699
0.812465 698
0.812227 697
0.812227 696
0.812227 694
0.812177 690
0.812177 688
0.812044 686
0.811955 683
0.811955 682
0.811955 681
0.811955 680
0.811955 677
0.811955 676
0.811828 676
0.811828 675
0.811828 674
0.811828 673
0.811828 671
0.811828 670
0.811828 669
0.811828 667
0.811828 665
0.811828 664
0.811828 663
0.811715 659
0.811715 657
0.811575 657
0.811446 655
0.811311 655
0.811311 653
0.811311 650
0.811285 648
0.811285 646
0.811162 643
0.811162 642
0.811162 639
0.810992 638
0.810992 636
0.810992 632
0.810992 630
0.810881 626
0.810881 622
0.810881 621
0.810881 618
0.810789 617
0.810789 615
0.810789 613
0.810789 611
0.810789 609
0.810789 608
0.810789 607
0.810789 606
0.810789 605
0.810789 604
0.810789 602
0.810789 601
0.810789 598
0.810789 596
0.810789 594
0.810789 593
0.810673 592
0.810523 590
0.810523 589
0.810523 588
0.810523 587
0.810523 585
0.810523 584
0.810523 583
0.810523 582
0.810523 581
0.810391 581
0.810391 579
0.810391 577
0.810391 576
0.810391 575
0.810285 574
0.810285 573
0.810285 572
0.810154 570
0.81001 570
0.81001 569
0.81001 568
0.809909 567
0.809909 565
0.809909 562
0.809816 560
0.809572 559
0.809572 556
0.809572 555
0.809572 553
0.809572 550
0.809572 547
0.809572 544
0.809572 543
0.809572 540
0.809572 538
0.809469 538
0.809469 536
0.809469 534
0.809404 533
0.809404 531
0.809404 528
0.809404 527
0.809227 525
0.809227 522
0.809227 519
0.809227 518
0.809227 515
0.809227 512
0.809075 511
0.809075 509
0.809075 508
0.809075 507
0.809075 506
0.808982 504
0.808982 503
0.808982 499
0.808982 497
0.808982 496
0.808982 494
0.808836 494
0.808692 492
0.808692 488
0.808692 487
0.808692 486
0.808576 486
0.808576 484
0.808576 482
0.808576 481
0.808576 480
0.808576 477
0.808576 475
0.808576 474
0.80847 474
0.80847 473
0.80847 470
0.80847 468
0.80847 467
0.80847 466
0.80847 465
0.80847 462
0.80847 461
0.808325 461
0.808325 459
0.808325 456
0.808325 455
0.808194 455
0.808194 454
0.808038 454
0.808038 452
0.807897 452
0.807897 451
0.807819 449
0.807819 448
0.807819 446
0.807659 445
0.807659 444
0.807659 442
0.807659 441
0.807659 440
0.807659 439
0.807659 437
0.807659 435
0.807411 433
0.807309 432
0.807309 431
0.807194 430
0.807194 428
0.807194 427
0.806952 425
0.806952 424
0.806952 422
0.806833 420
0.806833 418
0.806833 415
0.806591 412
0.806591 410
0.806591 408
0.806591 406
0.806461 405
0.806461 404
0.806461 401
0.806461 400
0.806461 399
0.806461 397
0.806461 395
0.806461 393
0.806307 390
0.806307 389
0.806307 388
0.806307 385
0.806172 384
0.806025 382
0.806025 378
0.806025 374
0.806025 371
0.80588 370
0.80588 369
0.805789 367
0.805691 367
0.805691 366
0.805452 364
0.805325 361
0.805078 361
0.804917 359
0.804917 358
0.804917 357
0.804812 353
0.804667 349
0.804567 347
0.804434 345
0.804434 340
0.804308 338
0.804308 335
0.804223 333
0.80405 330
0.803904 327
0.803904 326
0.803591 325
0.803591 322
0.803471 320
0.803317 318
0.803182 315
0.803032 313
0.803032 312
0.803032 310
0.803032 308
0.803032 307
0.803026 304
0.802898 304
0.802898 303
0.802774 300
0.802507 299
0.802507 297
0.802367 294
0.802367 292
0.801937 289
0.801937 287
0.801627 283
0.801488 282
0.80143 280
0.801282 280
0.801282 278
0.80103 278
0.800782 276
0.800616 276
0.800345 271
0.800345 269
0.800199 266
0.800066 264
0.79994 259
0.799596 257
0.799433 255
0.799303 252
0.798885 252
0.798466 247
0.798319 243
0.797627 240
0.797431 237
0.797278 235
0.797126 234
0.796778 233
0.796537 228
0.796399 226
0.796399 222
0.796151 222
0.795782 216
0.795635 212
0.794999 210
0.794589 205
0.793851 201
0.793572 197
0.793335 195
0.793076 194
0.792769 192
0.792196 191
0.791607 189
0.791446 188
0.790736 185
0.790473 185
0.789514 184
0.788896 181
0.788079 175
0.787703 174
0.787292 168
0.78667 165
0.785677 160
0.784784 156
0.783915 153
0.782653 149
0.781522 143
0.780245 135
0.779019 127
0.778502 126
0.776118 120
0.774637 113
0.771981 105
0.770138 104
0.767035 99
0.763366 90
0.761585 81
0.756907 70
0.75244 67
0.74596 61
0.738056 47
0.7247 38
0.70858 20
0.675279 11
0.501806 0
0 0
