0.966157 2521 0.05
0.966157 2514 0.051
0.966157 2490 0.052
0.966157 2474 0.053
0.965964 2456 0.054
0.965964 2446 0.055
0.965771 2421 0.056
0.965771 2405 0.057
0.965771 2386 0.058
0.965771 2368 0.059
0.965577 2348 0.06
0.965384 2334 0.061
0.965384 2321 0.062
0.965384 2307 0.063
0.965384 2294 0.064
0.965384 2276 0.065
0.965384 2262 0.066
0.965384 2251 0.067
0.965384 2243 0.068
0.965384 2228 0.069
0.96519 2210 0.07
0.96519 2199 0.071
0.964997 2188 0.072
0.964997 2179 0.073
0.964997 2164 0.074
0.964997 2155 0.075
0.964997 2140 0.076
0.964997 2128 0.077
0.964997 2119 0.078
0.964804 2113 0.079
0.964804 2101 0.08
0.964804 2094 0.081
0.96461 2086 0.082
0.96461 2074 0.083
0.96461 2064 0.084
0.964417 2051 0.085
0.964417 2043 0.086
0.964417 2037 0.087
0.964417 2028 0.088
0.964417 2018 0.089
0.964224 2008 0.09
0.964224 1999 0.091
0.96403 1990 0.092
0.96403 1980 0.093
0.96403 1968 0.094
0.96403 1960 0.095
0.96403 1953 0.096
0.96403 1943 0.097
0.96403 1937 0.098
0.963837 1927 0.099
0.963837 1913 0.1
0.963837 1900 0.101
0.963837 1895 0.102
0.963837 1890 0.103
0.963837 1885 0.104
0.963837 1879 0.105
0.963643 1873 0.106
0.963643 1864 0.107
0.963643 1857 0.108
0.963643 1852 0.109
0.963643 1847 0.11
0.963643 1840 0.111
0.963643 1836 0.112
0.963643 1827 0.113
0.963643 1821 0.114
0.963643 1813 0.115
0.963643 1806 0.116
0.963643 1799 0.117
0.963643 1791 0.118
0.96345 1786 0.119
0.963257 1783 0.12
0.963257 1779 0.121
0.963063 1772 0.122
0.963063 1767 0.123
0.963063 1759 0.124
0.963063 1753 0.125
0.963063 1747 0.126
0.963063 1744 0.127
0.963063 1736 0.128
0.963063 1732 0.129
0.963063 1727 0.13
0.963063 1722 0.131
0.963063 1714 0.132
0.963063 1707 0.133
0.963063 1701 0.134
0.963063 1695 0.135
0.963063 1694 0.136
0.963063 1689 0.137
0.963063 1684 0.138
0.963063 1678 0.139
0.963063 1675 0.14
0.963063 1672 0.141
0.963063 1665 0.142
0.963063 1656 0.143
0.963063 1652 0.144
0.963063 1647 0.145
0.963063 1643 0.146
0.963063 1641 0.147
0.963063 1635 0.148
0.963063 1630 0.149
0.96287 1624 0.15
0.96287 1617 0.151
0.96287 1613 0.152
0.962676 1611 0.153
0.962676 1606 0.154
0.962483 1603 0.155
0.962483 1599 0.156
0.96229 1594 0.157
0.96229 1593 0.158
0.96229 1590 0.159
0.96229 1587 0.16
0.96229 1582 0.161
0.96229 1579 0.162
0.96229 1577 0.163
0.96229 1576 0.164
0.96229 1569 0.165
0.96229 1557 0.166
0.962096 1551 0.167
0.962096 1547 0.168
0.962096 1545 0.169
0.962096 1542 0.17
0.962096 1538 0.171
0.962096 1535 0.172
0.962096 1529 0.173
0.962096 1525 0.174
0.962096 1518 0.175
0.962096 1514 0.176
0.962096 1511 0.177
0.962096 1507 0.178
0.962096 1505 0.179
0.962096 1498 0.18
0.962096 1494 0.182
0.962096 1488 0.183
0.962096 1484 0.184
0.962096 1480 0.185
0.962096 1478 0.186
0.962096 1469 0.187
0.962096 1463 0.188
0.962096 1457 0.189
0.962096 1454 0.19
0.961903 1451 0.191
0.961903 1446 0.192
0.96171 1443 0.193
0.96171 1440 0.194
0.96171 1438 0.195
0.96171 1435 0.196
0.96171 1432 0.197
0.96171 1427 0.198
0.96171 1423 0.199
0.96171 1422 0.2
0.961516 1420 0.201
0.961516 1417 0.202
0.961516 1412 0.203
0.961516 1408 0.204
0.961516 1405 0.205
0.961516 1402 0.206
0.961516 1401 0.207
0.961516 1398 0.208
0.961516 1396 0.209
0.961516 1390 0.21
0.961516 1387 0.211
0.961516 1385 0.212
0.961516 1383 0.213
0.961323 1382 0.214
0.961323 1377 0.215
0.961323 1372 0.216
0.961323 1367 0.217
0.961323 1365 0.218
0.961323 1363 0.219
0.961323 1358 0.221
0.961323 1356 0.222
0.961323 1354 0.223
0.961323 1353 0.224
0.961129 1353 0.225
0.961129 1349 0.226
0.961129 1348 0.227
0.961129 1344 0.228
0.961129 1340 0.229
0.961129 1339 0.23
0.961129 1337 0.231
0.961129 1331 0.233
0.961129 1325 0.234
0.961129 1324 0.235
0.961129 1321 0.236
0.961129 1318 0.237
0.961129 1316 0.238
0.961129 1312 0.239
0.961129 1311 0.24
0.961129 1308 0.241
0.961129 1303 0.242
0.961129 1299 0.244
0.961129 1295 0.245
0.961129 1294 0.246
0.961129 1293 0.247
0.960936 1292 0.248
0.960936 1289 0.249
0.960936 1287 0.25
0.960936 1286 0.251
0.960743 1284 0.252
0.960743 1279 0.253
0.960743 1278 0.254
0.960743 1277 0.255
0.960743 1274 0.256
0.960743 1271 0.257
0.960743 1269 0.258
0.960743 1265 0.259
0.960743 1261 0.26
0.960743 1256 0.261
0.960743 1253 0.262
0.960743 1251 0.263
0.960743 1250 0.264
0.960743 1248 0.265
0.960743 1246 0.266
0.960743 1245 0.267
0.960743 1240 0.268
0.960743 1238 0.27
0.960743 1234 0.271
0.960743 1232 0.272
0.960743 1230 0.273
0.960743 1225 0.274
0.960549 1219 0.275
0.960549 1215 0.276
0.960549 1213 0.278
0.960549 1212 0.28
0.960549 1209 0.281
0.960549 1205 0.282
0.960549 1204 0.286
0.960549 1201 0.287
0.960549 1198 0.288
0.960549 1195 0.289
0.960549 1191 0.29
0.960549 1189 0.291
0.960549 1188 0.292
0.960549 1183 0.293
0.960549 1181 0.294
0.960549 1178 0.295
0.960549 1175 0.297
0.960549 1173 0.299
0.960549 1172 0.3
0.960549 1167 0.301
0.960549 1162 0.302
0.960549 1160 0.303
0.960549 1158 0.304
0.960549 1154 0.305
0.960549 1153 0.306
0.960549 1151 0.307
0.960549 1149 0.308
0.960549 1148 0.309
0.960549 1147 0.311
0.960549 1145 0.313
0.960549 1141 0.314
0.960549 1136 0.315
0.960549 1135 0.316
0.960549 1132 0.317
0.960549 1131 0.318
0.960549 1130 0.319
0.960549 1127 0.32
0.960549 1124 0.321
0.960549 1121 0.322
0.960549 1117 0.323
0.960549 1116 0.325
0.960549 1114 0.327
0.960549 1111 0.328
0.960549 1109 0.329
0.960549 1108 0.33
0.960549 1105 0.332
0.960549 1104 0.333
0.960549 1102 0.334
0.960549 1097 0.336
0.960549 1095 0.337
0.960549 1092 0.338
0.960549 1089 0.34
0.960549 1085 0.341
0.960549 1082 0.342
0.960549 1079 0.343
0.960549 1078 0.344
0.960549 1076 0.345
0.960549 1074 0.346
0.960549 1072 0.347
0.960549 1071 0.348
0.960549 1069 0.349
0.960549 1067 0.351
0.960549 1066 0.352
0.960549 1065 0.353
0.960549 1062 0.354
0.960549 1061 0.355
0.960356 1059 0.358
0.960356 1058 0.359
0.960356 1056 0.36
0.960356 1054 0.361
0.960356 1053 0.362
0.960356 1052 0.363
0.960356 1048 0.364
0.960356 1046 0.365
0.960356 1043 0.366
0.960356 1041 0.367
0.960356 1040 0.368
0.960356 1037 0.369
0.960356 1035 0.371
0.960356 1031 0.372
0.960356 1030 0.374
0.960356 1029 0.375
0.960356 1028 0.376
0.960356 1026 0.377
0.960356 1025 0.378
0.960356 1022 0.379
0.960356 1020 0.381
0.960356 1019 0.382
0.960356 1016 0.383
0.960356 1014 0.384
0.960162 1013 0.385
0.960162 1011 0.387
0.960162 1010 0.388
0.960162 1008 0.389
0.960162 1002 0.39
0.960162 999 0.391
0.959969 998 0.392
0.959969 996 0.394
0.959969 993 0.395
0.959969 991 0.396
0.959969 989 0.397
0.959969 985 0.4
0.959969 984 0.403
0.959969 983 0.404
0.959969 981 0.405
0.959969 979 0.406
0.959969 976 0.407
0.959969 974 0.408
0.959969 973 0.41
0.959969 970 0.411
0.959969 969 0.414
0.959969 968 0.415
0.959969 967 0.416
0.959969 966 0.418
0.959969 964 0.419
0.959969 962 0.42
0.959969 960 0.423
0.959969 958 0.425
0.959969 955 0.426
0.959969 954 0.428
0.959969 951 0.429
0.959969 950 0.43
0.959969 948 0.431
0.959969 947 0.432
0.959969 945 0.433
0.959969 942 0.435
0.959969 939 0.437
0.959969 938 0.439
0.959969 937 0.44
0.959969 936 0.441
0.959969 935 0.442
0.959969 932 0.443
0.959969 931 0.444
0.959969 928 0.445
0.959969 926 0.449
0.959969 925 0.451
0.959969 923 0.452
0.959969 921 0.453
0.959969 919 0.454
0.959969 914 0.455
0.959776 913 0.456
0.959776 911 0.457
0.959776 908 0.458
0.959776 907 0.459
0.959776 905 0.46
0.959776 904 0.462
0.959582 901 0.463
0.959582 900 0.464
0.959582 898 0.465
0.959582 895 0.468
0.959582 893 0.469
0.959582 891 0.47
0.959582 890 0.472
0.959582 889 0.473
0.959582 887 0.474
0.959582 886 0.475
0.959389 885 0.476
0.959389 882 0.477
0.959389 879 0.478
0.959196 877 0.479
0.959196 876 0.481
0.959196 875 0.484
0.959196 873 0.485
0.959196 872 0.489
0.959196 870 0.49
0.959196 869 0.492
0.959196 868 0.494
0.959196 866 0.495
0.959196 865 0.497
0.959002 865 0.498
0.959002 863 0.499
0.959002 862 0.5
0.959002 861 0.505
0.959002 860 0.506
0.959002 858 0.508
0.959002 856 0.509
0.959002 855 0.51
0.959002 853 0.511
0.959002 849 0.512
0.959002 847 0.515
0.959002 846 0.516
0.959002 845 0.518
0.959002 843 0.519
0.959002 841 0.52
0.959002 840 0.523
0.959002 838 0.524
0.959002 836 0.525
0.959002 835 0.526
0.959002 832 0.527
0.959002 831 0.528
0.959002 830 0.531
0.959002 829 0.532
0.959002 828 0.533
0.959002 827 0.534
0.959002 825 0.535
0.959002 822 0.536
0.959002 821 0.537
0.959002 818 0.538
0.959002 817 0.539
0.959002 816 0.54
0.959002 814 0.541
0.959002 811 0.542
0.959002 808 0.544
0.958809 806 0.545
0.958809 804 0.546
0.958615 802 0.547
0.958615 800 0.548
0.958422 798 0.549
0.958422 797 0.551
0.958229 796 0.552
0.958229 795 0.553
0.958229 794 0.554
0.958229 791 0.555
0.958229 788 0.557
0.958229 786 0.558
0.958229 783 0.559
0.958229 781 0.56
0.958229 780 0.561
0.958229 777 0.564
0.958229 775 0.565
0.958035 772 0.567
0.957842 772 0.568
0.957842 771 0.569
0.957842 769 0.57
0.957842 766 0.571
0.957842 765 0.573
0.957842 764 0.574
0.957842 763 0.575
0.957842 761 0.576
0.957842 759 0.577
0.957842 758 0.578
0.957842 756 0.579
0.957842 754 0.582
0.957648 753 0.583
0.957648 752 0.584
0.957648 750 0.585
0.957648 748 0.588
0.957648 746 0.591
0.957648 745 0.593
0.957648 742 0.594
0.957455 741 0.595
0.957455 739 0.596
0.957455 737 0.597
0.957455 736 0.598
0.957455 735 0.599
0.957455 733 0.6
0.957455 731 0.601
0.957262 729 0.602
0.957262 728 0.603
0.957262 727 0.604
0.957262 725 0.605
0.957262 723 0.607
0.957068 723 0.608
0.957068 722 0.61
0.957068 721 0.611
0.957068 720 0.612
0.956875 719 0.613
0.956875 717 0.614
0.956875 716 0.615
0.956875 715 0.619
0.956875 713 0.621
0.956875 711 0.623
0.956875 706 0.626
0.956875 704 0.627
0.956875 702 0.63
0.956875 700 0.632
0.956875 699 0.633
0.956875 698 0.634
0.956488 697 0.635
0.956488 696 0.636
0.956488 694 0.637
0.956488 690 0.638
0.956488 688 0.639
0.956295 686 0.64
0.956295 683 0.642
0.956295 682 0.643
0.956295 681 0.645
0.956295 680 0.646
0.956295 677 0.648
0.956295 676 0.649
0.956101 676 0.65
0.956101 675 0.651
0.956101 674 0.652
0.956101 673 0.653
0.956101 671 0.654
0.956101 670 0.655
0.956101 669 0.657
0.956101 667 0.658
0.956101 665 0.659
0.956101 664 0.66
0.956101 663 0.661
0.955908 659 0.662
0.955908 657 0.665
0.955715 657 0.666
0.955521 655 0.668
0.955328 655 0.669
0.955328 653 0.672
0.955328 650 0.674
0.955328 648 0.675
0.955328 646 0.677
0.955134 643 0.679
0.955134 642 0.68
0.955134 639 0.682
0.954941 638 0.683
0.954941 636 0.684
0.954941 632 0.685
0.954941 630 0.687
0.954748 626 0.688
0.954748 622 0.689
0.954748 621 0.69
0.954748 618 0.691
0.954748 617 0.692
0.954748 615 0.693
0.954748 613 0.694
0.954748 611 0.695
0.954748 609 0.696
0.954748 608 0.697
0.954748 607 0.699
0.954748 606 0.7
0.954748 605 0.701
0.954748 604 0.703
0.954748 602 0.704
0.954748 601 0.705
0.954748 598 0.707
0.954748 596 0.708
0.954748 594 0.709
0.954748 593 0.712
0.954554 592 0.713
0.954361 590 0.714
0.954361 589 0.715
0.954361 588 0.716
0.954361 587 0.718
0.954361 585 0.719
0.954361 584 0.72
0.954361 583 0.721
0.954361 582 0.723
0.954361 581 0.724
0.954167 581 0.726
0.954167 579 0.727
0.954167 577 0.728
0.954167 576 0.729
0.954167 575 0.73
0.953974 574 0.731
0.953974 573 0.733
0.953974 572 0.734
0.953781 570 0.736
0.953587 570 0.737
0.953587 569 0.739
0.953587 568 0.74
0.953394 567 0.742
0.953394 565 0.743
0.953394 562 0.744
0.953394 560 0.747
0.953007 559 0.749
0.953007 556 0.75
0.953007 555 0.751
0.953007 553 0.752
0.953007 550 0.753
0.953007 547 0.757
0.953007 544 0.758
0.953007 543 0.759
0.953007 540 0.76
0.953007 538 0.761
0.952814 538 0.764
0.952814 536 0.765
0.952814 534 0.766
0.952814 533 0.767
0.952814 531 0.768
0.952814 528 0.77
0.952814 527 0.771
0.95262 525 0.772
0.95262 522 0.773
0.95262 519 0.774
0.95262 518 0.775
0.95262 515 0.776
0.95262 512 0.777
0.952427 511 0.779
0.952427 509 0.78
0.952427 508 0.781
0.952427 507 0.782
0.952427 506 0.784
0.952427 504 0.785
0.952427 503 0.786
0.952427 499 0.787
0.952427 497 0.788
0.952427 496 0.789
0.952427 494 0.79
0.952234 494 0.791
0.95204 492 0.792
0.95204 488 0.793
0.95204 487 0.796
0.95204 486 0.797
0.951847 486 0.798
0.951847 484 0.799
0.951847 482 0.8
0.951847 481 0.801
0.951847 480 0.803
0.951847 477 0.805
0.951847 475 0.807
0.951847 474 0.809
0.951653 474 0.81
0.951653 473 0.811
0.951653 470 0.812
0.951653 468 0.813
0.951653 467 0.814
0.951653 466 0.815
0.951653 465 0.816
0.951653 462 0.818
0.951653 461 0.819
0.95146 461 0.82
0.95146 459 0.821
0.95146 456 0.822
0.95146 455 0.823
0.951267 455 0.824
0.951267 454 0.825
0.951073 454 0.826
0.951073 452 0.827
0.95088 452 0.828
0.95088 451 0.829
0.95088 449 0.83
0.95088 448 0.831
0.95088 446 0.832
0.950687 445 0.833
0.950687 444 0.834
0.950687 442 0.835
0.950687 441 0.836
0.950687 440 0.837
0.950687 439 0.838
0.950687 437 0.839
0.950687 435 0.841
0.9503 433 0.842
0.950106 432 0.843
0.950106 431 0.844
0.949913 430 0.845
0.949913 428 0.846
0.949913 427 0.85
0.949526 425 0.851
0.949526 424 0.852
0.949526 422 0.853
0.949333 420 0.854
0.949333 418 0.856
0.949333 415 0.857
0.948946 412 0.858
0.948946 410 0.859
0.948946 408 0.861
0.948946 406 0.862
0.948753 405 0.863
0.948753 404 0.864
0.948753 401 0.865
0.948753 400 0.866
0.948753 399 0.867
0.948753 397 0.869
0.948753 395 0.87
0.948753 393 0.871
0.948559 390 0.872
0.948559 389 0.873
0.948559 388 0.874
0.948559 385 0.875
0.948366 384 0.877
0.948173 382 0.878
0.948173 378 0.879
0.948173 374 0.88
0.948173 371 0.882
0.947979 370 0.883
0.947979 369 0.884
0.947979 367 0.885
0.947786 367 0.886
0.947786 366 0.887
0.947399 364 0.888
0.947206 361 0.889
0.946819 361 0.892
0.946625 359 0.893
0.946625 358 0.894
0.946625 357 0.896
0.946432 353 0.897
0.946239 349 0.898
0.946045 347 0.899
0.945852 345 0.9
0.945852 340 0.901
0.945658 338 0.902
0.945658 335 0.903
0.945658 333 0.904
0.945465 330 0.905
0.945272 327 0.906
0.945272 326 0.907
0.944885 325 0.908
0.944885 322 0.909
0.944692 320 0.91
0.944498 318 0.911
0.944305 315 0.912
0.944111 313 0.913
0.944111 312 0.914
0.944111 310 0.915
0.944111 308 0.916
0.944111 307 0.917
0.943918 304 0.918
0.943725 304 0.919
0.943725 303 0.92
0.943531 300 0.921
0.943144 299 0.923
0.943144 297 0.924
0.942951 294 0.925
0.942951 292 0.926
0.942371 289 0.927
0.942371 287 0.928
0.941984 283 0.929
0.941791 282 0.93
0.941791 280 0.931
0.941597 280 0.932
0.941597 278 0.933
0.941211 278 0.934
0.941017 276 0.935
0.940824 276 0.936
0.940437 271 0.937
0.940437 269 0.938
0.940244 266 0.939
0.94005 264 0.94
0.939857 259 0.941
0.93947 257 0.942
0.939277 255 0.943
0.939083 252 0.944
0.938503 252 0.945
0.938116 247 0.946
0.937923 243 0.947
0.937149 240 0.948
0.936956 237 0.949
0.936763 235 0.95
0.936569 234 0.952
0.936183 233 0.953
0.935989 228 0.954
0.935796 226 0.955
0.935796 222 0.956
0.935409 222 0.957
0.934829 216 0.958
0.934635 212 0.959
0.933862 210 0.96
0.933282 205 0.961
0.932315 201 0.962
0.931928 197 0.963
0.931541 195 0.964
0.931155 194 0.965
0.930768 192 0.966
0.929994 191 0.967
0.929221 189 0.968
0.929027 188 0.969
0.92806 185 0.97
0.927674 185 0.971
0.92632 184 0.972
0.925546 181 0.973
0.924579 175 0.974
0.923999 174 0.975
0.923419 168 0.976
0.922646 165 0.977
0.921292 160 0.978
0.920132 156 0.979
0.918971 153 0.98
0.917231 149 0.981
0.91549 143 0.982
0.91375 135 0.983
0.912203 127 0.984
0.911429 126 0.985
0.908335 120 0.986
0.906401 113 0.987
0.90292 105 0.988
0.900406 104 0.989
0.896345 99 0.99
0.891704 90 0.991
0.88977 81 0.992
0.883388 70 0.993
0.8772 67 0.994
0.868497 61 0.995
0.858248 47 0.996
0.84123 38 0.997
0.820924 20 0.998
0.779733 11 0.999
0.57455 0 1
0 0 1.79769e+308
