0.713069 1740
0.713069 1739
0.713069 1738
0.713069 1737
0.713069 1736
0.713069 1735
0.713069 1734
0.713069 1733
0.713069 1732
0.713069 1731
0.713069 1730
0.713069 1729
0.713069 1728
0.713069 1727
0.713069 1726
0.713069 1725
0.713069 1724
0.713069 1723
0.713069 1722
0.713069 1721
0.713069 1720
0.713069 1719
0.713069 1718
0.713069 1717
0.713069 1716
0.713069 1715
0.71295 1715
0.71295 1714
0.71295 1713
0.71295 1712
0.71295 1711
0.712946 1710
0.712946 1709
0.712946 1708
0.712946 1707
0.712946 1706
0.712946 1705
0.712946 1704
0.712946 1703
0.712946 1702
0.712946 1701
0.712946 1700
0.712946 1699
0.712946 1698
0.712946 1697
0.712946 1696
0.712946 1695
0.712946 1694
0.712802 1694
0.712802 1693
0.712802 1691
0.712802 1690
0.712802 1689
0.712802 1688
0.712802 1687
0.712802 1686
0.712802 1685
0.712802 1684
0.712783 1683
0.712783 1682
0.712783 1681
0.712783 1680
0.712712 1679
0.712712 1678
0.712712 1677
0.712712 1676
0.712712 1675
0.71265 1674
0.71265 1673
0.71265 1672
0.71265 1671
0.71265 1670
0.71265 1669
0.71265 1668
0.71265 1667
0.71265 1666
0.71265 1665
0.71265 1664
0.71265 1663
0.71265 1662
0.71265 1661
0.71265 1660
0.71265 1659
0.71265 1658
0.71265 1657
0.71265 1656
0.71265 1655
0.71265 1654
0.71265 1653
0.71265 1652
0.71265 1651
0.71265 1650
0.71265 1649
0.71265 1648
0.71265 1647
0.71265 1646
0.71265 1645
0.71265 1644
0.71265 1643
0.71265 1642
0.712494 1642
0.712494 1641
0.712494 1640
0.712494 1639
0.712494 1638
0.712494 1637
0.712494 1636
0.712494 1635
0.712494 1634
0.712445 1633
0.712445 1632
0.712445 1631
0.712445 1630
0.712445 1628
0.712445 1627
0.712445 1626
0.712445 1625
0.712445 1624
0.712445 1623
0.712445 1622
0.712443 1621
0.712443 1620
0.712443 1619
0.712443 1618
0.712443 1617
0.712443 1616
0.712443 1615
0.712443 1614
0.712443 1613
0.712443 1612
0.712443 1611
0.712443 1610
0.712443 1609
0.712443 1608
0.712443 1607
0.712437 1606
0.712437 1604
0.712437 1603
0.71232 1603
0.71232 1602
0.71232 1601
0.71232 1600
0.71232 1599
0.71232 1598
0.71232 1597
0.71232 1596
0.71232 1595
0.71232 1594
0.71232 1593
0.71232 1592
0.71232 1591
0.71232 1590
0.71232 1589
0.71232 1588
0.71232 1587
0.71232 1586
0.71232 1585
0.71232 1584
0.71232 1583
0.71232 1582
0.71232 1581
0.71232 1580
0.71232 1579
0.71232 1578
0.71232 1577
0.71232 1576
0.71232 1575
0.71232 1574
0.71232 1573
0.71232 1572
0.71232 1571
0.71232 1570
0.71232 1569
0.71232 1568
0.71232 1567
0.71232 1566
0.71232 1565
0.71232 1564
0.71232 1563
0.71232 1562
0.71232 1561
0.712259 1560
0.712259 1559
0.712259 1558
0.712259 1557
0.712248 1556
0.712248 1555
0.712248 1554
0.712248 1553
0.712248 1552
0.712121 1552
0.712121 1551
0.712121 1550
0.712121 1549
0.712121 1548
0.712121 1547
0.711975 1547
0.711975 1546
0.711975 1545
0.711975 1544
0.711975 1543
0.711975 1542
0.711975 1541
0.711975 1540
0.711975 1539
0.711975 1538
0.711975 1537
0.711975 1536
0.711975 1535
0.711975 1534
0.711975 1533
0.711975 1532
0.711975 1531
0.711975 1530
0.711975 1529
0.711975 1528
0.711975 1527
0.711975 1526
0.711887 1525
0.711887 1524
0.711887 1523
0.711887 1522
0.711887 1521
0.711887 1520
0.711887 1519
0.711887 1518
0.711887 1517
0.711887 1516
0.711887 1515
0.711887 1514
0.711887 1513
0.711887 1512
0.711887 1511
0.711887 1510
0.711887 1509
0.711887 1508
0.711887 1507
0.711887 1506
0.711887 1505
0.711887 1504
0.711887 1503
0.711887 1502
0.711887 1501
0.711887 1500
0.711887 1499
0.711887 1498
0.711887 1497
0.711887 1496
0.711887 1495
0.711887 1494
0.711887 1493
0.711887 1492
0.711887 1491
0.711887 1490
0.711887 1489
0.711887 1488
0.711887 1487
0.711887 1486
0.711887 1485
0.711887 1484
0.711887 1483
0.711887 1482
0.711887 1481
0.711887 1480
0.711887 1479
0.711887 1478
0.711887 1477
0.711887 1476
0.711887 1475
0.711887 1474
0.711887 1473
0.711887 1472
0.711887 1471
0.711887 1470
0.711887 1469
0.711887 1468
0.711887 1467
0.711887 1466
0.711887 1465
0.711887 1464
0.711887 1463
0.711887 1462
0.711887 1461
0.711887 1460
0.711887 1459
0.711887 1458
0.711887 1457
0.711887 1456
0.711887 1455
0.711887 1454
0.711887 1453
0.711887 1452
0.711887 1451
0.711887 1450
0.711863 1449
0.711863 1448
0.711863 1447
0.711768 1447
0.711768 1446
0.711768 1445
0.711768 1444
0.711768 1443
0.711768 1442
0.711768 1441
0.711768 1440
0.711768 1439
0.711768 1438
0.711768 1437
0.711768 1436
0.711768 1435
0.711768 1434
0.711768 1433
0.711768 1432
0.711768 1431
0.711768 1430
0.711768 1429
0.711635 1429
0.711635 1428
0.711635 1427
0.711635 1426
0.711635 1425
0.711635 1424
0.711635 1423
0.711635 1422
0.711635 1421
0.711635 1420
0.711635 1419
0.711635 1418
0.711635 1417
0.711635 1416
0.711591 1415
0.711591 1414
0.711591 1413
0.711591 1412
0.711591 1411
0.711591 1410
0.711591 1409
0.711591 1408
0.711591 1407
0.711591 1406
0.711591 1405
0.711591 1404
0.711527 1403
0.711527 1402
0.711527 1401
0.711527 1400
0.711527 1399
0.711527 1398
0.711527 1397
0.711527 1396
0.711527 1395
0.711527 1394
0.711527 1393
0.711527 1392
0.711527 1391
0.711527 1390
0.711527 1389
0.711527 1388
0.711393 1388
0.711393 1387
0.711393 1386
0.711393 1385
0.711393 1384
0.711393 1383
0.711393 1382
0.711393 1381
0.711393 1380
0.711393 1379
0.711393 1378
0.711393 1377
0.711393 1376
0.711393 1375
0.711393 1374
0.711393 1373
0.711393 1372
0.711393 1371
0.711393 1370
0.711393 1369
0.711393 1368
0.711393 1367
0.711393 1366
0.711393 1365
0.711393 1364
0.711393 1363
0.711393 1362
0.711393 1361
0.711393 1360
0.711393 1359
0.711393 1358
0.711393 1357
0.711393 1356
0.711393 1355
0.711393 1354
0.711393 1353
0.711393 1352
0.711393 1351
0.711393 1350
0.711393 1349
0.711393 1348
0.711393 1347
0.711393 1346
0.711393 1345
0.711393 1344
0.711393 1343
0.711351 1342
0.711241 1342
0.711241 1341
0.711241 1340
0.711241 1339
0.711241 1338
0.711241 1337
0.711241 1336
0.711241 1335
0.711241 1334
0.711241 1333
0.711241 1332
0.711128 1332
0.711128 1331
0.711128 1330
0.711128 1329
0.711128 1328
0.71104 1327
0.710933 1327
0.710933 1326
0.710933 1325
0.710933 1324
0.710933 1323
0.710898 1322
0.710898 1321
0.710898 1320
0.710898 1319
0.710898 1318
0.710898 1317
0.710898 1316
0.710898 1315
0.710898 1314
0.710898 1313
0.710898 1312
0.710898 1311
0.710898 1310
0.710898 1309
0.710898 1308
0.710898 1307
0.710898 1306
0.710898 1305
0.710898 1304
0.710898 1303
0.710898 1302
0.710898 1301
0.710898 1300
0.710898 1299
0.710898 1298
0.710898 1297
0.710898 1296
0.710898 1295
0.710898 1294
0.710898 1293
0.710898 1292
0.710898 1291
0.710898 1290
0.710898 1289
0.710898 1288
0.710898 1287
0.710898 1286
0.710898 1285
0.710898 1284
0.710783 1284
0.710783 1283
0.710783 1282
0.710783 1281
0.710783 1280
0.710743 1279
0.710743 1278
0.710743 1277
0.710743 1276
0.710743 1275
0.710743 1274
0.710743 1273
0.710743 1272
0.710743 1271
0.710743 1270
0.710743 1269
0.710743 1268
0.710743 1267
0.710743 1266
0.710743 1265
0.710743 1264
0.710743 1263
0.710743 1262
0.710714 1261
0.710714 1260
0.710714 1259
0.710714 1258
0.710714 1257
0.710714 1256
0.710714 1255
0.710573 1255
0.710573 1254
0.710573 1253
0.710573 1252
0.710573 1251
0.710573 1250
0.710573 1249
0.710573 1248
0.710573 1247
0.710573 1246
0.710573 1245
0.710573 1244
0.710573 1243
0.710573 1242
0.710573 1241
0.710573 1239
0.710573 1238
0.710573 1237
0.710573 1236
0.710573 1235
0.710573 1234
0.710573 1233
0.710509 1232
0.710509 1231
0.710509 1230
0.710509 1229
0.710509 1228
0.710509 1227
0.710509 1226
0.710509 1225
0.710383 1225
0.710383 1224
0.710383 1223
0.710383 1222
0.710383 1221
0.710383 1220
0.710383 1219
0.710383 1218
0.710383 1217
0.710383 1216
0.710383 1215
0.710383 1214
0.710383 1213
0.710383 1212
0.710383 1211
0.710383 1210
0.710383 1209
0.710383 1208
0.710383 1207
0.710383 1206
0.710383 1205
0.710383 1204
0.710383 1203
0.710258 1203
0.710258 1202
0.710258 1201
0.710258 1200
0.710258 1199
0.710258 1198
0.710258 1197
0.710138 1197
0.710138 1196
0.710138 1195
0.710138 1194
0.710138 1193
0.710138 1192
0.710138 1191
0.710138 1190
0.710138 1189
0.710003 1189
0.710003 1188
0.710003 1187
0.710003 1186
0.710003 1185
0.710003 1184
0.710003 1183
0.710003 1182
0.710003 1181
0.710003 1180
0.710003 1179
0.710003 1178
0.710003 1177
0.710003 1176
0.710003 1175
0.710003 1174
0.710003 1173
0.710003 1172
0.709886 1172
0.709886 1171
0.709886 1170
0.709886 1169
0.709886 1168
0.709886 1167
0.709886 1166
0.709886 1165
0.709886 1164
0.709886 1163
0.709886 1162
0.709886 1161
0.709886 1160
0.709886 1159
0.709886 1158
0.709886 1157
0.709886 1156
0.709781 1156
0.709781 1155
0.709781 1154
0.709781 1153
0.709781 1152
0.709781 1151
0.709781 1150
0.709781 1149
0.709781 1148
0.709781 1147
0.709781 1146
0.709696 1145
0.709696 1144
0.709696 1143
0.709696 1142
0.709696 1141
0.709696 1140
0.709696 1139
0.709696 1138
0.709696 1137
0.709696 1136
0.709606 1135
0.709606 1134
0.709606 1133
0.709606 1132
0.709606 1131
0.709606 1130
0.709606 1129
0.709606 1128
0.709606 1127
0.709606 1126
0.709606 1125
0.709606 1124
0.709606 1123
0.709606 1122
0.709606 1121
0.709606 1120
0.709606 1119
0.709606 1118
0.709606 1117
0.709606 1116
0.709606 1115
0.709606 1114
0.709606 1113
0.709606 1112
0.709606 1111
0.709606 1110
0.709489 1110
0.709489 1109
0.709489 1108
0.709489 1107
0.709489 1106
0.709489 1105
0.709489 1104
0.709489 1103
0.709489 1102
0.709489 1101
0.709489 1100
0.709489 1099
0.709489 1098
0.709489 1097
0.709489 1096
0.709489 1095
0.709489 1094
0.709489 1093
0.709489 1092
0.709489 1091
0.709489 1090
0.709489 1089
0.709489 1088
0.709489 1087
0.709489 1086
0.709489 1085
0.709489 1084
0.709489 1083
0.709489 1082
0.709489 1081
0.709345 1081
0.709345 1080
0.709345 1079
0.709345 1078
0.709345 1077
0.709345 1076
0.709345 1075
0.709345 1074
0.709345 1073
0.709345 1072
0.709345 1071
0.709345 1070
0.709345 1069
0.709345 1068
0.709345 1067
0.709345 1066
0.709227 1066
0.709227 1065
0.709227 1064
0.709227 1063
0.709227 1062
0.709227 1061
0.709227 1060
0.709227 1059
0.709227 1058
0.709227 1057
0.709227 1056
0.709227 1055
0.709108 1055
0.709108 1054
0.709108 1053
0.709108 1052
0.709108 1051
0.708973 1051
0.708973 1050
0.708973 1049
0.708973 1048
0.708973 1047
0.708973 1046
0.708973 1045
0.708973 1044
0.708973 1043
0.708973 1042
0.708973 1041
0.708973 1040
0.708897 1039
0.708897 1038
0.708897 1037
0.708897 1036
0.708897 1035
0.708897 1034
0.708897 1033
0.708897 1032
0.708897 1031
0.708897 1030
0.708897 1029
0.708897 1028
0.708897 1027
0.708897 1026
0.708897 1025
0.708897 1024
0.708897 1023
0.708897 1022
0.708897 1021
0.708897 1020
0.708897 1019
0.708897 1018
0.708897 1017
0.708897 1016
0.708897 1015
0.708897 1014
0.708838 1013
0.70875 1012
0.70875 1011
0.70875 1010
0.70875 1009
0.70875 1008
0.70875 1007
0.70875 1006
0.70875 1005
0.70875 1004
0.70875 1003
0.70875 1002
0.70875 1001
0.70875 1000
0.708671 999
0.708671 998
0.708671 997
0.708671 996
0.708671 995
0.708671 994
0.708671 993
0.708671 992
0.708671 991
0.70858 990
0.70858 989
0.70858 988
0.70858 987
0.70858 986
0.70858 985
0.70858 984
0.70858 983
0.70858 982
0.70858 981
0.70858 980
0.70858 979
0.70858 978
0.70858 977
0.70858 976
0.70858 975
0.70858 974
0.70858 973
0.70858 972
0.708471 972
0.708471 971
0.708471 970
0.708471 969
0.708471 968
0.708471 967
0.708471 966
0.708471 965
0.708471 964
0.708471 963
0.708321 963
0.708321 962
0.708321 961
0.708306 960
0.708306 959
0.708306 958
0.708306 957
0.708306 956
0.708306 955
0.708306 954
0.708306 953
0.708306 952
0.708306 951
0.708306 950
0.708306 949
0.708306 948
0.708306 947
0.708306 946
0.708306 945
0.708306 944
0.708306 943
0.708306 942
0.708306 941
0.708306 940
0.708306 939
0.708306 938
0.708306 937
0.708306 936
0.708306 935
0.708306 934
0.708306 933
0.708306 932
0.708306 931
0.708306 930
0.708306 929
0.708306 928
0.708306 927
0.708306 926
0.708306 925
0.708169 925
0.708169 924
0.708169 923
0.708169 922
0.708169 921
0.708169 920
0.708169 919
0.708169 918
0.708169 917
0.70802 917
0.70802 916
0.70802 915
0.70802 914
0.707951 913
0.707951 912
0.707919 911
0.707919 910
0.707864 909
0.707864 908
0.707864 907
0.707763 907
0.707763 906
0.70763 906
0.707497 906
0.707497 905
0.707398 905
0.707398 904
0.707398 903
0.707306 902
0.707306 901
0.707306 900
0.707306 899
0.707306 898
0.707233 897
0.707233 896
0.707233 895
0.707233 894
0.707233 893
0.707233 892
0.707233 891
0.707233 890
0.707233 889
0.707233 888
0.707233 887
0.707233 886
0.707233 885
0.707233 884
0.707233 883
0.707233 882
0.707169 881
0.707169 880
0.707169 879
0.707169 878
0.707169 877
0.707169 876
0.707169 875
0.707169 874
0.707023 874
0.707023 873
0.707023 872
0.707023 871
0.707023 870
0.707023 869
0.707023 868
0.707023 867
0.707023 866
0.707023 865
0.707023 864
0.70699 863
0.70699 862
0.70699 861
0.70699 860
0.70699 859
0.70699 858
0.70699 857
0.70699 856
0.70699 855
0.70699 854
0.70699 853
0.70699 852
0.70699 851
0.70699 850
0.70699 849
0.70699 848
0.70699 847
0.70699 846
0.70699 845
0.70699 844
0.70699 843
0.706942 842
0.706942 841
0.706942 840
0.706942 839
0.706863 838
0.706863 837
0.706863 836
0.706863 835
0.706863 834
0.706863 833
0.706863 832
0.706863 831
0.706863 830
0.706863 829
0.706722 829
0.706722 828
0.706722 827
0.706722 826
0.706722 825
0.706722 824
0.706722 823
0.706722 822
0.706722 821
0.706722 820
0.706628 819
0.706628 818
0.706628 817
0.706628 816
0.706628 815
0.706628 814
0.706628 813
0.706628 812
0.706628 811
0.706628 810
0.706628 809
0.706502 809
0.706502 808
0.706502 807
0.706502 806
0.706502 805
0.706502 804
0.706502 803
0.706502 802
0.706502 801
0.706502 800
0.706502 799
0.706502 798
0.706502 797
0.706502 796
0.706502 795
0.706502 794
0.706502 793
0.706502 792
0.706502 791
0.706502 790
0.706502 789
0.706502 788
0.706502 787
0.706502 786
0.706437 785
0.706437 784
0.706437 783
0.706437 782
0.706348 781
0.706348 780
0.706301 779
0.706301 778
0.706301 777
0.706301 776
0.706301 775
0.706301 774
0.706301 773
0.706301 772
0.706301 771
0.706301 770
0.706301 769
0.706301 768
0.706203 768
0.706056 768
0.706056 767
0.706056 766
0.706056 765
0.705967 764
0.705967 763
0.705967 762
0.705967 761
0.705967 760
0.705967 759
0.705967 758
0.705859 758
0.705859 757
0.705794 756
0.705794 755
0.705794 754
0.705794 753
0.705794 752
0.705794 751
0.705794 750
0.705794 749
0.705654 749
0.705654 748
0.705654 747
0.705654 746
0.705654 745
0.705654 744
0.705654 743
0.705654 742
0.705654 741
0.705654 740
0.705654 739
0.705654 738
0.705654 737
0.705654 736
0.705654 735
0.705541 735
0.705541 734
0.705541 733
0.705541 732
0.705411 732
0.705411 731
0.705411 730
0.705411 729
0.705301 729
0.705198 729
0.705198 728
0.705198 727
0.705198 726
0.705198 725
0.705123 724
0.705123 723
0.70506 722
0.705003 721
0.705003 720
0.705003 719
0.705003 718
0.704856 718
0.704856 717
0.704856 716
0.704856 715
0.704856 714
0.704856 713
0.704856 712
0.704856 711
0.704856 710
0.704856 709
0.704856 708
0.704856 707
0.704856 706
0.704856 705
0.704856 704
0.704856 703
0.704856 702
0.704856 701
0.704856 700
0.704856 699
0.704856 698
0.704856 697
0.704856 696
0.704856 695
0.704856 694
0.704856 693
0.704816 692
0.704816 691
0.704816 690
0.704816 689
0.704816 688
0.704672 688
0.704672 687
0.704553 687
0.704553 686
0.704553 685
0.704553 684
0.704553 683
0.704553 682
0.704553 681
0.704418 681
0.704418 680
0.704418 679
0.704418 678
0.704418 677
0.704418 676
0.704418 675
0.704418 674
0.704418 673
0.704418 672
0.704418 671
0.704418 670
0.704309 670
0.704309 669
0.704309 668
0.704309 667
0.704309 666
0.704309 665
0.704161 665
0.704161 664
0.704161 663
0.704161 662
0.704161 661
0.704161 660
0.704161 659
0.704161 658
0.704037 658
0.704037 657
0.704037 656
0.703965 655
0.703965 654
0.703965 653
0.703965 652
0.703965 651
0.703965 649
0.703965 648
0.703965 647
0.703965 646
0.703897 645
0.703897 644
0.703897 643
0.703897 642
0.703897 641
0.703897 640
0.703897 639
0.703897 638
0.703897 637
0.703897 636
0.703897 635
0.703897 634
0.703811 633
0.703811 632
0.703811 631
0.703811 630
0.703704 630
0.703704 629
0.703704 628
0.703704 627
0.703551 627
0.703499 626
0.703499 625
0.703499 624
0.703499 623
0.703499 622
0.703499 621
0.703499 620
0.703385 620
0.703385 619
0.703385 618
0.703385 617
0.703385 616
0.703385 615
0.703385 614
0.703279 614
0.703279 613
0.703279 612
0.703279 611
0.703279 610
0.703279 609
0.703279 608
0.703279 607
0.703279 606
0.703279 605
0.703279 604
0.703279 603
0.703279 602
0.703279 601
0.703149 601
0.703149 600
0.703149 599
0.703149 598
0.703037 598
0.703037 597
0.703037 596
0.703037 595
0.703037 594
0.702905 594
0.702905 593
0.702905 592
0.702768 592
0.702768 591
0.702768 590
0.702768 589
0.702768 588
0.702768 587
0.702768 586
0.702768 585
0.702679 584
0.702679 583
0.702679 582
0.702679 581
0.702679 580
0.702679 579
0.702679 578
0.702538 578
0.702426 578
0.702426 577
0.702426 576
0.702426 575
0.702426 574
0.702426 573
0.702272 573
0.70222 572
0.702075 572
0.702075 571
0.702075 570
0.701953 570
0.701953 569
0.701953 568
0.701953 567
0.701953 566
0.701953 565
0.701953 564
0.701953 563
0.701809 563
0.701809 562
0.701809 561
0.701809 560
0.701809 559
0.701683 559
0.701683 558
0.701683 557
0.701683 556
0.701528 556
0.701528 555
0.701457 554
0.701457 553
0.701457 552
0.701457 551
0.701457 550
0.701457 549
0.701314 549
0.701314 548
0.701314 547
0.701235 546
0.701089 546
0.700947 546
0.700947 545
0.700947 544
0.700947 543
0.700947 542
0.700841 542
0.700841 541
0.700841 540
0.700841 539
0.700841 538
0.700841 537
0.700841 536
0.700841 535
0.700841 534
0.700841 533
0.700698 533
0.700698 532
0.700698 531
0.700698 529
0.700698 528
0.700698 527
0.700698 526
0.700698 525
0.700581 525
0.700581 524
0.700581 523
0.700581 522
0.700459 522
0.700341 522
0.700225 522
0.700225 521
0.700171 520
0.700025 520
0.69991 520
0.69991 519
0.699787 519
0.699787 518
0.699787 517
0.699787 516
0.699787 515
0.699787 514
0.699787 513
0.699787 512
0.699644 512
0.699644 511
0.699644 510
0.699644 509
0.699644 508
0.699547 507
0.699543 506
0.699543 505
0.699543 504
0.699543 503
0.699543 502
0.699543 501
0.699543 500
0.699543 499
0.699543 498
0.699494 497
0.699494 496
0.699432 495
0.699432 494
0.699432 493
0.699432 492
0.699432 491
0.699432 490
0.699432 489
0.6993 489
0.6993 488
0.6993 487
0.6993 486
0.6993 485
0.6993 484
0.6993 483
0.699192 483
0.699192 482
0.699192 481
0.699192 480
0.699192 479
0.699048 479
0.699048 478
0.699048 477
0.698922 477
0.698922 476
0.698922 475
0.698922 474
0.698922 473
0.698922 472
0.698922 471
0.698796 471
0.698796 470
0.698796 469
0.698796 468
0.698796 467
0.698796 466
0.698796 465
0.698796 464
0.698796 463
0.698796 462
0.698708 461
0.698706 460
0.698706 459
0.698706 458
0.698706 457
0.698564 457
0.698487 456
0.698365 456
0.698365 455
0.698365 454
0.698205 454
0.698205 453
0.698091 453
0.698091 452
0.698091 451
0.698091 450
0.698091 449
0.698091 448
0.698091 447
0.698091 446
0.698091 445
0.698091 444
0.698091 443
0.698091 442
0.698091 441
0.698091 440
0.697958 440
0.697958 439
0.697879 438
0.697879 437
0.697821 436
0.697821 435
0.697821 434
0.697821 433
0.697821 432
0.697821 431
0.697821 430
0.697821 429
0.697821 428
0.697821 427
0.697686 427
0.69758 427
0.69758 426
0.697457 426
0.697333 426
0.697333 425
0.697186 425
0.697186 424
0.697186 423
0.697072 423
0.697072 422
0.696957 422
0.696957 421
0.696957 420
0.696874 419
0.696874 418
0.696874 417
0.696782 416
0.696782 415
0.696782 414
0.696782 413
0.696782 412
0.696782 411
0.696782 410
0.696782 409
0.696676 409
0.696676 408
0.696676 407
0.696676 406
0.696676 405
0.696676 404
0.696676 403
0.696676 402
0.696676 401
0.696676 400
0.696676 399
0.696544 399
0.696544 398
0.696544 397
0.696392 397
0.696392 396
0.696392 395
0.696251 395
0.696251 394
0.696251 393
0.696101 393
0.696101 392
0.696101 391
0.696101 390
0.696101 389
0.696101 388
0.696101 387
0.696101 386
0.696101 385
0.696101 384
0.696101 383
0.695959 383
0.695959 382
0.69584 382
0.69584 381
0.695725 381
0.695725 380
0.695725 379
0.695725 378
0.695725 377
0.695633 377
0.695633 376
0.695633 375
0.695633 374
0.695562 373
0.695562 372
0.695475 371
0.695475 370
0.695356 370
0.695356 369
0.695356 368
0.695356 367
0.695356 366
0.695282 365
0.695197 364
0.695197 363
0.695197 362
0.695197 361
0.695197 360
0.695069 360
0.695069 359
0.695069 358
0.694951 358
0.694951 357
0.694951 356
0.694951 355
0.694951 354
0.694951 353
0.694951 352
0.694951 351
0.694951 350
0.694855 349
0.694855 348
0.694855 347
0.694855 346
0.694855 345
0.694721 345
0.694721 344
0.694721 343
0.694721 342
0.694613 342
0.694613 341
0.694613 340
0.694465 340
0.694465 339
0.694338 339
0.694338 338
0.694196 338
0.694093 338
0.693959 338
0.693959 337
0.693959 336
0.693959 335
0.693959 334
0.693844 334
0.693844 333
0.693844 332
0.693844 330
0.693844 329
0.693694 329
0.69357 329
0.69357 328
0.69357 327
0.69357 326
0.69357 325
0.693423 325
0.693423 324
0.693326 323
0.693326 322
0.693326 321
0.693326 320
0.693206 320
0.693077 320
0.693077 319
0.693077 318
0.693077 317
0.693077 316
0.692987 315
0.692987 314
0.692848 314
0.692848 313
0.692742 313
0.692742 312
0.692742 311
0.692742 310
0.692639 310
0.692503 310
0.692503 309
0.692503 308
0.692503 307
0.692503 306
0.692503 305
0.692503 304
0.692503 303
0.692429 302
0.692429 301
0.692429 300
0.692429 299
0.692429 298
0.692429 297
0.692429 296
0.692429 295
0.692429 294
0.692429 293
0.69232 293
0.69232 292
0.692239 291
0.692116 291
0.691998 291
0.691998 290
0.691998 289
0.691998 288
0.691998 287
0.691998 286
0.691998 285
0.691899 285
0.691899 284
0.691775 284
0.691618 284
0.691618 283
0.691618 282
0.691618 281
0.691618 280
0.691515 280
0.691429 279
0.691429 278
0.691356 277
0.691356 276
0.69125 276
0.691102 276
0.690948 276
0.690846 276
0.690697 276
0.690697 275
0.690697 274
0.690697 273
0.690546 273
0.690546 272
0.690546 271
0.690546 270
0.690546 269
0.690546 268
0.6904 268
0.6904 267
0.690261 267
0.690261 266
0.690261 265
0.690261 264
0.690261 263
0.690261 262
0.690261 261
0.690261 260
0.690261 259
0.690231 258
0.690104 258
0.690104 257
0.690104 256
0.690104 255
0.690104 254
0.68997 254
0.68997 253
0.68997 252
0.68997 251
0.68986 251
0.689716 251
0.689716 250
0.68959 250
0.689501 249
0.689501 248
0.689344 248
0.689344 247
0.689344 246
0.689344 245
0.68925 244
0.689184 243
0.689079 243
0.688924 243
0.688924 242
0.688799 242
0.688799 241
0.688799 240
0.688655 240
0.688655 239
0.688655 238
0.688655 237
0.688555 237
0.688555 236
0.688555 235
0.688555 234
0.688555 233
0.688555 232
0.688555 231
0.688555 230
0.688418 230
0.688308 230
0.688181 230
0.688181 229
0.688181 228
0.688054 228
0.687922 228
0.687922 227
0.68777 227
0.68777 226
0.687624 226
0.68751 226
0.68751 225
0.687432 224
0.687307 224
0.687212 223
0.687212 222
0.687093 222
0.687093 221
0.687093 220
0.687093 219
0.687093 218
0.687093 217
0.687093 216
0.687093 215
0.687093 214
0.686988 214
0.686988 213
0.686988 212
0.686988 211
0.686879 211
0.686879 210
0.686733 210
0.686733 209
0.686733 208
0.686606 208
0.686606 207
0.686481 207
0.686366 207
0.686247 207
0.686247 206
0.686247 205
0.686134 205
0.686134 204
0.686104 203
0.686104 202
0.685954 202
0.685954 201
0.685807 201
0.685807 200
0.685807 199
0.685807 198
0.685807 197
0.685807 196
0.685691 196
0.685597 195
0.685483 195
0.685483 194
0.685483 193
0.685483 192
0.685483 191
0.685384 191
0.685282 191
0.685282 190
0.685282 189
0.685139 189
0.685139 188
0.685016 188
0.685016 187
0.684885 187
0.684885 186
0.684774 186
0.684774 185
0.684774 184
0.684774 183
0.684629 183
0.684509 183
0.684509 182
0.684509 181
0.684413 180
0.684413 179
0.684413 178
0.684413 177
0.68429 177
0.684144 177
0.684144 176
0.684144 175
0.684144 174
0.684144 173
0.684144 172
0.684029 172
0.683895 172
0.683837 171
0.683692 171
0.683692 170
0.683692 169
0.683692 168
0.683549 168
0.683486 167
0.683486 166
0.683364 166
0.683239 166
0.683239 165
0.683157 164
0.683148 163
0.683148 162
0.683148 161
0.683007 161
0.682876 161
0.682795 160
0.682661 160
0.682511 160
0.682511 159
0.68238 159
0.682245 159
0.682122 159
0.682001 159
0.681904 159
0.681904 158
0.681904 157
0.681774 157
0.681774 156
0.681774 155
0.681666 155
0.681666 154
0.681666 153
0.681554 153
0.681449 153
0.681449 152
0.681449 151
0.681449 150
0.681312 150
0.681176 150
0.681114 149
0.681114 148
0.681114 147
0.681114 146
0.680984 146
0.680883 146
0.680883 145
0.68076 145
0.680616 145
0.680491 145
0.680356 145
0.680203 145
0.680203 144
0.680203 143
0.680203 142
0.680047 142
0.679914 142
0.679815 142
0.679815 141
0.679743 140
0.67965 139
0.67965 138
0.679522 138
0.679417 138
0.679417 137
0.679417 136
0.679284 136
0.679284 135
0.679284 134
0.679284 133
0.679284 132
0.67919 131
0.67919 130
0.67919 129
0.679105 128
0.679105 127
0.679105 126
0.679105 125
0.678965 125
0.678965 124
0.678965 123
0.678843 123
0.678799 122
0.678799 121
0.67868 121
0.678555 121
0.678555 120
0.678555 119
0.678555 118
0.678555 117
0.678404 117
0.678264 117
0.678264 116
0.678126 116
0.678126 115
0.678126 114
0.678126 113
0.678031 112
0.678031 111
0.678031 110
0.678031 109
0.677906 109
0.67775 109
0.677603 109
0.677603 108
0.67746 108
0.67746 107
0.677328 107
0.677194 107
0.677082 107
0.677082 106
0.677082 105
0.676993 104
0.676873 104
0.676873 103
0.676873 102
0.676873 101
0.676873 100
0.676734 100
0.676734 99
0.676588 99
0.676497 98
0.676369 98
0.676235 98
0.676126 98
0.676126 97
0.675983 97
0.675983 96
0.675834 96
0.675834 95
0.675681 95
0.675596 94
0.675596 93
0.675596 92
0.675596 91
0.675474 91
0.675359 91
0.675359 90
0.675359 89
0.675225 89
0.675225 88
0.675093 88
0.674948 88
0.674816 88
0.674668 88
0.674668 87
0.674668 86
0.674538 86
0.674538 85
0.674422 85
0.674282 85
0.674282 84
0.674168 84
0.674168 83
0.674016 83
0.673905 83
0.673803 83
0.673803 82
0.673656 82
0.673656 81
0.673512 81
0.673244 81
0.673132 81
0.673016 81
0.672871 81
0.672734 81
0.672609 81
0.672609 80
0.672465 80
0.672327 80
0.672167 80
0.672167 79
0.672054 79
0.672054 78
0.671905 78
0.671752 78
0.671619 78
0.671505 78
0.671428 77
0.671428 76
0.671279 76
0.671156 76
0.671021 76
0.670886 76
0.670886 75
0.670789 74
0.670624 74
0.670508 74
0.670508 73
0.670508 72
0.670396 72
0.670276 72
0.670135 72
0.670012 72
0.669889 72
0.669772 72
0.669772 71
0.669772 70
0.669772 69
0.66966 69
0.669535 69
0.669412 69
0.669412 68
0.669412 67
0.669292 67
0.669292 66
0.669292 65
0.669292 64
0.66917 64
0.66917 63
0.669043 63
0.668908 63
0.668807 63
0.668646 63
0.668646 62
0.668493 62
0.668335 62
0.668335 61
0.668203 61
0.668203 60
0.668054 60
0.667959 59
0.667834 59
0.66772 59
0.66772 58
0.667582 58
0.667428 58
0.667299 58
0.667299 57
0.667151 57
0.667061 56
0.66695 56
0.6668 56
0.666679 56
0.666592 55
0.666479 55
0.666479 54
0.666346 54
0.666217 54
0.6661 54
0.665944 54
0.665818 54
0.665727 53
0.66562 53
0.66562 52
0.665484 52
0.665366 52
0.665274 51
0.665274 50
0.665164 50
0.665055 50
0.665055 49
0.664935 49
0.664797 49
0.664682 49
0.664682 48
0.664537 48
0.664537 47
0.664428 47
0.664273 47
0.664201 46
0.664067 46
0.66394 46
0.663846 45
0.663719 45
0.663587 45
0.663444 45
0.663318 45
0.663172 45
0.663063 45
0.662966 45
0.662966 44
0.662966 43
0.662839 43
0.66269 43
0.662577 43
0.662439 43
0.662306 43
0.662306 42
0.662157 42
0.662 42
0.661851 42
0.661718 42
0.661718 41
0.661566 41
0.661566 40
0.661424 40
0.661424 39
0.661266 39
0.661181 38
0.661041 38
0.660914 38
0.660783 38
0.660669 38
0.660545 38
0.660433 38
0.660335 38
0.660219 38
0.660219 37
0.660081 37
0.659963 37
0.659834 37
0.659711 37
0.659563 37
0.659563 36
0.659435 36
0.659305 36
0.659173 36
0.659031 36
0.658886 36
0.658747 36
0.658611 36
0.65846 36
0.658432 35
0.658294 35
0.658145 35
0.657987 35
0.657843 35
0.657696 35
0.657549 35
0.657419 35
0.657261 35
0.657145 35
0.657038 35
0.656881 35
0.656881 34
0.656742 34
0.65664 34
0.656489 34
0.656343 34
0.656343 33
0.656203 33
0.656072 33
0.655937 33
0.655806 33
0.655806 32
0.65566 32
0.655543 32
0.65543 32
0.655311 32
0.655213 32
0.655213 31
0.655213 30
0.655069 30
0.654933 30
0.654933 29
0.654791 29
0.654667 29
0.654667 28
0.654544 28
0.654386 28
0.654264 28
0.654156 28
0.654156 27
0.654026 27
0.653872 27
0.653731 27
0.65359 27
0.653466 27
0.653315 27
0.653205 27
0.653054 27
0.652927 27
0.652778 27
0.652641 27
0.652503 27
0.652357 27
0.652207 27
0.652081 27
0.651993 26
0.651871 26
0.651721 26
0.651569 26
0.651434 26
0.651434 25
0.651302 25
0.651171 25
0.651171 24
0.651038 24
0.651038 23
0.650896 23
0.650752 23
0.650642 23
0.650537 23
0.650378 23
0.650219 23
0.650083 23
0.649954 23
0.649854 23
0.649738 23
0.649633 23
0.649495 23
0.649385 23
0.649299 22
0.649206 21
0.649062 21
0.648909 21
0.648757 21
0.648599 21
0.64849 21
0.648208 21
0.648136 20
0.647983 20
0.647983 19
0.647842 19
0.647707 19
0.647584 19
0.647428 19
0.647306 19
0.647198 19
0.647091 19
0.646975 19
0.646827 19
0.646674 19
0.646538 19
0.646388 19
0.646388 18
0.646243 18
0.646089 18
0.645963 18
0.645825 18
0.645699 18
0.645547 18
0.645433 18
0.645311 18
0.645162 18
0.645037 18
0.644925 18
0.644789 18
0.644641 18
0.644488 18
0.644343 18
0.644199 18
0.644046 18
0.643895 18
0.643741 18
0.643592 18
0.643434 18
0.643301 18
0.643177 18
0.643055 18
0.642882 18
0.642737 18
0.642591 18
0.642447 18
0.642321 18
0.642179 18
0.642066 18
0.641939 18
0.641796 18
0.641697 18
0.641568 18
0.64142 18
0.641296 18
0.641164 18
0.641024 18
0.640904 18
0.640763 18
0.640626 18
0.640468 18
0.640332 18
0.640187 18
0.640048 18
0.639899 18
0.639779 18
0.639625 18
0.639479 18
0.639376 18
0.639232 18
0.639086 18
0.63894 18
0.63894 17
0.63884 17
0.638736 17
0.63859 17
0.638454 17
0.638309 17
0.638173 17
0.638027 17
0.637896 17
0.637754 17
0.637607 17
0.637474 17
0.637343 17
0.637206 17
0.637093 17
0.637093 16
0.636944 16
0.636801 16
0.636664 16
0.636537 16
0.636442 15
0.636442 14
0.636307 14
0.63615 14
0.636 14
0.63585 14
0.635711 14
0.635559 14
0.635427 14
0.635324 14
0.63523 13
0.635086 13
0.63508 12
0.63508 11
0.634935 11
0.634812 11
0.63471 11
0.634566 11
0.634412 11
0.63426 11
0.634102 11
0.633955 11
0.633836 11
0.633697 11
0.633538 11
0.633401 11
0.633239 11
0.633095 11
0.632946 11
0.632808 11
0.632681 11
0.63254 11
0.632446 10
0.632302 10
0.632188 10
0.632044 10
0.631884 10
0.631754 10
0.631615 10
0.631497 10
0.631348 10
0.631196 10
0.631051 10
0.630902 10
0.630763 10
0.630622 10
0.630471 10
0.630342 10
0.630212 10
0.630071 10
0.629916 10
0.629783 10
0.6297 9
0.629569 9
0.62942 9
0.629262 9
0.629128 9
0.628989 9
0.628889 9
0.62875 9
0.628645 9
0.628495 9
0.628336 9
0.628182 9
0.628034 9
0.627896 9
0.627776 9
0.627636 9
0.6275 9
0.627338 9
0.627194 9
0.627043 9
0.626897 9
0.626769 9
0.626515 9
0.626515 8
0.626364 8
0.626211 8
0.626101 8
0.625948 8
0.625836 8
0.625681 8
0.625538 8
0.625393 8
0.625314 7
0.625168 7
0.625014 7
0.624882 7
0.624731 7
0.624598 7
0.624467 7
0.624326 7
0.624175 7
0.624018 7
0.623875 7
0.623727 7
0.623606 7
0.623466 7
0.623316 7
0.623217 7
0.623073 7
0.622918 7
0.622786 7
0.622786 6
0.622653 6
0.622497 6
0.622356 6
0.622213 6
0.622077 6
0.621937 6
0.621811 6
0.621667 6
0.621516 6
0.621374 6
0.621238 6
0.621106 6
0.620972 6
0.620844 6
0.620693 6
0.620555 6
0.620423 6
0.620284 6
0.620162 6
0.620072 5
0.61991 5
0.619752 5
0.619639 5
0.619508 5
0.619357 5
0.619236 5
0.619085 5
0.618937 5
0.618828 5
0.618711 5
0.618561 5
0.618431 5
0.618308 5
0.618146 5
0.61801 5
0.617849 5
0.617711 5
0.617582 5
0.617482 5
0.617341 5
0.617221 5
0.617079 5
0.616938 5
0.61678 5
0.616622 5
0.616358 5
0.61621 5
0.616079 5
0.615924 5
0.61579 5
0.615643 5
0.615504 5
0.615347 5
0.615202 5
0.61505 5
0.614915 5
0.614776 5
0.614642 5
0.614494 5
0.614342 5
0.614212 5
0.614079 5
0.613932 5
0.613772 5
0.61363 5
0.613496 5
0.613349 5
0.613202 5
0.613056 5
0.612892 5
0.612788 5
0.612634 5
0.61249 5
0.612363 5
0.612213 5
0.612076 5
0.61198 4
0.611837 4
0.611682 4
0.611532 4
0.611396 4
0.611263 4
0.611144 4
0.610999 4
0.610844 4
0.610702 4
0.610547 4
0.610406 4
0.610268 4
0.610115 4
0.609962 4
0.609821 4
0.609672 4
0.609516 4
0.609228 4
0.609082 4
0.608937 4
0.60878 4
0.608644 4
0.608501 4
0.608369 4
0.608222 4
0.608073 4
0.607948 4
0.607793 4
0.607676 4
0.607537 4
0.607537 3
0.607392 3
0.607251 3
0.607098 3
0.606963 3
0.606814 3
0.606664 3
0.606534 3
0.60641 3
0.606254 3
0.605954 3
0.605805 3
0.605649 3
0.605515 3
0.605515 2
0.605363 2
0.605218 2
0.605101 2
0.604948 2
0.604798 2
0.60466 2
0.604517 2
0.604383 2
0.604237 2
0.60409 2
0.603788 2
0.603655 2
0.603524 2
0.603368 2
0.603224 2
0.603088 2
0.602945 2
0.602794 2
0.602638 2
0.602473 2
0.602337 2
0.602198 2
0.60206 2
0.601921 2
0.601792 2
0.60168 2
0.601547 2
0.601395 2
0.601235 2
0.601084 2
0.60094 2
0.600792 2
0.600639 2
0.600495 2
0.600336 2
0.600186 2
0.600052 2
0.599916 2
0.599766 2
0.599631 2
0.599478 2
0.59938 2
0.599241 2
0.599118 2
0.598964 2
0.598806 2
0.598695 2
0.598579 2
0.598438 2
0.598309 2
0.598169 2
0.598045 2
0.597897 2
0.597762 2
0.597613 2
0.597458 2
0.597335 2
0.597205 2
0.597069 2
0.596911 2
0.596779 2
0.596634 2
0.596345 2
0.596228 2
0.596074 2
0.595956 2
0.595812 2
0.595658 2
0.595507 2
0.595365 2
0.595214 2
0.595057 2
0.594929 2
0.594784 2
0.594634 2
0.594494 2
0.594346 2
0.594216 2
0.594081 2
0.593975 2
0.593834 2
0.593686 2
0.593531 2
0.593382 2
0.593254 2
0.593123 2
0.592969 2
0.592815 2
0.59266 2
0.592514 2
0.592367 2
0.592243 2
0.592095 2
0.591953 2
0.591811 2
0.591668 2
0.591522 2
0.591386 2
0.591234 2
0.59109 2
0.590959 2
0.590815 2
0.590676 2
0.590522 2
0.590371 2
0.590225 2
0.590111 2
0.58996 2
0.589805 2
0.589649 2
0.589492 2
0.589346 2
0.589214 2
0.589079 2
0.58893 2
0.588788 2
0.588641 2
0.588518 2
0.58835 2
0.588213 2
0.588081 2
0.587935 2
0.587782 2
0.587633 2
0.587353 2
0.587215 2
0.587082 2
0.58692 2
0.586775 2
0.586627 2
0.586489 2
0.586352 2
0.586212 2
0.586068 2
0.58592 2
0.585783 2
0.585627 2
0.585466 2
0.585324 2
0.585202 2
0.58505 2
0.584911 2
0.584792 2
0.584683 2
0.584529 2
0.584368 2
0.584225 2
0.584109 2
0.583972 2
0.583834 2
0.583679 2
0.58353 2
0.583394 2
0.583251 2
0.583111 2
0.582973 2
0.582824 2
0.582668 2
0.582512 2
0.582352 2
0.582193 2
0.58204 2
0.581882 2
0.581726 2
0.581584 2
0.581428 2
0.581286 2
0.581159 2
0.581026 2
0.580884 2
0.580734 2
0.580596 2
0.580443 2
0.580301 2
0.580174 2
0.58003 2
0.579913 2
0.579758 2
0.579601 2
0.579463 2
0.5793 2
0.579148 2
0.579023 2
0.578881 2
0.57873 2
0.578604 2
0.578451 2
0.578312 2
0.578174 2
0.578028 2
0.577894 2
0.577737 2
0.577595 2
0.577449 2
0.577305 2
0.577149 2
0.576995 2
0.57686 2
0.576702 2
0.576567 2
0.576463 2
0.576321 2
0.576175 2
0.576023 2
0.575868 2
0.57572 2
0.57559 2
0.575466 2
0.575329 2
0.575173 2
0.575023 2
0.574875 2
0.574732 2
0.57459 2
0.574452 2
0.574301 2
0.574155 2
0.573998 2
0.573847 2
0.573708 2
0.573554 2
0.573412 2
0.573268 2
0.573125 2
0.572981 2
0.572852 2
0.57271 2
0.572569 2
0.572417 2
0.572285 2
0.572164 2
0.572022 2
0.571879 2
0.571723 2
0.571468 2
0.571311 2
0.571155 2
0.571002 2
0.570854 2
0.570707 2
0.570544 2
0.570261 2
0.570127 2
0.569978 2
0.569831 2
0.569672 2
0.56952 2
0.569363 2
0.569215 2
0.569063 2
0.568759 2
0.568606 2
0.568451 2
0.568303 2
0.568164 2
0.568032 2
0.567879 2
0.567718 2
0.567575 2
0.567418 2
0.567284 2
0.56702 2
0.566871 2
0.56672 2
0.56657 2
0.566422 2
0.566289 2
0.56614 2
0.566015 2
0.565882 2
0.565738 2
0.565599 2
0.565431 2
0.565296 2
0.565142 2
0.56501 2
0.564854 2
0.564712 2
0.564568 2
0.564421 2
0.564279 2
0.564123 2
0.563973 2
0.563846 2
0.563688 2
0.563525 2
0.563384 2
0.563257 2
0.563095 2
0.562953 2
0.562793 2
0.562648 2
0.562499 2
0.562352 2
0.5622 2
0.562045 2
0.561894 2
0.561743 2
0.561594 2
0.561462 2
0.561303 2
0.561158 2
0.561008 2
0.560869 2
0.560727 2
0.560578 2
0.560424 2
0.560118 2
0.559947 2
0.559815 2
0.559688 2
0.559539 2
0.559388 2
0.559261 2
0.559105 2
0.558948 2
0.558811 2
0.558662 2
0.558508 2
0.55835 2
0.55819 2
0.558031 2
0.557884 2
0.557762 2
0.557616 2
0.557458 2
0.557314 2
0.557161 2
0.557034 2
0.556881 2
0.556738 2
0.556482 2
0.556332 2
0.556191 2
0.556046 2
0.555892 1
0.5556 1
0.555505 0
0.555348 0
0.5552 0
0.555051 0
0.554901 0
0.554758 0
0.55461 0
0.554455 0
0.554315 0
0.554175 0
0.554033 0
0.553876 0
0.553743 0
0.553598 0
0.553475 0
0.553167 0
0.553008 0
0.552847 0
0.55269 0
0.552542 0
0.552395 0
0.552257 0
0.55211 0
0.551959 0
0.551827 0
0.551678 0
0.551518 0
0.551048 0
0.550911 0
0.55078 0
0.550633 0
0.550495 0
0.550337 0
0.550185 0
0.550031 0
0.549874 0
0.549735 0
0.549579 0
0.549421 0
0.549112 0
0.548954 0
0.548804 0
0.548669 0
0.548512 0
0.548361 0
0.548214 0
0.547918 0
0.547641 0
0.547495 0
0.547348 0
0.547199 0
0.546896 0
0.54673 0
0.54659 0
0.546452 0
0.546312 0
0.546171 0
0.546023 0
0.545867 0
0.545707 0
0.545408 0
0.545253 0
0.545103 0
0.544964 0
0.544809 0
0.544675 0
0.544552 0
0.544412 0
0.544256 0
0.5441 0
0.543957 0
0.54368 0
0.543529 0
0.543371 0
0.54324 0
0.543085 0
0.542951 0
0.542805 0
0.542658 0
0.542509 0
0.542363 0
0.542203 0
0.542055 0
0.541914 0
0.541632 0
0.541485 0
0.541334 0
0.541196 0
0.541045 0
0.540896 0
0.540765 0
0.540621 0
0.540316 0
0.54018 0
0.540052 0
0.539906 0
0.539757 0
0.5396 0
0.539457 0
0.539283 0
0.539136 0
0.538982 0
0.538673 0
0.538253 0
0.538104 0
0.53796 0
0.53781 0
0.537672 0
0.537527 0
0.537367 0
0.537211 0
0.537077 0
0.536931 0
0.536788 0
0.536632 0
0.536492 0
0.53635 0
0.53621 0
0.536065 0
0.535935 0
0.535782 0
0.535645 0
0.535485 0
0.535328 0
0.535174 0
0.535025 0
0.53489 0
0.534735 0
0.534589 0
0.534442 0
0.534293 0
0.534146 0
0.533998 0
0.533687 0
0.533532 0
0.533387 0
0.533265 0
0.532823 0
0.532674 0
0.532548 0
0.532397 0
0.53226 0
0.532107 0
0.531965 0
0.531816 0
0.531506 0
0.531354 0
0.531056 0
0.530923 0
0.530785 0
0.530628 0
0.530473 0
0.530327 0
0.530177 0
0.53004 0
0.529888 0
0.529737 0
0.529593 0
0.529443 0
0.529299 0
0.529152 0
0.528873 0
0.528721 0
0.528586 0
0.528272 0
0.528114 0
0.527972 0
0.527666 0
0.527523 0
0.527375 0
0.527229 0
0.526918 0
0.526755 0
0.526631 0
0.526488 0
0.52633 0
0.526182 0
0.525872 0
0.525744 0
0.525589 0
0.525443 0
0.525148 0
0.524994 0
0.524839 0
0.524692 0
0.524532 0
0.524385 0
0.524243 0
0.52409 0
0.523963 0
0.523688 0
0.523577 0
0.52342 0
0.523122 0
0.522977 0
0.522828 0
0.52268 0
0.52254 0
0.522403 0
0.522266 0
0.522124 0
0.521973 0
0.52168 0
0.521554 0
0.521407 0
0.521112 0
0.520948 0
0.5208 0
0.520512 0
0.520358 0
0.52023 0
0.520078 0
0.519922 0
0.519768 0
0.51961 0
0.519454 0
0.519302 0
0.519151 0
0.518845 0
0.518693 0
0.518406 0
0.518103 0
0.517948 0
0.517809 0
0.517651 0
0.51754 0
0.51739 0
0.517242 0
0.517096 0
0.516808 0
0.51666 0
0.516514 0
0.516365 0
0.516221 0
0.516074 0
0.515766 0
0.515612 0
0.515454 0
0.515015 0
0.514871 0
0.514713 0
0.514078 0
0.513919 0
0.513799 0
0.513667 0
0.513368 0
0.513213 0
0.512914 0
0.512762 0
0.512612 0
0.512474 0
0.512178 0
0.511878 0
0.511728 0
0.511423 0
0.511274 0
0.511118 0
0.510963 0
0.510668 0
0.510527 0
0.510239 0
0.509922 0
0.509628 0
0.509481 0
0.509195 0
0.508893 0
0.508595 0
0.508445 0
0.508146 0
0.507995 0
0.507695 0
0.507546 0
0.507391 0
0.507234 0
0.507077 0
0.506923 0
0.506476 0
0.506337 0
0.506187 0
0.505881 0
0.505744 0
0.505585 0
0.505428 0
0.505114 0
0.504969 0
0.504813 0
0.504648 0
0.5045 0
0.504361 0
0.504211 0
0.504075 0
0.503926 0
0.50378 0
0.503638 0
0.503333 0
0.503179 0
0.503021 0
0.50287 0
0.502717 0
0.502562 0
0.502251 0
0.502114 0
0.50196 0
0.501829 0
0.501527 0
0.501382 0
0.501236 0
0.50108 0
0.500942 0
0.500795 0
0.500639 0
0.500482 0
0.500177 0
0.500026 0
0.499872 0
0.499575 0
0.499433 0
0.499274 0
0.49914 0
0.498837 0
0.498544 0
0.498246 0
0.498097 0
0.497954 0
0.497533 0
0.497379 0
0.496919 0
0.496604 0
0.496458 0
0.496298 0
0.495987 0
0.495545 0
0.495401 0
0.495238 0
0.495082 0
0.494789 0
0.494489 0
0.49435 0
0.494199 0
0.494042 0
0.493908 0
0.493762 0
0.493461 0
0.49303 0
0.492749 0
0.492603 0
0.492456 0
0.492301 0
0.491995 0
0.491843 0
0.491696 0
0.491541 0
0.491244 0
0.490931 0
0.490771 0
0.490614 0
0.490141 0
0.489838 0
0.489689 0
0.489382 0
0.489235 0
0.489079 0
0.488938 0
0.488803 0
0.488503 0
0.488357 0
0.488214 0
0.488063 0
0.487759 0
0.487457 0
0.487305 0
0.487151 0
0.486999 0
0.486864 0
0.486725 0
0.486421 0
0.486261 0
0.485951 0
0.485816 0
0.48566 0
0.485524 0
0.485222 0
0.485078 0
0.484938 0
0.484783 0
0.484636 0
0.484474 0
0.484189 0
0.484037 0
0.483719 0
0.483572 0
0.483427 0
0.483278 0
0.483138 0
0.482985 0
0.48284 0
0.482687 0
0.482371 0
0.482219 0
0.481949 0
0.481796 0
0.481524 0
0.481251 0
0.4811 0
0.480945 0
0.480798 0
0.480651 0
0.480341 0
0.480186 0
0.480035 0
0.479893 0
0.479745 0
0.479287 0
0.479137 0
0.478857 0
0.478711 0
0.478561 0
0.478408 0
0.478255 0
0.478096 0
0.477946 0
0.477802 0
0.477648 0
0.47752 0
0.476934 0
0.476785 0
0.476658 0
0.476508 0
0.476359 0
0.476207 0
0.475904 0
0.475748 0
0.475596 0
0.475304 0
0.475172 0
0.474871 0
0.474727 0
0.474583 0
0.474292 0
0.473993 0
0.473541 0
0.473384 0
0.473237 0
0.47309 0
0.47295 0
0.472651 0
0.472497 0
0.47234 0
0.472026 0
0.471868 0
0.471568 0
0.47141 0
0.471117 0
0.47097 0
0.470812 0
0.470671 0
0.470362 0
0.47022 0
0.470074 0
0.469929 0
0.469783 0
0.469624 0
0.469313 0
0.46874 0
0.46861 0
0.468305 0
0.46817 0
0.46802 0
0.467861 0
0.467405 0
0.467253 0
0.467097 0
0.466645 0
0.466065 0
0.465935 0
0.465617 0
0.465321 0
0.464725 0
0.464576 0
0.464274 0
0.464127 0
0.463969 0
0.463698 0
0.46327 0
0.463134 0
0.462985 0
0.462685 0
0.46224 0
0.462107 0
0.461794 0
0.461488 0
0.461333 0
0.461189 0
0.461039 0
0.460614 0
0.46046 0
0.460318 0
0.460174 0
0.459862 0
0.459702 0
0.459428 0
0.459282 0
0.459131 0
0.458979 0
0.458679 0
0.458376 0
0.458227 0
0.457918 0
0.457479 0
0.457325 0
0.456891 0
0.45675 0
0.45645 0
0.456154 0
0.456001 0
0.455688 0
0.455534 0
0.455363 0
0.455218 0
0.454918 0
0.454628 0
0.454326 0
0.454176 0
0.454025 0
0.45373 0
0.453269 0
0.453111 0
0.452809 0
0.452361 0
0.451904 0
0.451603 0
0.451298 0
0.451012 0
0.450713 0
0.450411 0
0.4501 0
0.449801 0
0.449644 0
0.449503 0
0.449043 0
0.44876 0
0.448613 0
0.448454 0
0.448012 0
0.447698 0
0.447541 0
0.447386 0
0.447248 0
0.447088 0
0.446929 0
0.446631 0
0.446476 0
0.446324 0
0.446026 0
0.445883 0
0.445728 0
0.445416 0
0.445266 0
0.444811 0
0.444658 0
0.44436 0
0.444201 0
0.444062 0
0.443925 0
0.443642 0
0.443342 0
0.443196 0
0.442885 0
0.442578 0
0.442273 0
0.441986 0
0.441826 0
0.441668 0
0.441365 0
0.441217 0
0.441076 0
0.44093 0
0.440632 0
0.440191 0
0.44004 0
0.439899 0
0.439605 0
0.439472 0
0.439169 0
0.439009 0
0.438404 0
0.438101 0
0.437952 0
0.437654 0
0.437503 0
0.437356 0
0.437213 0
0.436911 0
0.436466 0
0.436149 0
0.435853 0
0.435561 0
0.434954 0
0.43466 0
0.434511 0
0.434205 0
0.43391 0
0.433631 0
0.433197 0
0.433044 0
0.432787 0
0.432478 0
0.432329 0
0.432037 0
0.431452 0
0.431148 0
0.430848 0
0.430111 0
0.429956 0
0.429803 0
0.429495 0
0.429345 0
0.429193 0
0.428582 0
0.427671 0
0.427355 0
0.427058 0
0.426904 0
0.426446 0
0.426298 0
0.425692 0
0.425546 0
0.425087 0
0.424804 0
0.424649 0
0.424177 0
0.423876 0
0.423577 0
0.423271 0
0.422801 0
0.422091 0
0.421792 0
0.421355 0
0.421208 0
0.421049 0
0.420449 0
0.419978 0
0.41953 0
0.419084 0
0.418933 0
0.418636 0
0.418342 0
0.418185 0
0.417868 0
0.417716 0
0.417103 0
0.41666 0
0.41636 0
0.415918 0
0.415612 0
0.415327 0
0.415174 0
0.41471 0
0.414553 0
0.414398 0
0.414099 0
0.413651 0
0.413492 0
0.413342 0
0.413193 0
0.413051 0
0.412893 0
0.41231 0
0.412005 0
0.411858 0
0.411412 0
0.410658 0
0.410359 0
0.410204 0
0.409899 0
0.409758 0
0.409471 0
0.408998 0
0.408698 0
0.408396 0
0.407793 0
0.407339 0
0.407034 0
0.406887 0
0.406736 0
0.40644 0
0.405984 0
0.405386 0
0.404931 0
0.404794 0
0.404051 0
0.403583 0
0.403429 0
0.403272 0
0.402683 0
0.402225 0
0.401622 0
0.401468 0
0.401321 0
0.401011 0
0.400866 0
0.400258 0
0.399971 0
0.399667 0
0.399376 0
0.399074 0
0.398785 0
0.3982 0
0.397447 0
0.397136 0
0.396842 0
0.396391 0
0.395942 0
0.395785 0
0.395477 0
0.395189 0
0.395033 0
0.394564 0
0.394119 0
0.393817 0
0.393684 0
0.393529 0
0.392931 0
0.392309 0
0.391726 0
0.391299 0
0.39085 0
0.390259 0
0.39011 0
0.38982 0
0.389343 0
0.388885 0
0.388584 0
0.388161 0
0.387561 0
0.387101 0
0.386513 0
0.386372 0
0.386054 0
0.385895 0
0.385454 0
0.385302 0
0.384989 0
0.384835 0
0.384675 0
0.384536 0
0.384233 0
0.384085 0
0.383931 0
0.383635 0
0.383336 0
0.382754 0
0.382315 0
0.382008 0
0.381711 0
0.381414 0
0.381284 0
0.380845 0
0.380697 0
0.380388 0
0.380241 0
0.379919 0
0.379473 0
0.379157 0
0.378556 0
0.378249 0
0.377945 0
0.377644 0
0.377181 0
0.376297 0
0.375988 0
0.375694 0
0.375239 0
0.37493 0
0.374328 0
0.374175 0
0.373871 0
0.37373 0
0.373139 0
0.372408 0
0.372109 0
0.371956 0
0.371353 0
0.371206 0
0.370909 0
0.370754 0
0.370455 0
0.370025 0
0.369575 0
0.369106 0
0.368951 0
0.368194 0
0.367597 0
0.367445 0
0.367141 0
0.366697 0
0.366397 0
0.365958 0
0.365503 0
0.365362 0
0.365054 0
0.364187 0
0.363871 0
0.3631 0
0.36295 0
0.362665 0
0.361927 0
0.361022 0
0.360869 0
0.360272 0
0.359663 0
0.359353 0
0.359201 0
0.35874 0
0.358455 0
0.357997 0
0.357693 0
0.356811 0
0.356508 0
0.356203 0
0.355599 0
0.355444 0
0.355133 0
0.354683 0
0.354083 0
0.353765 0
0.353455 0
0.353141 0
0.353006 0
0.352718 0
0.35241 0
0.35212 0
0.351968 0
0.35122 0
0.350479 0
0.350322 0
0.349422 0
0.348959 0
0.348661 0
0.347912 0
0.347128 0
0.346817 0
0.346658 0
0.346341 0
0.345585 0
0.345271 0
0.345135 0
0.344816 0
0.344379 0
0.34379 0
0.342718 0
0.342102 0
0.341798 0
0.341031 0
0.340127 0
0.33952 0
0.339374 0
0.338906 0
0.338605 0
0.338448 0
0.337248 0
0.336056 0
0.335773 0
0.335021 0
0.334558 0
0.333814 0
0.333345 0
0.332589 0
0.33214 0
0.331839 0
0.331374 0
0.330923 0
0.330469 0
0.329896 0
0.329459 0
0.329017 0
0.328871 0
0.32827 0
0.327968 0
0.327516 0
0.327357 0
0.327203 0
0.32659 0
0.32583 0
0.325219 0
0.324769 0
0.324616 0
0.324465 0
0.324306 0
0.323702 0
0.32355 0
0.323252 0
0.322367 0
0.321902 0
0.321308 0
0.320993 0
0.320236 0
0.319641 0
0.318741 0
0.318296 0
0.317532 0
0.316928 0
0.31632 0
0.315704 0
0.314511 0
0.314206 0
0.314054 0
0.313454 0
0.312864 0
0.312264 0
0.311648 0
0.311342 0
0.310565 0
0.309821 0
0.309045 0
0.308738 0
0.308136 0
0.307835 0
0.307216 0
0.307057 0
0.306903 0
0.306606 0
0.305994 0
0.305399 0
0.305097 0
0.304645 0
0.303897 0
0.302977 0
0.302228 0
0.30193 0
0.301485 0
0.30058 0
0.29998 0
0.299231 0
0.29879 0
0.298192 0
0.297601 0
0.297006 0
0.296383 0
0.295185 0
0.294577 0
0.293995 0
0.293841 0
0.293527 0
0.292909 0
0.292167 0
0.291564 0
0.29127 0
0.29051 0
0.290206 0
0.28943 0
0.288832 0
0.288082 0
0.287796 0
0.286735 0
0.286434 0
0.285522 0
0.285073 0
0.284482 0
0.284177 0
0.283879 0
0.283282 0
0.282385 0
0.281925 0
0.280837 0
0.280686 0
0.279928 0
0.279465 0
0.278861 0
0.278418 0
0.277062 0
0.276145 0
0.27584 0
0.275406 0
0.27451 0
0.273933 0
0.272545 0
0.271964 0
0.271221 0
0.270917 0
0.270308 0
0.2697 0
0.268788 0
0.268039 0
0.2668 0
0.266353 0
0.266054 0
0.265172 0
0.264882 0
0.264093 0
0.263945 0
0.263365 0
0.261845 0
0.260946 0
0.260375 0
0.259486 0
0.258876 0
0.258435 0
0.257964 0
0.257806 0
0.257049 0
0.25674 0
0.255404 0
0.255246 0
0.254462 0
0.253567 0
0.253266 0
0.252519 0
0.252214 0
0.25147 0
0.250418 0
0.249956 0
0.24907 0
0.248621 0
0.247728 0
0.247282 0
0.245931 0
0.245176 0
0.244721 0
0.244573 0
0.243808 0
0.24322 0
0.242604 0
0.241545 0
0.240476 0
0.239119 0
0.23834 0
0.237708 0
0.237128 0
0.236836 0
0.236247 0
0.235787 0
0.235336 0
0.235181 0
0.234565 0
0.233981 0
0.233244 0
0.232498 0
0.232044 0
0.230994 0
0.23038 0
0.229468 0
0.228241 0
0.227505 0
0.226154 0
0.224454 0
0.222805 0
0.221903 0
0.221596 0
0.220851 0
0.219642 0
0.218724 0
0.218433 0
0.216923 0
0.215712 0
0.214487 0
0.213274 0
0.212995 0
0.211356 0
0.210589 0
0.209672 0
0.209371 0
0.208171 0
0.207292 0
0.206397 0
0.205496 0
0.205048 0
0.203977 0
0.203225 0
0.20262 0
0.201877 0
0.199601 0
0.199138 0
0.198544 0
0.198099 0
0.19689 0
0.196149 0
0.195695 0
0.194325 0
0.193873 0
0.192817 0
0.192509 0
0.192199 0
0.191442 0
0.191137 0
0.189907 0
0.189465 0
0.188901 0
0.188001 0
0.187687 0
0.186936 0
0.185884 0
0.185429 0
0.185278 0
0.184534 0
0.183188 0
0.181827 0
0.181054 0
0.180282 0
0.179657 0
0.178599 0
0.177377 0
0.176305 0
0.175267 0
0.1748 0
0.174338 0
0.173889 0
0.173459 0
0.172387 0
0.17177 0
0.170844 0
0.170691 0
0.169482 0
0.169051 0
0.167698 0
0.166929 0
0.165566 0
0.164359 0
0.164059 0
0.163437 0
0.161513 0
0.160629 0
0.159283 0
0.158084 0
0.157622 0
0.156128 0
0.155692 0
0.155236 0
0.154183 0
0.153423 0
0.152825 0
0.151783 0
0.150318 0
0.149265 0
0.14822 0
0.147761 0
0.147146 0
0.146686 0
0.145629 0
0.144413 0
0.14366 0
0.14245 0
0.141106 0
0.140199 0
0.139006 0
0.137932 0
0.137013 0
0.136414 0
0.135806 0
0.135662 0
0.135203 0
0.134592 0
0.134001 0
0.132799 0
0.131772 0
0.131023 0
0.130269 0
0.129054 0
0.127687 0
0.12678 0
0.12601 0
0.125246 0
0.124319 0
0.124029 0
0.123264 0
0.122651 0
0.121897 0
0.121174 0
0.119967 0
0.119053 0
0.118017 0
0.117096 0
0.1165 0
0.115453 0
0.114715 0
0.113526 0
0.112329 0
0.111558 0
0.110935 0
0.110314 0
0.109713 0
0.108647 0
0.10835 0
0.107891 0
0.107434 0
0.106393 0
0.105963 0
0.104589 0
0.103973 0
0.103669 0
0.102925 0
0.102621 0
0.102022 0
0.100654 0
0.0995965 0
0.0985268 0
0.0980854 0
0.0971785 0
0.0964287 0
0.095417 0
0.0951042 0
0.094816 0
0.0943554 0
0.0938993 0
0.0934401 0
0.0926956 0
0.0918127 0
0.0904572 0
0.0898688 0
0.0889901 0
0.0880761 0
0.0873226 0
0.0861102 0
0.0850696 0
0.0844515 0
0.083695 0
0.0831084 0
0.0822226 0
0.0813151 0
0.0808653 0
0.0799466 0
0.0796439 0
0.0783034 0
0.0775477 0
0.0769468 0
0.0761932 0
0.075425 0
0.075116 0
0.0748002 0
0.0746461 0
0.0737416 0
0.0732992 0
0.0728354 0
0.0720882 0
0.0710376 0
0.0702788 0
0.0698277 0
0.069526 0
0.068639 0
0.0678838 0
0.0674252 0
0.0671153 0
0.0668145 0
0.0663604 0
0.0654676 0
0.0645478 0
0.0641088 0
0.0633674 0
0.0621755 0
0.0609805 0
0.0602005 0
0.0597611 0
0.0593012 0
0.0583929 0
0.0570715 0
0.0563001 0
0.0560004 0
0.0554169 0
0.054667 0
0.0543731 0
0.0534757 0
0.0528684 0
0.0525635 0
0.0522548 0
0.0519606 0
0.0515008 0
0.0510613 0
0.050167 0
0.0495844 0
0.0491428 0
0.0485301 0
0.0473705 0
0.0469269 0
0.04663 0
0.0457111 0
0.045421 0
0.0452722 0
0.0448185 0
0.0442288 0
0.0431771 0
0.0430206 0
0.0425648 0
0.0422535 0
0.0419757 0
0.0404804 0
0.0401855 0
0.0400322 0
0.0395637 0
0.0388125 0
0.0376149 0
0.0367179 0
0.0365664 0
0.0360985 0
0.0355041 0
0.034918 0
0.0346095 0
0.034006 0
0.0335614 0
0.0332598 0
0.033124 0
0.032979 0
0.0325214 0
0.0322182 0
0.0319213 0
0.0314763 0
0.0307097 0
0.0298018 0
0.0296583 0
0.0288951 0
0.0284351 0
0.0278207 0
0.027359 0
0.0266069 0
0.025872 0
0.0251064 0
0.0243513 0
0.0242065 0
0.0239019 0
0.0230014 0
0.0228548 0
0.0224121 0
0.0221011 0
0.0218002 0
0.021639 0
0.0214917 0
0.021337 0
0.0210445 0
0.0205872 0
0.0204346 0
0.0202808 0
0.0201244 0
0.0193811 0
0.0189291 0
0.0184652 0
0.0180024 0
0.0177101 0
0.0175617 0
0.0174122 0
0.0166754 0
0.0162228 0
0.0157719 0
0.0151915 0
0.0149032 0
0.0143171 0
0.0140133 0
0.0137018 0
0.013544 0
0.0132517 0
0.012955 0
0.0128041 0
0.012506 0
0.012062 0
0.0119191 0
0.0116262 0
0.0113166 0
0.0110126 0
0.0108576 0
0.0105635 0
0.0101305 0
0.00997316 0
0.00950271 0
0.00904445 0
0.00888693 0
0.00858531 0
0.00842833 0
0.00797523 0
0.00767674 0
0.00738538 0
0.00708515 0
0.00680993 0
0.00650985 0
0.00619833 0
0.00574334 0
0.00559507 0
0.00529881 0
0.00501147 0
0.0047155 0
0.00456955 0
0.00428532 0
0.00413783 0
0.00384922 0
0.00370042 0
0.00354539 0
0.00325049 0
0.00310333 0
0.00294843 0
0.00265122 0
0.00249467 0
0.00235751 0
0.00220815 0
0.00205861 0
0.00192156 0
0.00176651 0
0.00147453 0
0.00133212 0
0.00117883 0
0.000885935 0
0.00073102 0
0.000593237 0
0.000445526 0
0.000304542 0
0.000155919 0
0 0
0 0
