0.925933 1740 0.600079
0.925933 1739 0.60008
0.925933 1738 0.600411
0.925933 1737 0.600651
0.925933 1736 0.600713
0.925933 1735 0.600725
0.925933 1734 0.600743
0.925933 1733 0.600802
0.925933 1732 0.601006
0.925933 1731 0.601053
0.925933 1730 0.6013
0.925933 1729 0.601821
0.925933 1728 0.601849
0.925933 1727 0.602017
0.925933 1726 0.602162
0.925933 1725 0.60223
0.925933 1724 0.602269
0.925933 1723 0.602406
0.925933 1722 0.602453
0.925933 1721 0.602502
0.925933 1720 0.60251
0.925933 1719 0.602577
0.925933 1718 0.602763
0.925933 1717 0.602852
0.925933 1716 0.602951
0.925933 1715 0.603104
0.92574 1715 0.603233
0.92574 1714 0.603287
0.92574 1713 0.603517
0.92574 1712 0.603519
0.92574 1711 0.603594
0.92574 1710 0.603995
0.92574 1709 0.604015
0.92574 1708 0.60403
0.92574 1707 0.604061
0.92574 1706 0.604076
0.92574 1705 0.60409
0.92574 1704 0.604179
0.92574 1703 0.604184
0.92574 1702 0.604214
0.92574 1701 0.604456
0.92574 1700 0.604498
0.92574 1699 0.604743
0.92574 1698 0.60475
0.92574 1697 0.604913
0.92574 1696 0.605002
0.92574 1695 0.605509
0.92574 1694 0.605533
0.925546 1694 0.605622
0.925546 1693 0.605819
0.925546 1691 0.606333
0.925546 1690 0.606397
0.925546 1689 0.606618
0.925546 1688 0.606831
0.925546 1687 0.607301
0.925546 1686 0.607328
0.925546 1685 0.607376
0.925546 1684 0.607431
0.925546 1683 0.607435
0.925546 1682 0.607592
0.925546 1681 0.607745
0.925546 1680 0.607814
0.925546 1679 0.607963
0.925546 1678 0.608025
0.925546 1677 0.608087
0.925546 1676 0.608149
0.925546 1675 0.608207
0.925546 1674 0.608511
0.925546 1673 0.608538
0.925546 1672 0.60863
0.925546 1671 0.608657
0.925546 1670 0.608788
0.925546 1669 0.608794
0.925546 1668 0.608877
0.925546 1667 0.608889
0.925546 1666 0.609062
0.925546 1665 0.609482
0.925546 1664 0.609502
0.925546 1663 0.60955
0.925546 1662 0.60967
0.925546 1661 0.609767
0.925546 1660 0.609801
0.925546 1659 0.609916
0.925546 1658 0.610214
0.925546 1657 0.61024
0.925546 1656 0.610294
0.925546 1655 0.610404
0.925546 1654 0.610656
0.925546 1653 0.610664
0.925546 1652 0.610877
0.925546 1651 0.610905
0.925546 1650 0.611017
0.925546 1649 0.611171
0.925546 1648 0.611179
0.925546 1647 0.611218
0.925546 1646 0.611462
0.925546 1645 0.611495
0.925546 1644 0.612018
0.925546 1643 0.612044
0.925546 1642 0.612109
0.925353 1642 0.612116
0.925353 1641 0.612349
0.925353 1640 0.612413
0.925353 1639 0.612531
0.925353 1638 0.612615
0.925353 1637 0.612712
0.925353 1636 0.61275
0.925353 1635 0.612807
0.925353 1634 0.613268
0.925353 1633 0.613507
0.925353 1632 0.613541
0.925353 1631 0.613711
0.925353 1630 0.613735
0.925353 1628 0.613751
0.925353 1627 0.613758
0.925353 1626 0.613813
0.925353 1625 0.614075
0.925353 1624 0.6141
0.925353 1623 0.614212
0.925353 1622 0.614334
0.925353 1621 0.614369
0.925353 1620 0.614386
0.925353 1619 0.614556
0.925353 1618 0.614644
0.925353 1617 0.61473
0.925353 1616 0.614855
0.925353 1615 0.61492
0.925353 1614 0.615038
0.925353 1613 0.615497
0.925353 1612 0.615517
0.925353 1611 0.615543
0.925353 1610 0.61585
0.925353 1609 0.616046
0.925353 1608 0.616125
0.925353 1607 0.616168
0.925353 1606 0.616174
0.925353 1604 0.616756
0.925353 1603 0.616818
0.92516 1603 0.616854
0.92516 1602 0.616887
0.92516 1601 0.617083
0.92516 1600 0.617104
0.92516 1599 0.617343
0.92516 1598 0.617363
0.92516 1597 0.617475
0.92516 1596 0.61754
0.92516 1595 0.617623
0.92516 1594 0.617885
0.92516 1593 0.618155
0.92516 1592 0.618157
0.92516 1591 0.618213
0.92516 1590 0.61832
0.92516 1589 0.618353
0.92516 1588 0.618842
0.92516 1587 0.618887
0.92516 1586 0.619141
0.92516 1585 0.619334
0.92516 1584 0.619438
0.92516 1583 0.619459
0.92516 1582 0.619784
0.92516 1581 0.619792
0.92516 1580 0.619922
0.92516 1579 0.619989
0.92516 1578 0.620139
0.92516 1577 0.62014
0.92516 1576 0.620168
0.92516 1575 0.620224
0.92516 1574 0.620234
0.92516 1573 0.620319
0.92516 1572 0.620336
0.92516 1571 0.620443
0.92516 1570 0.62055
0.92516 1569 0.620558
0.92516 1568 0.620579
0.92516 1567 0.62063
0.92516 1566 0.620964
0.92516 1565 0.620993
0.92516 1564 0.621011
0.92516 1563 0.621023
0.92516 1562 0.621078
0.92516 1561 0.62112
0.92516 1560 0.6212
0.92516 1559 0.621297
0.92516 1558 0.621347
0.92516 1557 0.62145
0.92516 1556 0.621611
0.92516 1555 0.62162
0.92516 1554 0.621677
0.92516 1553 0.621784
0.92516 1552 0.621798
0.924966 1552 0.62187
0.924966 1551 0.621916
0.924966 1550 0.622042
0.924966 1549 0.622055
0.924966 1548 0.622263
0.924966 1547 0.622595
0.924773 1547 0.622686
0.924773 1546 0.622708
0.924773 1545 0.622716
0.924773 1544 0.622876
0.924773 1543 0.62315
0.924773 1542 0.623167
0.924773 1541 0.623643
0.924773 1540 0.623678
0.924773 1539 0.62385
0.924773 1538 0.623912
0.924773 1537 0.623919
0.924773 1536 0.623957
0.924773 1535 0.623973
0.924773 1534 0.624077
0.924773 1533 0.624108
0.924773 1532 0.624261
0.924773 1531 0.624348
0.924773 1530 0.624545
0.924773 1529 0.624695
0.924773 1528 0.624748
0.924773 1527 0.625178
0.924773 1526 0.625188
0.924773 1525 0.625201
0.924773 1524 0.625272
0.924773 1523 0.625597
0.924773 1522 0.625766
0.924773 1521 0.62577
0.924773 1520 0.625898
0.924773 1519 0.625913
0.924773 1518 0.625942
0.924773 1517 0.626058
0.924773 1516 0.626267
0.924773 1515 0.626272
0.924773 1514 0.626324
0.924773 1513 0.626332
0.924773 1512 0.626542
0.924773 1511 0.62668
0.924773 1510 0.626962
0.924773 1509 0.627209
0.924773 1508 0.627272
0.924773 1507 0.627406
0.924773 1506 0.627447
0.924773 1505 0.627448
0.924773 1504 0.627615
0.924773 1503 0.627663
0.924773 1502 0.627686
0.924773 1501 0.627798
0.924773 1500 0.627997
0.924773 1499 0.628036
0.924773 1498 0.628105
0.924773 1497 0.628173
0.924773 1496 0.628213
0.924773 1495 0.628423
0.924773 1494 0.628659
0.924773 1493 0.62867
0.924773 1492 0.628878
0.924773 1491 0.628913
0.924773 1490 0.629022
0.924773 1489 0.629026
0.924773 1488 0.629288
0.924773 1487 0.629458
0.924773 1486 0.629508
0.924773 1485 0.629516
0.924773 1484 0.629543
0.924773 1483 0.629589
0.924773 1482 0.629676
0.924773 1481 0.629705
0.924773 1480 0.629712
0.924773 1479 0.629726
0.924773 1478 0.629746
0.924773 1477 0.629755
0.924773 1476 0.629893
0.924773 1475 0.630266
0.924773 1474 0.630278
0.924773 1473 0.630461
0.924773 1472 0.630744
0.924773 1471 0.631298
0.924773 1470 0.631579
0.924773 1469 0.631656
0.924773 1468 0.632017
0.924773 1467 0.632191
0.924773 1466 0.632194
0.924773 1465 0.632324
0.924773 1464 0.632426
0.924773 1463 0.632581
0.924773 1462 0.632608
0.924773 1461 0.63265
0.924773 1460 0.632684
0.924773 1459 0.632689
0.924773 1458 0.632713
0.924773 1457 0.63273
0.924773 1456 0.632748
0.924773 1455 0.632758
0.924773 1454 0.633016
0.924773 1453 0.633364
0.924773 1452 0.633376
0.924773 1451 0.633436
0.924773 1450 0.633723
0.924773 1449 0.633738
0.924773 1448 0.633829
0.924773 1447 0.633929
0.924579 1447 0.633931
0.924579 1446 0.634224
0.924579 1445 0.634316
0.924579 1444 0.63441
0.924579 1443 0.634462
0.924579 1442 0.635096
0.924579 1441 0.635104
0.924579 1440 0.635221
0.924579 1439 0.635261
0.924579 1438 0.635864
0.924579 1437 0.636031
0.924579 1436 0.63624
0.924579 1435 0.636412
0.924579 1434 0.636448
0.924579 1433 0.636471
0.924579 1432 0.636486
0.924579 1431 0.636656
0.924579 1430 0.636708
0.924579 1429 0.636712
0.924386 1429 0.63685
0.924386 1428 0.636853
0.924386 1427 0.636935
0.924386 1426 0.636958
0.924386 1425 0.63703
0.924386 1424 0.637114
0.924386 1423 0.637243
0.924386 1422 0.637268
0.924386 1421 0.637438
0.924386 1420 0.637489
0.924386 1419 0.637525
0.924386 1418 0.637671
0.924386 1417 0.637675
0.924386 1416 0.637688
0.924386 1415 0.637748
0.924386 1414 0.637826
0.924386 1413 0.637846
0.924386 1412 0.637873
0.924386 1411 0.637942
0.924386 1410 0.638012
0.924386 1409 0.638438
0.924386 1408 0.638505
0.924386 1407 0.638547
0.924386 1406 0.638694
0.924386 1405 0.639006
0.924386 1404 0.639026
0.924386 1403 0.639197
0.924386 1402 0.639257
0.924386 1401 0.639269
0.924386 1400 0.639291
0.924386 1399 0.639332
0.924386 1398 0.639397
0.924386 1397 0.639403
0.924386 1396 0.639467
0.924386 1395 0.639612
0.924386 1394 0.63977
0.924386 1393 0.639786
0.924386 1392 0.640047
0.924386 1391 0.640051
0.924386 1390 0.640064
0.924386 1389 0.640221
0.924386 1388 0.64027
0.924193 1388 0.640275
0.924193 1387 0.640462
0.924193 1386 0.641174
0.924193 1385 0.641238
0.924193 1384 0.641402
0.924193 1383 0.641404
0.924193 1382 0.641545
0.924193 1381 0.641562
0.924193 1380 0.641834
0.924193 1379 0.641861
0.924193 1378 0.641958
0.924193 1377 0.642066
0.924193 1376 0.642266
0.924193 1375 0.642288
0.924193 1374 0.642344
0.924193 1373 0.642551
0.924193 1372 0.642628
0.924193 1371 0.642759
0.924193 1370 0.64277
0.924193 1369 0.642791
0.924193 1368 0.642932
0.924193 1367 0.642958
0.924193 1366 0.643347
0.924193 1365 0.643897
0.924193 1364 0.643913
0.924193 1363 0.644148
0.924193 1362 0.644188
0.924193 1361 0.644329
0.924193 1360 0.644562
0.924193 1359 0.644679
0.924193 1358 0.644765
0.924193 1357 0.644786
0.924193 1356 0.64498
0.924193 1355 0.645022
0.924193 1354 0.645081
0.924193 1353 0.645125
0.924193 1352 0.645158
0.924193 1351 0.645194
0.924193 1350 0.645313
0.924193 1349 0.645362
0.924193 1348 0.645571
0.924193 1347 0.645732
0.924193 1346 0.64585
0.924193 1345 0.64592
0.924193 1344 0.64596
0.924193 1343 0.646043
0.924193 1342 0.646055
0.923999 1342 0.646104
0.923999 1341 0.646144
0.923999 1340 0.646313
0.923999 1339 0.646565
0.923999 1338 0.646607
0.923999 1337 0.646666
0.923999 1336 0.646719
0.923999 1335 0.646771
0.923999 1334 0.646915
0.923999 1333 0.647037
0.923999 1332 0.64729
0.923806 1332 0.647372
0.923806 1331 0.647425
0.923806 1330 0.647435
0.923806 1329 0.647561
0.923806 1328 0.647659
0.923806 1327 0.647684
0.923612 1327 0.647852
0.923612 1326 0.648063
0.923612 1325 0.6482
0.923612 1324 0.648568
0.923612 1323 0.64861
0.923612 1322 0.648661
0.923612 1321 0.648677
0.923612 1320 0.648758
0.923612 1319 0.648811
0.923612 1318 0.648868
0.923612 1317 0.649057
0.923612 1316 0.649148
0.923612 1315 0.649445
0.923612 1314 0.649604
0.923612 1313 0.649614
0.923612 1312 0.649914
0.923612 1311 0.649928
0.923612 1310 0.650007
0.923612 1309 0.650068
0.923612 1308 0.650154
0.923612 1307 0.65064
0.923612 1306 0.650677
0.923612 1305 0.651062
0.923612 1304 0.651473
0.923612 1303 0.65159
0.923612 1302 0.651664
0.923612 1301 0.651727
0.923612 1300 0.651962
0.923612 1299 0.652163
0.923612 1298 0.652349
0.923612 1297 0.652371
0.923612 1296 0.652451
0.923612 1295 0.652465
0.923612 1294 0.652502
0.923612 1293 0.65252
0.923612 1292 0.652556
0.923612 1291 0.652571
0.923612 1290 0.65263
0.923612 1289 0.652695
0.923612 1288 0.653024
0.923612 1287 0.653218
0.923612 1286 0.653697
0.923612 1285 0.653706
0.923612 1284 0.653873
0.923419 1284 0.653916
0.923419 1283 0.654461
0.923419 1282 0.654905
0.923419 1281 0.655286
0.923419 1280 0.655408
0.923419 1279 0.6555
0.923419 1278 0.655587
0.923419 1277 0.655693
0.923419 1276 0.655859
0.923419 1275 0.655921
0.923419 1274 0.656012
0.923419 1273 0.656231
0.923419 1272 0.656235
0.923419 1271 0.656258
0.923419 1270 0.656443
0.923419 1269 0.656619
0.923419 1268 0.656655
0.923419 1267 0.656692
0.923419 1266 0.65686
0.923419 1265 0.656937
0.923419 1264 0.656961
0.923419 1263 0.656976
0.923419 1262 0.657034
0.923419 1261 0.657203
0.923419 1260 0.657286
0.923419 1259 0.657289
0.923419 1258 0.657342
0.923419 1257 0.657769
0.923419 1256 0.657935
0.923419 1255 0.657941
0.923226 1255 0.657977
0.923226 1254 0.658041
0.923226 1253 0.658495
0.923226 1252 0.658617
0.923226 1251 0.658757
0.923226 1250 0.658786
0.923226 1249 0.658831
0.923226 1248 0.659017
0.923226 1247 0.659466
0.923226 1246 0.65977
0.923226 1245 0.659811
0.923226 1244 0.659979
0.923226 1243 0.660234
0.923226 1242 0.66039
0.923226 1241 0.660482
0.923226 1239 0.660625
0.923226 1238 0.660664
0.923226 1237 0.66087
0.923226 1236 0.660957
0.923226 1235 0.661068
0.923226 1234 0.661085
0.923226 1233 0.661162
0.923226 1232 0.661198
0.923226 1231 0.661312
0.923226 1230 0.661373
0.923226 1229 0.661533
0.923226 1228 0.661571
0.923226 1227 0.661691
0.923226 1226 0.661821
0.923226 1225 0.66199
0.923032 1225 0.662188
0.923032 1224 0.662229
0.923032 1223 0.662368
0.923032 1222 0.66245
0.923032 1221 0.662553
0.923032 1220 0.662751
0.923032 1219 0.662802
0.923032 1218 0.662821
0.923032 1217 0.662871
0.923032 1216 0.6629
0.923032 1215 0.663008
0.923032 1214 0.663028
0.923032 1213 0.663156
0.923032 1212 0.663204
0.923032 1211 0.663216
0.923032 1210 0.663221
0.923032 1209 0.663342
0.923032 1208 0.663532
0.923032 1207 0.663661
0.923032 1206 0.663753
0.923032 1205 0.663783
0.923032 1204 0.663891
0.923032 1203 0.663996
0.922839 1203 0.664072
0.922839 1202 0.664146
0.922839 1201 0.664171
0.922839 1200 0.664214
0.922839 1199 0.664237
0.922839 1198 0.66452
0.922839 1197 0.664522
0.922646 1197 0.664576
0.922646 1196 0.664609
0.922646 1195 0.665027
0.922646 1194 0.66506
0.922646 1193 0.66533
0.922646 1192 0.665589
0.922646 1191 0.665806
0.922646 1190 0.665873
0.922646 1189 0.666134
0.922452 1189 0.666909
0.922452 1188 0.666999
0.922452 1187 0.667017
0.922452 1186 0.667062
0.922452 1185 0.667068
0.922452 1184 0.66713
0.922452 1183 0.667275
0.922452 1182 0.667418
0.922452 1181 0.667741
0.922452 1180 0.667762
0.922452 1179 0.667858
0.922452 1178 0.667877
0.922452 1177 0.667889
0.922452 1176 0.667984
0.922452 1175 0.668013
0.922452 1174 0.668081
0.922452 1173 0.668402
0.922452 1172 0.668483
0.922259 1172 0.66876
0.922259 1171 0.668893
0.922259 1170 0.668993
0.922259 1169 0.669161
0.922259 1168 0.6692
0.922259 1167 0.669228
0.922259 1166 0.66945
0.922259 1165 0.669561
0.922259 1164 0.669581
0.922259 1163 0.669664
0.922259 1162 0.669692
0.922259 1161 0.669772
0.922259 1160 0.669836
0.922259 1159 0.669878
0.922259 1158 0.669927
0.922259 1157 0.670039
0.922259 1156 0.670085
0.922065 1156 0.670414
0.922065 1155 0.670532
0.922065 1154 0.670557
0.922065 1153 0.671003
0.922065 1152 0.671034
0.922065 1151 0.671068
0.922065 1150 0.671187
0.922065 1149 0.671224
0.922065 1148 0.671595
0.922065 1147 0.671846
0.922065 1146 0.672002
0.922065 1145 0.672012
0.922065 1144 0.672189
0.922065 1143 0.672326
0.922065 1142 0.672403
0.922065 1141 0.672577
0.922065 1140 0.672887
0.922065 1139 0.672894
0.922065 1138 0.673061
0.922065 1137 0.673064
0.922065 1136 0.673067
0.922065 1135 0.673177
0.922065 1134 0.673207
0.922065 1133 0.673216
0.922065 1132 0.673336
0.922065 1131 0.673509
0.922065 1130 0.67354
0.922065 1129 0.673552
0.922065 1128 0.673567
0.922065 1127 0.673741
0.922065 1126 0.673945
0.922065 1125 0.673946
0.922065 1124 0.673977
0.922065 1123 0.6741
0.922065 1122 0.674466
0.922065 1121 0.674485
0.922065 1120 0.674706
0.922065 1119 0.674773
0.922065 1118 0.674793
0.922065 1117 0.674845
0.922065 1116 0.674884
0.922065 1115 0.674886
0.922065 1114 0.675146
0.922065 1113 0.675219
0.922065 1112 0.675221
0.922065 1111 0.675382
0.922065 1110 0.675522
0.921872 1110 0.675531
0.921872 1109 0.675617
0.921872 1108 0.675623
0.921872 1107 0.675854
0.921872 1106 0.675861
0.921872 1105 0.675937
0.921872 1104 0.676051
0.921872 1103 0.676091
0.921872 1102 0.676109
0.921872 1101 0.676356
0.921872 1100 0.676441
0.921872 1099 0.676599
0.921872 1098 0.676608
0.921872 1097 0.676609
0.921872 1096 0.676686
0.921872 1095 0.677093
0.921872 1094 0.677146
0.921872 1093 0.677439
0.921872 1092 0.677522
0.921872 1091 0.677634
0.921872 1090 0.677888
0.921872 1089 0.677923
0.921872 1088 0.677986
0.921872 1087 0.678299
0.921872 1086 0.678306
0.921872 1085 0.678528
0.921872 1084 0.678582
0.921872 1083 0.678869
0.921872 1082 0.678999
0.921872 1081 0.679349
0.921679 1081 0.679729
0.921679 1080 0.679908
0.921679 1079 0.679931
0.921679 1078 0.680451
0.921679 1077 0.680547
0.921679 1076 0.680574
0.921679 1075 0.680675
0.921679 1074 0.680795
0.921679 1073 0.680889
0.921679 1072 0.681003
0.921679 1071 0.681045
0.921679 1070 0.681272
0.921679 1069 0.681335
0.921679 1068 0.681364
0.921679 1067 0.681365
0.921679 1066 0.682156
0.921485 1066 0.682197
0.921485 1065 0.68224
0.921485 1064 0.682316
0.921485 1063 0.682704
0.921485 1062 0.682793
0.921485 1061 0.683261
0.921485 1060 0.683435
0.921485 1059 0.683466
0.921485 1058 0.683624
0.921485 1057 0.683741
0.921485 1056 0.683822
0.921485 1055 0.683894
0.921292 1055 0.683965
0.921292 1054 0.684409
0.921292 1053 0.684424
0.921292 1052 0.684666
0.921292 1051 0.684819
0.921098 1051 0.68487
0.921098 1050 0.684963
0.921098 1049 0.68508
0.921098 1048 0.685374
0.921098 1047 0.685407
0.921098 1046 0.68562
0.921098 1045 0.685667
0.921098 1044 0.685858
0.921098 1043 0.686022
0.921098 1042 0.686105
0.921098 1041 0.686399
0.921098 1040 0.686532
0.921098 1039 0.686805
0.921098 1038 0.687154
0.921098 1037 0.687339
0.921098 1036 0.687491
0.921098 1035 0.687537
0.921098 1034 0.68756
0.921098 1033 0.687617
0.921098 1032 0.687642
0.921098 1031 0.687707
0.921098 1030 0.687814
0.921098 1029 0.687898
0.921098 1028 0.688287
0.921098 1027 0.68841
0.921098 1026 0.688417
0.921098 1025 0.688581
0.921098 1024 0.688606
0.921098 1023 0.688666
0.921098 1022 0.688797
0.921098 1021 0.688866
0.921098 1020 0.688877
0.921098 1019 0.688878
0.921098 1018 0.688934
0.921098 1017 0.688935
0.921098 1016 0.689026
0.921098 1015 0.689036
0.921098 1014 0.689417
0.921098 1013 0.68967
0.921098 1012 0.689724
0.921098 1011 0.689987
0.921098 1010 0.690016
0.921098 1009 0.69075
0.921098 1008 0.690765
0.921098 1007 0.690918
0.921098 1006 0.69124
0.921098 1005 0.691247
0.921098 1004 0.691287
0.921098 1003 0.691299
0.921098 1002 0.691365
0.921098 1001 0.691503
0.921098 1000 0.691626
0.921098 999 0.691677
0.921098 998 0.691721
0.921098 997 0.691755
0.921098 996 0.692084
0.921098 995 0.692353
0.921098 994 0.692406
0.921098 993 0.692424
0.921098 992 0.692495
0.921098 991 0.692592
0.921098 990 0.69299
0.921098 989 0.693316
0.921098 988 0.693543
0.921098 987 0.693649
0.921098 986 0.693939
0.921098 985 0.693982
0.921098 984 0.694153
0.921098 983 0.694219
0.921098 982 0.694228
0.921098 981 0.694231
0.921098 980 0.69436
0.921098 979 0.69441
0.921098 978 0.694612
0.921098 977 0.694927
0.921098 976 0.69495
0.921098 975 0.694955
0.921098 974 0.695019
0.921098 973 0.695185
0.921098 972 0.695284
0.920905 972 0.695333
0.920905 971 0.695401
0.920905 970 0.695413
0.920905 969 0.695575
0.920905 968 0.695619
0.920905 967 0.695809
0.920905 966 0.695977
0.920905 965 0.695997
0.920905 964 0.696156
0.920905 963 0.696251
0.920712 963 0.696294
0.920712 962 0.696389
0.920712 961 0.696412
0.920712 960 0.6969
0.920712 959 0.697056
0.920712 958 0.697057
0.920712 957 0.697145
0.920712 956 0.697213
0.920712 955 0.697214
0.920712 954 0.69772
0.920712 953 0.697874
0.920712 952 0.698085
0.920712 951 0.698322
0.920712 950 0.698425
0.920712 949 0.698906
0.920712 948 0.699008
0.920712 947 0.699276
0.920712 946 0.699319
0.920712 945 0.699339
0.920712 944 0.699406
0.920712 943 0.699438
0.920712 942 0.699643
0.920712 941 0.699832
0.920712 940 0.699847
0.920712 939 0.699939
0.920712 938 0.70029
0.920712 937 0.70039
0.920712 936 0.700438
0.920712 935 0.700563
0.920712 934 0.700837
0.920712 933 0.700955
0.920712 932 0.701016
0.920712 931 0.701434
0.920712 930 0.70145
0.920712 929 0.701612
0.920712 928 0.701751
0.920712 927 0.701782
0.920712 926 0.701803
0.920712 925 0.701867
0.920518 925 0.701893
0.920518 924 0.701948
0.920518 923 0.702302
0.920518 922 0.702666
0.920518 921 0.702721
0.920518 920 0.702904
0.920518 919 0.703045
0.920518 918 0.703168
0.920518 917 0.703427
0.920325 917 0.703576
0.920325 916 0.703596
0.920325 915 0.703716
0.920325 914 0.703739
0.920325 913 0.703766
0.920325 912 0.70395
0.920325 911 0.704082
0.920325 910 0.704284
0.920325 909 0.704404
0.920325 908 0.704435
0.920325 907 0.704516
0.920132 907 0.70478
0.920132 906 0.704934
0.919938 906 0.705025
0.919745 906 0.705072
0.919745 905 0.705076
0.919551 905 0.705345
0.919551 904 0.705501
0.919551 903 0.705546
0.919551 902 0.705566
0.919551 901 0.705828
0.919551 900 0.706054
0.919551 899 0.706114
0.919551 898 0.70616
0.919551 897 0.706258
0.919551 896 0.706297
0.919551 895 0.706393
0.919551 894 0.70689
0.919551 893 0.706921
0.919551 892 0.707439
0.919551 891 0.707692
0.919551 890 0.707724
0.919551 889 0.707784
0.919551 888 0.708388
0.919551 887 0.708708
0.919551 886 0.708717
0.919551 885 0.709051
0.919551 884 0.709257
0.919551 883 0.709289
0.919551 882 0.709309
0.919551 881 0.709329
0.919551 880 0.709435
0.919551 879 0.709481
0.919551 878 0.709762
0.919551 877 0.709803
0.919551 876 0.709821
0.919551 875 0.709923
0.919551 874 0.709925
0.919358 874 0.709939
0.919358 873 0.709961
0.919358 872 0.709994
0.919358 871 0.710052
0.919358 870 0.710536
0.919358 869 0.710628
0.919358 868 0.710636
0.919358 867 0.71068
0.919358 866 0.710697
0.919358 865 0.710825
0.919358 864 0.711144
0.919358 863 0.711169
0.919358 862 0.711235
0.919358 861 0.711379
0.919358 860 0.711433
0.919358 859 0.711576
0.919358 858 0.711922
0.919358 857 0.711997
0.919358 856 0.712062
0.919358 855 0.712362
0.919358 854 0.712564
0.919358 853 0.712663
0.919358 852 0.712741
0.919358 851 0.712748
0.919358 850 0.712987
0.919358 849 0.713053
0.919358 848 0.713114
0.919358 847 0.713163
0.919358 846 0.713228
0.919358 845 0.713251
0.919358 844 0.713256
0.919358 843 0.713304
0.919358 842 0.713322
0.919358 841 0.713499
0.919358 840 0.713599
0.919358 839 0.713654
0.919358 838 0.71377
0.919358 837 0.713904
0.919358 836 0.714249
0.919358 835 0.714378
0.919358 834 0.714441
0.919358 833 0.715056
0.919358 832 0.715062
0.919358 831 0.715196
0.919358 830 0.715423
0.919358 829 0.715713
0.919165 829 0.715851
0.919165 828 0.715952
0.919165 827 0.716047
0.919165 826 0.716071
0.919165 825 0.716104
0.919165 824 0.716199
0.919165 823 0.716573
0.919165 822 0.71701
0.919165 821 0.717132
0.919165 820 0.717259
0.919165 819 0.717288
0.919165 818 0.717703
0.919165 817 0.717917
0.919165 816 0.71819
0.919165 815 0.718319
0.919165 814 0.718461
0.919165 813 0.718566
0.919165 812 0.718776
0.919165 811 0.718854
0.919165 810 0.718876
0.919165 809 0.719021
0.918971 809 0.719031
0.918971 808 0.719303
0.918971 807 0.719498
0.918971 806 0.719598
0.918971 805 0.719603
0.918971 804 0.720637
0.918971 803 0.720688
0.918971 802 0.720813
0.918971 801 0.720903
0.918971 800 0.720975
0.918971 799 0.720988
0.918971 798 0.721059
0.918971 797 0.721236
0.918971 796 0.721326
0.918971 795 0.721494
0.918971 794 0.721514
0.918971 793 0.721533
0.918971 792 0.72154
0.918971 791 0.721605
0.918971 790 0.721682
0.918971 789 0.721717
0.918971 788 0.721878
0.918971 787 0.721948
0.918971 786 0.722172
0.918971 785 0.722284
0.918971 784 0.722424
0.918971 783 0.722614
0.918971 782 0.72276
0.918971 781 0.722862
0.918971 780 0.723191
0.918971 779 0.723811
0.918971 778 0.724116
0.918971 777 0.724358
0.918971 776 0.724451
0.918971 775 0.724514
0.918971 774 0.724584
0.918971 773 0.725115
0.918971 772 0.725129
0.918971 771 0.725147
0.918971 770 0.725371
0.918971 769 0.725667
0.918971 768 0.725808
0.918778 768 0.726547
0.918584 768 0.726587
0.918584 767 0.726719
0.918584 766 0.727145
0.918584 765 0.727195
0.918584 764 0.727635
0.918584 763 0.727714
0.918584 762 0.727862
0.918584 761 0.727867
0.918584 760 0.727951
0.918584 759 0.728301
0.918584 758 0.72846
0.918391 758 0.728912
0.918391 757 0.729069
0.918391 756 0.729106
0.918391 755 0.729214
0.918391 754 0.729427
0.918391 753 0.729615
0.918391 752 0.729618
0.918391 751 0.729647
0.918391 750 0.729975
0.918391 749 0.729989
0.918198 749 0.730014
0.918198 748 0.730102
0.918198 747 0.730128
0.918198 746 0.730162
0.918198 745 0.730221
0.918198 744 0.730291
0.918198 743 0.73047
0.918198 742 0.730594
0.918198 741 0.730814
0.918198 740 0.73082
0.918198 739 0.730865
0.918198 738 0.731205
0.918198 737 0.731219
0.918198 736 0.731288
0.918198 735 0.73139
0.918004 735 0.731857
0.918004 734 0.731993
0.918004 733 0.73231
0.918004 732 0.732319
0.917811 732 0.732451
0.917811 731 0.732475
0.917811 730 0.732743
0.917811 729 0.732979
0.917617 729 0.733209
0.917424 729 0.733266
0.917424 728 0.733292
0.917424 727 0.733711
0.917424 726 0.733818
0.917424 725 0.734113
0.917424 724 0.734225
0.917424 723 0.734227
0.917424 722 0.734329
0.917424 721 0.734409
0.917424 720 0.734654
0.917424 719 0.734724
0.917424 718 0.734817
0.917231 718 0.73485
0.917231 717 0.734862
0.917231 716 0.7349
0.917231 715 0.734941
0.917231 714 0.735291
0.917231 713 0.735414
0.917231 712 0.735466
0.917231 711 0.735509
0.917231 710 0.735559
0.917231 709 0.735601
0.917231 708 0.736289
0.917231 707 0.736713
0.917231 706 0.737057
0.917231 705 0.737076
0.917231 704 0.737636
0.917231 703 0.737845
0.917231 702 0.737906
0.917231 701 0.737973
0.917231 700 0.738011
0.917231 699 0.738154
0.917231 698 0.738175
0.917231 697 0.73829
0.917231 696 0.73865
0.917231 695 0.738945
0.917231 694 0.739541
0.917231 693 0.740182
0.917231 692 0.740602
0.917231 691 0.740817
0.917231 690 0.740901
0.917231 689 0.741044
0.917231 688 0.741267
0.917037 688 0.741442
0.917037 687 0.741502
0.916844 687 0.741534
0.916844 686 0.741667
0.916844 685 0.741676
0.916844 684 0.741698
0.916844 683 0.741866
0.916844 682 0.742077
0.916844 681 0.742283
0.916651 681 0.74239
0.916651 680 0.742425
0.916651 679 0.742446
0.916651 678 0.742587
0.916651 677 0.742755
0.916651 676 0.742939
0.916651 675 0.74308
0.916651 674 0.743111
0.916651 673 0.743268
0.916651 672 0.743595
0.916651 671 0.743693
0.916651 670 0.743714
0.916457 670 0.743959
0.916457 669 0.744217
0.916457 668 0.744313
0.916457 667 0.744384
0.916457 666 0.74441
0.916457 665 0.74463
0.916264 665 0.744984
0.916264 664 0.745006
0.916264 663 0.745024
0.916264 662 0.745099
0.916264 661 0.745304
0.916264 660 0.745398
0.916264 659 0.745883
0.916264 658 0.746279
0.91607 658 0.746662
0.91607 657 0.747176
0.91607 656 0.747498
0.91607 655 0.748206
0.91607 654 0.748214
0.91607 653 0.748365
0.91607 652 0.748532
0.91607 651 0.748803
0.91607 649 0.748808
0.91607 648 0.748965
0.91607 647 0.749263
0.91607 646 0.749464
0.91607 645 0.749582
0.91607 644 0.749912
0.91607 643 0.749946
0.91607 642 0.750163
0.91607 641 0.750211
0.91607 640 0.751406
0.91607 639 0.751438
0.91607 638 0.751505
0.91607 637 0.751555
0.91607 636 0.751819
0.91607 635 0.751825
0.91607 634 0.751933
0.91607 633 0.752382
0.91607 632 0.752487
0.91607 631 0.752923
0.91607 630 0.753422
0.915877 630 0.753631
0.915877 629 0.75368
0.915877 628 0.753785
0.915877 627 0.753883
0.915684 627 0.754411
0.915684 626 0.754522
0.915684 625 0.754634
0.915684 624 0.754863
0.915684 623 0.755241
0.915684 622 0.755279
0.915684 621 0.755432
0.915684 620 0.755563
0.91549 620 0.755717
0.91549 619 0.755726
0.91549 618 0.755934
0.91549 617 0.755963
0.91549 616 0.756047
0.91549 615 0.756149
0.91549 614 0.756601
0.915297 614 0.756651
0.915297 613 0.75668
0.915297 612 0.757064
0.915297 611 0.757128
0.915297 610 0.757498
0.915297 609 0.757522
0.915297 608 0.757524
0.915297 607 0.757634
0.915297 606 0.757908
0.915297 605 0.758387
0.915297 604 0.758555
0.915297 603 0.758663
0.915297 602 0.758886
0.915297 601 0.758975
0.915103 601 0.759318
0.915103 600 0.759341
0.915103 599 0.759866
0.915103 598 0.760148
0.91491 598 0.760251
0.91491 597 0.760302
0.91491 596 0.760499
0.91491 595 0.760891
0.91491 594 0.761355
0.914717 594 0.761412
0.914717 593 0.761567
0.914717 592 0.761648
0.914523 592 0.761664
0.914523 591 0.762095
0.914523 590 0.762181
0.914523 589 0.762229
0.914523 588 0.762424
0.914523 587 0.762524
0.914523 586 0.762712
0.914523 585 0.762934
0.914523 584 0.763199
0.914523 583 0.763265
0.914523 582 0.763462
0.914523 581 0.76364
0.914523 580 0.763695
0.914523 579 0.763746
0.914523 578 0.763831
0.91433 578 0.764467
0.914137 578 0.764802
0.914137 577 0.765199
0.914137 576 0.765578
0.914137 575 0.765676
0.914137 574 0.765701
0.914137 573 0.765925
0.913943 573 0.765993
0.913943 572 0.766117
0.91375 572 0.76624
0.91375 571 0.766356
0.91375 570 0.766549
0.913556 570 0.766554
0.913556 569 0.766666
0.913556 568 0.766736
0.913556 567 0.766874
0.913556 566 0.767243
0.913556 565 0.767486
0.913556 564 0.767762
0.913556 563 0.76808
0.913363 563 0.768513
0.913363 562 0.768524
0.913363 561 0.768526
0.913363 560 0.768738
0.913363 559 0.76887
0.91317 559 0.769081
0.91317 558 0.769223
0.91317 557 0.769299
0.91317 556 0.769449
0.912976 556 0.76961
0.912976 555 0.769736
0.912976 554 0.769918
0.912976 553 0.770093
0.912976 552 0.770273
0.912976 551 0.770661
0.912976 550 0.771065
0.912976 549 0.771266
0.912783 549 0.771268
0.912783 548 0.771747
0.912783 547 0.771834
0.912783 546 0.771942
0.912589 546 0.771991
0.912396 546 0.772582
0.912396 545 0.772609
0.912396 544 0.773454
0.912396 543 0.773601
0.912396 542 0.773627
0.912203 542 0.773646
0.912203 541 0.773647
0.912203 540 0.77383
0.912203 539 0.773866
0.912203 538 0.773921
0.912203 537 0.774135
0.912203 536 0.774219
0.912203 535 0.774495
0.912203 534 0.774498
0.912203 533 0.774817
0.912009 533 0.774846
0.912009 532 0.774891
0.912009 531 0.77491
0.912009 529 0.775019
0.912009 528 0.775199
0.912009 527 0.776112
0.912009 526 0.776312
0.912009 525 0.77632
0.911816 525 0.77635
0.911816 524 0.776642
0.911816 523 0.776657
0.911816 522 0.776719
0.911623 522 0.776917
0.911429 522 0.776948
0.911236 522 0.776956
0.911236 521 0.777108
0.911236 520 0.77715
0.911042 520 0.777589
0.910849 520 0.777621
0.910849 519 0.777669
0.910656 519 0.777698
0.910656 518 0.778041
0.910656 517 0.778066
0.910656 516 0.778144
0.910656 515 0.778423
0.910656 514 0.77868
0.910656 513 0.778723
0.910656 512 0.778866
0.910462 512 0.779068
0.910462 511 0.77923
0.910462 510 0.779561
0.910462 509 0.779802
0.910462 508 0.779898
0.910462 507 0.780059
0.910462 506 0.780259
0.910462 505 0.78034
0.910462 504 0.780359
0.910462 503 0.780395
0.910462 502 0.780511
0.910462 501 0.780999
0.910462 500 0.781017
0.910462 499 0.781312
0.910462 498 0.781336
0.910462 497 0.781387
0.910462 496 0.781415
0.910462 495 0.782045
0.910462 494 0.78219
0.910462 493 0.782302
0.910462 492 0.782903
0.910462 491 0.782924
0.910462 490 0.783076
0.910462 489 0.783263
0.910269 489 0.78352
0.910269 488 0.783624
0.910269 487 0.783852
0.910269 486 0.783921
0.910269 485 0.784261
0.910269 484 0.784438
0.910269 483 0.784566
0.910075 483 0.78458
0.910075 482 0.784653
0.910075 481 0.784697
0.910075 480 0.784816
0.910075 479 0.784852
0.909882 479 0.784974
0.909882 478 0.785118
0.909882 477 0.785558
0.909689 477 0.785636
0.909689 476 0.785732
0.909689 475 0.786053
0.909689 474 0.786264
0.909689 473 0.786445
0.909689 472 0.786536
0.909689 471 0.786792
0.909495 471 0.786925
0.909495 470 0.787419
0.909495 469 0.787548
0.909495 468 0.787712
0.909495 467 0.787911
0.909495 466 0.788011
0.909495 465 0.788165
0.909495 464 0.788436
0.909495 463 0.788825
0.909495 462 0.788868
0.909495 461 0.788923
0.909495 460 0.789266
0.909495 459 0.78931
0.909495 458 0.789362
0.909495 457 0.789722
0.909302 457 0.78978
0.909302 456 0.789849
0.909108 456 0.790056
0.909108 455 0.79016
0.909108 454 0.790249
0.908915 454 0.790521
0.908915 453 0.790774
0.908722 453 0.790794
0.908722 452 0.790917
0.908722 451 0.791033
0.908722 450 0.791108
0.908722 449 0.791257
0.908722 448 0.791315
0.908722 447 0.791644
0.908722 446 0.791729
0.908722 445 0.791805
0.908722 444 0.792127
0.908722 443 0.792363
0.908722 442 0.792462
0.908722 441 0.792692
0.908722 440 0.792893
0.908528 440 0.792983
0.908528 439 0.793004
0.908528 438 0.793187
0.908528 437 0.793605
0.908528 436 0.793631
0.908528 435 0.793969
0.908528 434 0.794314
0.908528 433 0.794357
0.908528 432 0.794508
0.908528 431 0.79457
0.908528 430 0.795493
0.908528 429 0.795842
0.908528 428 0.795923
0.908528 427 0.795975
0.908335 427 0.796071
0.908142 427 0.796457
0.908142 426 0.796473
0.907948 426 0.797066
0.907755 426 0.797176
0.907755 425 0.797208
0.907561 425 0.797531
0.907561 424 0.797838
0.907561 423 0.79794
0.907368 423 0.798021
0.907368 422 0.798096
0.907175 422 0.798143
0.907175 421 0.798268
0.907175 420 0.798346
0.907175 419 0.79855
0.907175 418 0.798557
0.907175 417 0.798666
0.907175 416 0.798774
0.907175 415 0.798844
0.907175 414 0.799009
0.907175 413 0.799089
0.907175 412 0.799329
0.907175 411 0.799483
0.907175 410 0.799598
0.907175 409 0.799837
0.906981 409 0.799839
0.906981 408 0.799857
0.906981 407 0.799935
0.906981 406 0.800023
0.906981 405 0.800034
0.906981 404 0.800295
0.906981 403 0.800646
0.906981 402 0.80076
0.906981 401 0.80136
0.906981 400 0.801427
0.906981 399 0.8015
0.906788 399 0.801657
0.906788 398 0.801717
0.906788 397 0.801797
0.906594 397 0.801842
0.906594 396 0.801868
0.906594 395 0.801884
0.906401 395 0.801991
0.906401 394 0.802085
0.906401 393 0.802402
0.906208 393 0.802438
0.906208 392 0.802694
0.906208 391 0.802798
0.906208 390 0.802912
0.906208 389 0.803078
0.906208 388 0.803174
0.906208 387 0.803246
0.906208 386 0.803347
0.906208 385 0.803494
0.906208 384 0.803554
0.906208 383 0.803561
0.906014 383 0.803596
0.906014 382 0.803682
0.905821 382 0.804205
0.905821 381 0.80426
0.905628 381 0.804977
0.905628 380 0.804988
0.905628 379 0.80515
0.905628 378 0.805599
0.905628 377 0.806106
0.905434 377 0.806746
0.905434 376 0.806846
0.905434 375 0.806931
0.905434 374 0.80695
0.905434 373 0.807932
0.905434 372 0.808209
0.905434 371 0.808624
0.905434 370 0.808738
0.905241 370 0.808786
0.905241 369 0.80903
0.905241 368 0.809099
0.905241 367 0.809101
0.905241 366 0.809102
0.905241 365 0.809264
0.905241 364 0.809385
0.905241 363 0.80982
0.905241 362 0.810007
0.905241 361 0.810216
0.905241 360 0.810254
0.905047 360 0.810989
0.905047 359 0.811134
0.905047 358 0.811621
0.904854 358 0.811643
0.904854 357 0.812017
0.904854 356 0.812654
0.904854 355 0.812768
0.904854 354 0.813325
0.904854 353 0.81338
0.904854 352 0.813652
0.904854 351 0.814077
0.904854 350 0.814139
0.904854 349 0.81442
0.904854 348 0.814424
0.904854 347 0.81467
0.904854 346 0.814821
0.904854 345 0.814836
0.904661 345 0.815097
0.904661 344 0.815125
0.904661 343 0.815467
0.904661 342 0.815783
0.904467 342 0.815908
0.904467 341 0.816162
0.904467 340 0.816181
0.904274 340 0.816435
0.904274 339 0.816545
0.90408 339 0.816933
0.90408 338 0.816961
0.903887 338 0.817094
0.903694 338 0.817184
0.9035 338 0.817566
0.9035 337 0.817611
0.9035 336 0.817625
0.9035 335 0.817665
0.9035 334 0.817905
0.903307 334 0.818145
0.903307 333 0.818299
0.903307 332 0.818319
0.903307 330 0.818851
0.903307 329 0.819424
0.903114 329 0.819631
0.90292 329 0.819873
0.90292 328 0.820089
0.90292 327 0.820448
0.90292 326 0.820612
0.90292 325 0.820957
0.902727 325 0.821161
0.902727 324 0.821304
0.902727 323 0.821305
0.902727 322 0.821668
0.902727 321 0.821823
0.902727 320 0.821929
0.902533 320 0.821939
0.90234 320 0.822008
0.90234 319 0.822036
0.90234 318 0.822088
0.90234 317 0.82209
0.90234 316 0.822266
0.90234 315 0.82246
0.90234 314 0.82249
0.902147 314 0.822812
0.902147 313 0.823208
0.901953 313 0.823525
0.901953 312 0.823586
0.901953 311 0.82377
0.901953 310 0.823877
0.90176 310 0.823995
0.901566 310 0.824089
0.901566 309 0.824221
0.901566 308 0.824356
0.901566 307 0.824969
0.901566 306 0.825241
0.901566 305 0.825378
0.901566 304 0.825682
0.901566 303 0.825801
0.901566 302 0.825833
0.901566 301 0.825861
0.901566 300 0.826349
0.901566 299 0.826398
0.901566 298 0.826665
0.901566 297 0.826756
0.901566 296 0.826839
0.901566 295 0.826867
0.901566 294 0.827007
0.901566 293 0.827071
0.901373 293 0.827322
0.901373 292 0.827659
0.901373 291 0.827977
0.90118 291 0.828009
0.900986 291 0.828306
0.900986 290 0.828344
0.900986 289 0.828354
0.900986 288 0.828382
0.900986 287 0.828603
0.900986 286 0.828995
0.900986 285 0.829028
0.900793 285 0.829102
0.900793 284 0.829505
0.900599 284 0.829626
0.900406 284 0.829658
0.900406 283 0.829701
0.900406 282 0.829704
0.900406 281 0.830091
0.900406 280 0.830252
0.900213 280 0.830284
0.900213 279 0.83034
0.900213 278 0.830546
0.900213 277 0.83078
0.900213 276 0.831153
0.900019 276 0.831184
0.899826 276 0.831229
0.899633 276 0.831719
0.899439 276 0.831824
0.899246 276 0.831982
0.899246 275 0.832321
0.899246 274 0.832361
0.899246 273 0.832532
0.899052 273 0.832894
0.899052 272 0.833026
0.899052 271 0.833171
0.899052 270 0.833251
0.899052 269 0.833564
0.899052 268 0.834057
0.898859 268 0.835136
0.898859 267 0.835196
0.898666 267 0.835205
0.898666 266 0.835249
0.898666 265 0.83538
0.898666 264 0.835459
0.898666 263 0.835772
0.898666 262 0.835877
0.898666 261 0.835896
0.898666 260 0.83591
0.898666 259 0.837104
0.898666 258 0.837731
0.898472 258 0.838687
0.898472 257 0.839048
0.898472 256 0.839298
0.898472 255 0.839473
0.898472 254 0.839595
0.898279 254 0.840128
0.898279 253 0.840226
0.898279 252 0.840784
0.898279 251 0.840815
0.898085 251 0.841281
0.897892 251 0.841589
0.897892 250 0.841592
0.897699 250 0.841657
0.897699 249 0.842018
0.897699 248 0.84223
0.897505 248 0.842265
0.897505 247 0.842389
0.897505 246 0.842473
0.897505 245 0.842518
0.897505 244 0.843048
0.897505 243 0.843408
0.897312 243 0.843601
0.897119 243 0.843607
0.897119 242 0.843714
0.896925 242 0.843729
0.896925 241 0.843889
0.896925 240 0.844012
0.896732 240 0.844172
0.896732 239 0.844218
0.896732 238 0.844587
0.896732 237 0.845223
0.896538 237 0.845387
0.896538 236 0.845404
0.896538 235 0.845511
0.896538 234 0.84571
0.896538 233 0.845721
0.896538 232 0.845769
0.896538 231 0.846067
0.896538 230 0.846072
0.896345 230 0.846149
0.896152 230 0.846196
0.895958 230 0.846384
0.895958 229 0.846479
0.895958 228 0.846536
0.895765 228 0.846845
0.895571 228 0.84711
0.895571 227 0.847269
0.895378 227 0.847529
0.895378 226 0.847861
0.895185 226 0.848079
0.894991 226 0.848171
0.894991 225 0.848369
0.894991 224 0.848402
0.894798 224 0.848477
0.894798 223 0.84856
0.894798 222 0.848787
0.894605 222 0.848988
0.894605 221 0.849775
0.894605 220 0.84981
0.894605 219 0.850078
0.894605 218 0.850254
0.894605 217 0.850686
0.894605 216 0.850694
0.894605 215 0.850863
0.894605 214 0.850898
0.894411 214 0.851059
0.894411 213 0.851246
0.894411 212 0.851334
0.894411 211 0.851653
0.894218 211 0.851868
0.894218 210 0.851958
0.894024 210 0.852151
0.894024 209 0.852357
0.894024 208 0.852464
0.893831 208 0.852686
0.893831 207 0.852837
0.893638 207 0.853074
0.893444 207 0.853075
0.893251 207 0.853182
0.893251 206 0.853261
0.893251 205 0.853396
0.893057 205 0.853974
0.893057 204 0.854231
0.893057 203 0.854284
0.893057 202 0.854927
0.892864 202 0.855201
0.892864 201 0.855371
0.892671 201 0.855897
0.892671 200 0.855982
0.892671 199 0.856018
0.892671 198 0.85614
0.892671 197 0.856214
0.892671 196 0.856516
0.892477 196 0.856828
0.892477 195 0.857347
0.892284 195 0.857411
0.892284 194 0.857556
0.892284 193 0.858239
0.892284 192 0.858296
0.892284 191 0.858909
0.892091 191 0.859003
0.891897 191 0.859101
0.891897 190 0.859547
0.891897 189 0.859582
0.891704 189 0.859873
0.891704 188 0.85992
0.89151 188 0.86031
0.89151 187 0.860516
0.891317 187 0.86066
0.891317 186 0.861006
0.891124 186 0.861301
0.891124 185 0.861312
0.891124 184 0.861611
0.891124 183 0.861642
0.89093 183 0.861893
0.890737 183 0.861958
0.890737 182 0.862187
0.890737 181 0.86233
0.890737 180 0.862459
0.890737 179 0.862605
0.890737 178 0.863814
0.890737 177 0.864429
0.890543 177 0.864514
0.89035 177 0.864859
0.89035 176 0.864955
0.89035 175 0.86496
0.89035 174 0.865035
0.89035 173 0.865402
0.89035 172 0.865489
0.890157 172 0.865514
0.889963 172 0.865518
0.889963 171 0.865797
0.88977 171 0.865808
0.88977 170 0.866138
0.88977 169 0.866432
0.88977 168 0.86668
0.889576 168 0.866851
0.889576 167 0.866947
0.889576 166 0.867023
0.889383 166 0.86721
0.88919 166 0.86728
0.88919 165 0.867793
0.88919 164 0.867897
0.88919 163 0.867938
0.88919 162 0.868411
0.88919 161 0.868424
0.888996 161 0.868493
0.888803 161 0.868764
0.888803 160 0.86898
0.88861 160 0.86906
0.888416 160 0.869565
0.888416 159 0.869626
0.888223 159 0.869862
0.888029 159 0.870536
0.887836 159 0.870552
0.887643 159 0.870591
0.887449 159 0.870721
0.887449 158 0.870744
0.887449 157 0.870861
0.887256 157 0.870925
0.887256 156 0.871144
0.887256 155 0.871408
0.887062 155 0.871806
0.887062 154 0.871948
0.887062 153 0.87224
0.886869 153 0.872244
0.886676 153 0.872323
0.886676 152 0.872967
0.886676 151 0.873216
0.886676 150 0.87342
0.886482 150 0.873891
0.886289 150 0.874113
0.886289 149 0.874342
0.886289 148 0.874856
0.886289 147 0.875079
0.886289 146 0.875331
0.886096 146 0.875353
0.885902 146 0.875652
0.885902 145 0.875922
0.885709 145 0.875964
0.885515 145 0.876065
0.885322 145 0.87677
0.885129 145 0.877015
0.884935 145 0.877108
0.884935 144 0.877216
0.884935 143 0.877263
0.884935 142 0.877495
0.884742 142 0.877507
0.884548 142 0.877864
0.884355 142 0.877966
0.884355 141 0.878071
0.884355 140 0.878211
0.884355 139 0.878417
0.884355 138 0.878577
0.884162 138 0.878626
0.883968 138 0.878633
0.883968 137 0.878812
0.883968 136 0.879389
0.883775 136 0.87965
0.883775 135 0.880182
0.883775 134 0.883174
0.883775 133 0.883321
0.883775 132 0.883943
0.883775 131 0.884378
0.883775 130 0.884782
0.883775 129 0.884903
0.883775 128 0.884956
0.883775 127 0.885007
0.883775 126 0.885035
0.883775 125 0.885161
0.883582 125 0.885913
0.883582 124 0.885934
0.883582 123 0.886362
0.883388 123 0.886589
0.883388 122 0.886889
0.883388 121 0.887052
0.883195 121 0.887236
0.883001 121 0.887603
0.883001 120 0.887875
0.883001 119 0.887912
0.883001 118 0.888344
0.883001 117 0.888575
0.882808 117 0.88867
0.882615 117 0.888804
0.882615 116 0.888828
0.882421 116 0.888909
0.882421 115 0.889282
0.882421 114 0.889329
0.882421 113 0.88955
0.882421 112 0.889557
0.882421 111 0.889615
0.882421 110 0.890391
0.882421 109 0.89048
0.882228 109 0.89065
0.882034 109 0.890701
0.881841 109 0.890702
0.881841 108 0.891014
0.881648 108 0.891248
0.881648 107 0.891382
0.881454 107 0.89196
0.881261 107 0.891972
0.881067 107 0.891997
0.881067 106 0.892073
0.881067 105 0.892436
0.881067 104 0.892492
0.880874 104 0.892643
0.880874 103 0.892707
0.880874 102 0.893327
0.880874 101 0.89334
0.880874 100 0.893664
0.880681 100 0.893869
0.880681 99 0.894629
0.880487 99 0.895262
0.880487 98 0.895341
0.880294 98 0.895567
0.880101 98 0.895681
0.879907 98 0.89633
0.879907 97 0.896435
0.879714 97 0.896752
0.879714 96 0.896774
0.87952 96 0.897319
0.87952 95 0.897402
0.879327 95 0.897453
0.879327 94 0.897863
0.879327 93 0.898064
0.879327 92 0.898258
0.879327 91 0.89863
0.879134 91 0.898713
0.87894 91 0.899634
0.87894 90 0.899832
0.87894 89 0.900029
0.878747 89 0.900156
0.878747 88 0.90019
0.878553 88 0.900907
0.87836 88 0.901501
0.878167 88 0.901602
0.877973 88 0.902065
0.877973 87 0.902657
0.877973 86 0.902737
0.87778 86 0.902929
0.87778 85 0.903262
0.877587 85 0.903477
0.877393 85 0.904081
0.877393 84 0.904602
0.8772 84 0.904667
0.8772 83 0.904785
0.877006 83 0.904849
0.876813 83 0.90512
0.87662 83 0.905154
0.87662 82 0.906034
0.876426 82 0.906475
0.876426 81 0.90652
0.876233 81 0.906604
0.875846 81 0.906982
0.875653 81 0.907004
0.875459 81 0.907071
0.875266 81 0.90716
0.875073 81 0.907437
0.874879 81 0.907461
0.874879 80 0.907596
0.874686 80 0.907599
0.874492 80 0.9079
0.874299 80 0.908018
0.874299 79 0.908173
0.874106 79 0.908233
0.874106 78 0.908864
0.873912 78 0.908905
0.873719 78 0.909226
0.873525 78 0.909291
0.873332 78 0.909523
0.873332 77 0.909657
0.873332 76 0.909815
0.873139 76 0.910253
0.872945 76 0.910415
0.872752 76 0.91055
0.872558 76 0.910939
0.872558 75 0.910948
0.872558 74 0.911302
0.872365 74 0.911647
0.872172 74 0.911769
0.872172 73 0.912162
0.872172 72 0.912724
0.871978 72 0.912826
0.871785 72 0.913111
0.871592 72 0.913262
0.871398 72 0.91359
0.871205 72 0.913867
0.871011 72 0.914381
0.871011 71 0.914906
0.871011 70 0.915237
0.871011 69 0.915573
0.870818 69 0.9156
0.870625 69 0.915872
0.870431 69 0.915967
0.870431 68 0.917421
0.870431 67 0.917498
0.870238 67 0.917696
0.870238 66 0.917872
0.870238 65 0.918335
0.870238 64 0.919067
0.870044 64 0.919105
0.870044 63 0.919216
0.869851 63 0.919234
0.869658 63 0.919689
0.869464 63 0.919993
0.869271 63 0.920219
0.869271 62 0.920309
0.869078 62 0.920549
0.868884 62 0.921663
0.868884 61 0.921902
0.868691 61 0.922253
0.868691 60 0.922341
0.868497 60 0.922449
0.868497 59 0.922645
0.868304 59 0.922742
0.868111 59 0.922784
0.868111 58 0.923386
0.867917 58 0.923785
0.867724 58 0.923808
0.86753 58 0.924378
0.86753 57 0.92444
0.867337 57 0.924908
0.867337 56 0.92527
0.867144 56 0.925303
0.86695 56 0.925586
0.866757 56 0.926004
0.866757 55 0.926348
0.866564 55 0.926403
0.866564 54 0.926415
0.86637 54 0.926586
0.866177 54 0.926643
0.865983 54 0.926741
0.86579 54 0.926752
0.865597 54 0.926836
0.865597 53 0.92688
0.865403 53 0.927035
0.865403 52 0.92729
0.86521 52 0.9273
0.865016 52 0.927819
0.865016 51 0.927958
0.865016 50 0.928227
0.864823 50 0.928274
0.86463 50 0.928544
0.86463 49 0.928647
0.864436 49 0.928733
0.864243 49 0.928941
0.86405 49 0.929109
0.86405 48 0.929418
0.863856 48 0.929433
0.863856 47 0.92981
0.863663 47 0.929881
0.863469 47 0.930241
0.863469 46 0.930631
0.863276 46 0.930718
0.863083 46 0.930897
0.863083 45 0.930981
0.862889 45 0.931174
0.862696 45 0.931201
0.862502 45 0.931406
0.862309 45 0.931461
0.862116 45 0.931609
0.861922 45 0.932266
0.861729 45 0.932521
0.861729 44 0.932557
0.861729 43 0.932696
0.861535 43 0.933013
0.861342 43 0.933146
0.861149 43 0.93325
0.860955 43 0.933325
0.860762 43 0.933637
0.860762 42 0.933727
0.860569 42 0.933983
0.860375 42 0.934051
0.860182 42 0.934244
0.859988 42 0.934875
0.859988 41 0.934887
0.859795 41 0.935285
0.859795 40 0.935382
0.859602 40 0.935385
0.859602 39 0.93581
0.859408 39 0.935852
0.859408 38 0.935902
0.859215 38 0.936551
0.859021 38 0.93683
0.858828 38 0.937337
0.858635 38 0.937583
0.858441 38 0.937618
0.858248 38 0.937671
0.858055 38 0.93785
0.857861 38 0.938062
0.857861 37 0.93847
0.857668 37 0.938931
0.857474 37 0.939609
0.857281 37 0.939889
0.857088 37 0.93993
0.856894 37 0.940998
0.856894 36 0.941082
0.856701 36 0.941096
0.856507 36 0.941124
0.856314 36 0.941574
0.856121 36 0.941982
0.855927 36 0.942397
0.855734 36 0.94247
0.855541 36 0.942652
0.855347 36 0.942945
0.855347 35 0.943329
0.855154 35 0.943367
0.85496 35 0.943408
0.854767 35 0.943521
0.854574 35 0.943781
0.85438 35 0.944484
0.854187 35 0.944774
0.853993 35 0.944784
0.8538 35 0.945326
0.853607 35 0.945529
0.853413 35 0.945753
0.85322 35 0.946025
0.85322 34 0.946063
0.853026 34 0.946229
0.852833 34 0.946354
0.85264 34 0.946468
0.852446 34 0.94683
0.852446 33 0.946837
0.852253 33 0.947051
0.85206 33 0.947279
0.851866 33 0.947532
0.851673 33 0.947796
0.851673 32 0.947943
0.851479 32 0.948384
0.851286 32 0.948489
0.851093 32 0.948501
0.850899 32 0.948542
0.850706 32 0.949128
0.850706 31 0.949431
0.850706 30 0.949791
0.850512 30 0.94982
0.850319 30 0.949876
0.850319 29 0.949983
0.850126 29 0.949992
0.849932 29 0.949995
0.849932 28 0.950002
0.849739 28 0.950459
0.849546 28 0.950629
0.849352 28 0.950934
0.849159 28 0.951012
0.849159 27 0.95104
0.848965 27 0.951117
0.848772 27 0.951192
0.848579 27 0.951202
0.848385 27 0.9523
0.848192 27 0.952412
0.847998 27 0.952503
0.847805 27 0.952562
0.847612 27 0.952687
0.847418 27 0.952754
0.847225 27 0.953483
0.847032 27 0.953492
0.846838 27 0.953724
0.846645 27 0.953932
0.846451 27 0.954097
0.846258 27 0.954456
0.846258 26 0.954663
0.846065 26 0.954845
0.845871 26 0.954894
0.845678 26 0.955014
0.845484 26 0.955246
0.845484 25 0.955332
0.845291 25 0.955357
0.845098 25 0.955683
0.845098 24 0.955721
0.844904 24 0.956027
0.844904 23 0.956052
0.844711 23 0.956522
0.844518 23 0.956571
0.844324 23 0.956656
0.844131 23 0.956836
0.843937 23 0.956953
0.843744 23 0.957152
0.843551 23 0.957172
0.843357 23 0.957352
0.843164 23 0.957381
0.84297 23 0.957599
0.842777 23 0.957607
0.842584 23 0.957655
0.84239 23 0.957716
0.84239 22 0.957763
0.84239 21 0.957782
0.842197 21 0.957809
0.842003 21 0.958462
0.84181 21 0.958756
0.841617 21 0.958877
0.841423 21 0.95918
0.841037 21 0.959274
0.841037 20 0.95928
0.840843 20 0.959305
0.840843 19 0.959307
0.84065 19 0.95931
0.840456 19 0.95969
0.840263 19 0.960023
0.84007 19 0.960059
0.839876 19 0.960234
0.839683 19 0.960418
0.839489 19 0.960496
0.839296 19 0.960505
0.839103 19 0.960785
0.838909 19 0.961035
0.838716 19 0.961286
0.838523 19 0.961415
0.838523 18 0.961619
0.838329 18 0.961886
0.838136 18 0.961949
0.837942 18 0.962007
0.837749 18 0.96206
0.837556 18 0.962107
0.837362 18 0.962244
0.837169 18 0.962249
0.836975 18 0.962465
0.836782 18 0.962538
0.836589 18 0.962863
0.836395 18 0.962955
0.836202 18 0.963179
0.836009 18 0.963449
0.835815 18 0.96354
0.835622 18 0.963928
0.835428 18 0.964269
0.835235 18 0.964361
0.835042 18 0.964638
0.834848 18 0.96464
0.834655 18 0.965032
0.834461 18 0.965083
0.834268 18 0.96511
0.834075 18 0.965134
0.833881 18 0.965209
0.833688 18 0.965283
0.833494 18 0.965858
0.833301 18 0.966153
0.833108 18 0.966223
0.832914 18 0.966379
0.832721 18 0.966388
0.832528 18 0.966409
0.832334 18 0.966721
0.832141 18 0.966764
0.831947 18 0.966849
0.831754 18 0.966874
0.831561 18 0.966994
0.831367 18 0.967245
0.831174 18 0.967943
0.83098 18 0.967998
0.830787 18 0.968029
0.830594 18 0.968089
0.8304 18 0.968203
0.830207 18 0.968448
0.830014 18 0.968473
0.82982 18 0.96854
0.829627 18 0.968673
0.829433 18 0.968679
0.82924 18 0.968719
0.829047 18 0.968794
0.828853 18 0.968877
0.82866 18 0.968892
0.828466 18 0.968896
0.828273 18 0.969162
0.82808 18 0.969363
0.82808 17 0.969989
0.827886 17 0.970346
0.827693 17 0.970443
0.8275 17 0.970446
0.827306 17 0.970696
0.827113 17 0.970717
0.826919 17 0.970722
0.826726 17 0.970762
0.826533 17 0.97081
0.826339 17 0.970835
0.826146 17 0.97128
0.825952 17 0.971372
0.825759 17 0.971618
0.825566 17 0.971632
0.825372 17 0.971825
0.825372 16 0.971906
0.825179 16 0.972045
0.824985 16 0.972079
0.824792 16 0.972581
0.824599 16 0.972628
0.824599 15 0.972852
0.824599 14 0.973101
0.824405 14 0.973242
0.824212 14 0.973277
0.824019 14 0.973285
0.823825 14 0.97334
0.823632 14 0.973596
0.823438 14 0.973823
0.823245 14 0.973882
0.823052 14 0.973891
0.823052 13 0.973894
0.822858 13 0.973907
0.822858 12 0.974348
0.822858 11 0.974631
0.822665 11 0.974662
0.822471 11 0.974683
0.822278 11 0.974735
0.822085 11 0.974821
0.821891 11 0.975029
0.821698 11 0.975086
0.821505 11 0.975133
0.821311 11 0.975154
0.821118 11 0.97545
0.820924 11 0.975539
0.820731 11 0.9759
0.820538 11 0.976177
0.820344 11 0.976274
0.820151 11 0.976338
0.819957 11 0.976562
0.819764 11 0.976672
0.819571 11 0.976673
0.819377 11 0.976849
0.819377 10 0.977186
0.819184 10 0.977217
0.818991 10 0.977447
0.818797 10 0.977721
0.818604 10 0.977757
0.81841 10 0.978033
0.818217 10 0.978115
0.818024 10 0.978204
0.81783 10 0.978507
0.817637 10 0.97853
0.817443 10 0.978568
0.81725 10 0.978605
0.817057 10 0.978712
0.816863 10 0.978715
0.81667 10 0.978831
0.816477 10 0.978881
0.816283 10 0.978901
0.81609 10 0.978918
0.815896 10 0.97892
0.815703 10 0.978967
0.815703 9 0.97923
0.81551 9 0.979348
0.815316 9 0.979382
0.815123 9 0.979465
0.814929 9 0.979514
0.814736 9 0.979552
0.814543 9 0.979809
0.814349 9 0.97988
0.814156 9 0.979886
0.813962 9 0.979993
0.813769 9 0.980055
0.813576 9 0.980097
0.813382 9 0.980286
0.813189 9 0.980299
0.812996 9 0.980312
0.812802 9 0.980565
0.812609 9 0.980572
0.812415 9 0.980677
0.812222 9 0.980828
0.812029 9 0.980877
0.811835 9 0.981041
0.811642 9 0.981252
0.811255 9 0.981484
0.811255 8 0.981601
0.811062 8 0.981697
0.810868 8 0.981928
0.810675 8 0.982296
0.810482 8 0.982377
0.810288 8 0.982456
0.810095 8 0.982486
0.809901 8 0.982635
0.809708 8 0.982793
0.809708 7 0.982876
0.809515 7 0.982913
0.809321 7 0.982952
0.809128 7 0.983048
0.808934 7 0.983069
0.808741 7 0.983079
0.808548 7 0.983151
0.808354 7 0.983208
0.808161 7 0.983265
0.807968 7 0.983475
0.807774 7 0.983953
0.807581 7 0.984067
0.807387 7 0.9842
0.807194 7 0.984219
0.807001 7 0.984244
0.806807 7 0.984314
0.806614 7 0.984383
0.80642 7 0.984406
0.806227 7 0.984456
0.806227 6 0.984465
0.806034 6 0.984504
0.80584 6 0.984718
0.805647 6 0.984913
0.805453 6 0.984917
0.80526 6 0.984957
0.805067 6 0.984964
0.804873 6 0.985004
0.80468 6 0.985022
0.804487 6 0.985089
0.804293 6 0.985151
0.8041 6 0.985175
0.803906 6 0.985198
0.803713 6 0.9852
0.80352 6 0.985205
0.803326 6 0.985268
0.803133 6 0.985308
0.802939 6 0.985413
0.802746 6 0.985502
0.802553 6 0.985593
0.802553 5 0.98567
0.802359 5 0.985773
0.802166 5 0.985873
0.801973 5 0.98588
0.801779 5 0.985938
0.801586 5 0.986004
0.801392 5 0.986022
0.801199 5 0.986215
0.801006 5 0.98626
0.800812 5 0.986275
0.800619 5 0.986299
0.800425 5 0.986402
0.800232 5 0.986499
0.800039 5 0.986577
0.799845 5 0.986585
0.799652 5 0.98661
0.799459 5 0.986627
0.799265 5 0.986685
0.799072 5 0.986694
0.798878 5 0.986765
0.798685 5 0.986877
0.798492 5 0.986919
0.798298 5 0.986947
0.798105 5 0.986993
0.797911 5 0.987044
0.797718 5 0.987066
0.797331 5 0.9871
0.797138 5 0.987142
0.796944 5 0.987209
0.796751 5 0.98722
0.796558 5 0.987254
0.796364 5 0.987393
0.796171 5 0.987439
0.795978 5 0.987451
0.795784 5 0.987626
0.795591 5 0.987631
0.795397 5 0.987635
0.795204 5 0.987905
0.795011 5 0.987927
0.794817 5 0.987958
0.794624 5 0.988009
0.79443 5 0.988035
0.794237 5 0.988294
0.794044 5 0.988567
0.79385 5 0.988584
0.793657 5 0.98863
0.793464 5 0.988635
0.79327 5 0.988654
0.793077 5 0.988697
0.792883 5 0.988732
0.79269 5 0.988796
0.792497 5 0.9888
0.792303 5 0.988841
0.79211 5 0.988851
0.791916 5 0.988897
0.791723 5 0.988903
0.79153 5 0.988942
0.79153 4 0.989015
0.791336 4 0.989052
0.791143 4 0.989056
0.79095 4 0.989078
0.790756 4 0.989148
0.790563 4 0.989186
0.790369 4 0.989225
0.790176 4 0.989239
0.789983 4 0.989279
0.789789 4 0.989281
0.789596 4 0.989311
0.789402 4 0.989326
0.789209 4 0.989374
0.789016 4 0.989387
0.788822 4 0.989399
0.788629 4 0.989435
0.788436 4 0.989536
0.788242 4 0.989574
0.787855 4 0.989652
0.787662 4 0.989666
0.787469 4 0.98967
0.787275 4 0.989729
0.787082 4 0.98983
0.786888 4 0.989839
0.786695 4 0.989893
0.786502 4 0.989944
0.786308 4 0.990007
0.786115 4 0.990087
0.785921 4 0.990173
0.785728 4 0.990174
0.785535 4 0.990266
0.785535 3 0.990281
0.785341 3 0.990423
0.785148 3 0.990451
0.784955 3 0.990566
0.784761 3 0.990579
0.784568 3 0.990604
0.784374 3 0.990634
0.784181 3 0.990669
0.783988 3 0.990684
0.783794 3 0.990837
0.783407 3 0.99084
0.783214 3 0.99087
0.783021 3 0.990921
0.782827 3 0.990946
0.782827 2 0.990988
0.782634 2 0.991144
0.782441 2 0.991173
0.782247 2 0.991209
0.782054 2 0.991259
0.78186 2 0.991304
0.781667 2 0.991381
0.781474 2 0.991421
0.78128 2 0.99143
0.781087 2 0.991441
0.780893 2 0.991518
0.780507 2 0.991542
0.780313 2 0.991545
0.78012 2 0.991605
0.779927 2 0.991628
0.779733 2 0.991646
0.77954 2 0.991661
0.779346 2 0.991729
0.779153 2 0.991775
0.77896 2 0.991856
0.778766 2 0.991866
0.778573 2 0.991927
0.778379 2 0.991969
0.778186 2 0.992009
0.777993 2 0.992025
0.777799 2 0.992026
0.777606 2 0.992036
0.777412 2 0.992039
0.777219 2 0.992041
0.777026 2 0.992083
0.776832 2 0.992097
0.776639 2 0.992106
0.776446 2 0.992113
0.776252 2 0.992173
0.776059 2 0.992188
0.775865 2 0.992209
0.775672 2 0.992253
0.775479 2 0.992272
0.775285 2 0.992273
0.775092 2 0.992278
0.774898 2 0.992309
0.774705 2 0.992327
0.774512 2 0.992347
0.774318 2 0.99241
0.774125 2 0.992455
0.773932 2 0.992502
0.773738 2 0.992533
0.773545 2 0.992536
0.773351 2 0.992562
0.773158 2 0.992569
0.772965 2 0.992602
0.772771 2 0.992611
0.772578 2 0.992627
0.772384 2 0.99266
0.772191 2 0.992672
0.771998 2 0.992687
0.771804 2 0.992701
0.771611 2 0.992723
0.771418 2 0.992744
0.771224 2 0.992775
0.771031 2 0.992792
0.770837 2 0.992815
0.770644 2 0.992855
0.770257 2 0.992867
0.770064 2 0.992889
0.76987 2 0.992901
0.769677 2 0.992911
0.769484 2 0.992947
0.76929 2 0.993008
0.769097 2 0.993011
0.768904 2 0.993029
0.76871 2 0.993032
0.768517 2 0.993107
0.768323 2 0.993134
0.76813 2 0.993167
0.767937 2 0.993179
0.767743 2 0.993227
0.76755 2 0.993231
0.767356 2 0.993257
0.767163 2 0.993323
0.76697 2 0.993327
0.766776 2 0.993332
0.766583 2 0.993381
0.766389 2 0.993429
0.766196 2 0.993483
0.766003 2 0.993489
0.765809 2 0.993494
0.765616 2 0.993507
0.765423 2 0.99354
0.765229 2 0.993591
0.765036 2 0.993594
0.764842 2 0.993648
0.764649 2 0.993687
0.764456 2 0.993689
0.764262 2 0.993764
0.764069 2 0.993819
0.763875 2 0.993822
0.763682 2 0.993851
0.763489 2 0.993868
0.763295 2 0.993887
0.763102 2 0.993902
0.762909 2 0.993906
0.762715 2 0.994019
0.762522 2 0.994103
0.762328 2 0.99412
0.762135 2 0.994123
0.761942 2 0.994146
0.761748 2 0.99422
0.761555 2 0.994226
0.761361 2 0.994235
0.761168 2 0.994251
0.760975 2 0.994264
0.760781 2 0.994269
0.760588 2 0.994302
0.760395 2 0.994313
0.760201 2 0.994347
0.760008 2 0.994375
0.759814 2 0.994383
0.759621 2 0.994402
0.759428 2 0.994404
0.759234 2 0.994425
0.759041 2 0.994429
0.758847 2 0.994437
0.758654 2 0.994475
0.758461 2 0.994541
0.758074 2 0.994562
0.75788 2 0.994607
0.757687 2 0.994609
0.757494 2 0.994634
0.7573 2 0.994668
0.757107 2 0.994674
0.756914 2 0.99468
0.75672 2 0.994707
0.756527 2 0.994722
0.756333 2 0.994749
0.75614 2 0.994782
0.755947 2 0.994808
0.755753 2 0.994811
0.75556 2 0.994813
0.755366 2 0.994821
0.755173 2 0.99485
0.75498 2 0.994861
0.754786 2 0.994869
0.754593 2 0.994905
0.7544 2 0.994918
0.754206 2 0.994957
0.754013 2 0.994983
0.753819 2 0.994984
0.753626 2 0.994989
0.753433 2 0.994998
0.753239 2 0.995008
0.753046 2 0.995009
0.752852 2 0.995016
0.752659 2 0.995035
0.752466 2 0.995049
0.752272 2 0.995059
0.752079 2 0.995066
0.751886 2 0.99509
0.751692 2 0.99511
0.751499 2 0.995114
0.751305 2 0.995131
0.751112 2 0.995138
0.750919 2 0.995143
0.750725 2 0.995145
0.750532 2 0.995149
0.750338 2 0.995152
0.750145 2 0.99523
0.749952 2 0.995236
0.749758 2 0.995243
0.749565 2 0.995275
0.749371 2 0.995312
0.749178 2 0.995331
0.748985 2 0.995344
0.748791 2 0.995352
0.748598 2 0.995355
0.748405 2 0.995439
0.748211 2 0.995447
0.748018 2 0.995462
0.747824 2 0.995463
0.747631 2 0.995495
0.747438 2 0.995516
0.747244 2 0.995536
0.747051 2 0.995538
0.746857 2 0.995542
0.746664 2 0.995557
0.746471 2 0.995569
0.746277 2 0.995588
0.746084 2 0.995622
0.745891 2 0.995643
0.745697 2 0.995649
0.745504 2 0.995654
0.74531 2 0.995667
0.745117 2 0.995671
0.744924 2 0.99568
0.74473 2 0.995719
0.744537 2 0.995721
0.744343 2 0.995749
0.74415 2 0.995778
0.743957 2 0.995779
0.743763 2 0.995824
0.74357 2 0.995827
0.743377 2 0.995837
0.743183 2 0.995841
0.74299 2 0.995857
0.742796 2 0.995884
0.742603 2 0.995898
0.74241 2 0.995906
0.742216 2 0.995913
0.742023 2 0.995916
0.741829 2 0.995922
0.741636 2 0.995925
0.741443 2 0.995932
0.741249 2 0.995943
0.741056 2 0.995973
0.740863 2 0.995983
0.740669 2 0.99601
0.740476 2 0.996019
0.740282 2 0.996023
0.740089 2 0.996053
0.739896 2 0.996054
0.739702 2 0.996064
0.739509 2 0.996078
0.739315 2 0.99609
0.739122 2 0.996095
0.738929 2 0.996097
0.738735 2 0.996109
0.738542 2 0.996125
0.738348 2 0.996131
0.738155 2 0.996143
0.737962 2 0.99615
0.737768 2 0.996158
0.737575 2 0.99616
0.737382 2 0.996165
0.737188 2 0.996187
0.736995 2 0.996198
0.736608 2 0.996236
0.736415 2 0.996247
0.736221 2 0.996255
0.736028 2 0.996256
0.735834 2 0.996257
0.735641 2 0.996263
0.735448 2 0.996266
0.735061 2 0.996306
0.734868 2 0.996331
0.734674 2 0.996345
0.734481 2 0.996352
0.734287 2 0.996364
0.734094 2 0.996367
0.733901 2 0.996372
0.733707 2 0.996373
0.733514 2 0.996387
0.733127 2 0.996415
0.732934 2 0.996435
0.73274 2 0.996443
0.732547 2 0.996479
0.732354 2 0.996487
0.73216 2 0.996509
0.731967 2 0.996519
0.731773 2 0.996522
0.73158 2 0.996539
0.731387 2 0.996558
0.731193 2 0.996559
0.730806 2 0.99656
0.730613 2 0.996577
0.73042 2 0.99658
0.730226 2 0.996596
0.730033 2 0.996602
0.729839 2 0.996621
0.729646 2 0.996632
0.729453 2 0.996652
0.729259 2 0.996665
0.729066 2 0.996676
0.728873 2 0.996682
0.728679 2 0.996687
0.728486 2 0.996707
0.728292 2 0.996736
0.728099 2 0.996737
0.727906 2 0.99674
0.727712 2 0.996748
0.727519 2 0.996749
0.727325 2 0.996752
0.727132 2 0.996767
0.726939 2 0.996774
0.726745 2 0.996775
0.726552 2 0.996783
0.726359 2 0.996806
0.726165 2 0.996836
0.725972 2 0.99684
0.725778 2 0.996861
0.725585 2 0.996866
0.725392 2 0.996871
0.725198 2 0.996879
0.725005 2 0.996909
0.724811 2 0.99691
0.724618 2 0.996915
0.724425 2 0.996928
0.724231 2 0.996936
0.724038 2 0.99694
0.723845 2 0.996954
0.723651 2 0.996955
0.723458 2 0.996974
0.723264 2 0.996982
0.723071 2 0.996984
0.722878 2 0.996985
0.722684 2 0.996997
0.722491 2 0.997
0.722297 2 0.997003
0.722104 2 0.997004
0.721717 2 0.997014
0.721524 2 0.997019
0.72133 2 0.99702
0.721137 2 0.997027
0.720944 2 0.997032
0.72075 2 0.997037
0.720557 2 0.997039
0.720364 2 0.997043
0.72017 2 0.997046
0.719977 2 0.997054
0.719783 2 0.997071
0.71959 2 0.997088
0.719397 2 0.997092
0.719203 2 0.997097
0.71901 2 0.997098
0.718816 2 0.997099
0.718623 2 0.9971
0.71843 2 0.997106
0.718236 2 0.997112
0.718043 2 0.997123
0.71785 2 0.997131
0.717656 2 0.997135
0.717463 2 0.997141
0.717269 2 0.997143
0.716883 2 0.997166
0.716689 2 0.997167
0.716496 2 0.997172
0.716302 2 0.997193
0.716109 1 0.997211
0.715722 1 0.997221
0.715722 0 0.997229
0.715529 0 0.99723
0.715336 0 0.997237
0.715142 0 0.997248
0.714949 0 0.997252
0.714755 0 0.997256
0.714562 0 0.997263
0.714369 0 0.997276
0.714175 0 0.99728
0.713982 0 0.997285
0.713788 0 0.997289
0.713595 0 0.99729
0.713402 0 0.997294
0.713208 0 0.9973
0.713015 0 0.997315
0.712628 0 0.997316
0.712435 0 0.997317
0.712241 0 0.99732
0.712048 0 0.997327
0.711855 0 0.997338
0.711661 0 0.997339
0.711468 0 0.997365
0.711274 0 0.997368
0.711081 0 0.997372
0.710888 0 0.997384
0.710694 0 0.997393
0.710501 0 0.99741
0.709921 0 0.997422
0.709727 0 0.997434
0.709534 0 0.997435
0.709341 0 0.997437
0.709147 0 0.997454
0.708954 0 0.997456
0.70876 0 0.997461
0.708567 0 0.997468
0.708374 0 0.997481
0.70818 0 0.997502
0.707987 0 0.997509
0.707793 0 0.997512
0.707407 0 0.997515
0.707213 0 0.997516
0.70702 0 0.997523
0.706827 0 0.997525
0.706633 0 0.997526
0.70644 0 0.997536
0.706246 0 0.997542
0.70586 0 0.99755
0.705473 0 0.997551
0.705279 0 0.997552
0.705086 0 0.997557
0.704893 0 0.99756
0.704506 0 0.997584
0.704313 0 0.997587
0.704119 0 0.997595
0.703926 0 0.997598
0.703732 0 0.9976
0.703539 0 0.997605
0.703346 0 0.997606
0.703152 0 0.99761
0.702959 0 0.997611
0.702572 0 0.997617
0.702379 0 0.99762
0.702185 0 0.99763
0.701992 0 0.997632
0.701798 0 0.997637
0.701605 0 0.997641
0.701412 0 0.997643
0.701218 0 0.997645
0.701025 0 0.997649
0.700832 0 0.997651
0.700638 0 0.997662
0.700251 0 0.997665
0.700058 0 0.997669
0.699865 0 0.997671
0.699671 0 0.997672
0.699478 0 0.997675
0.699284 0 0.997679
0.699091 0 0.99768
0.698898 0 0.997686
0.698704 0 0.997694
0.698511 0 0.997712
0.698318 0 0.997717
0.698124 0 0.997721
0.697931 0 0.997741
0.697544 0 0.997756
0.697351 0 0.997758
0.697157 0 0.997759
0.696964 0 0.997764
0.69677 0 0.997772
0.696577 0 0.997778
0.696384 0 0.99778
0.69619 0 0.997785
0.695804 0 0.997786
0.69561 0 0.997787
0.695417 0 0.997791
0.695223 0 0.997799
0.69503 0 0.997824
0.694837 0 0.997832
0.694643 0 0.997842
0.69445 0 0.997846
0.694256 0 0.997859
0.694063 0 0.99786
0.693676 0 0.997865
0.693096 0 0.997868
0.692903 0 0.99788
0.692709 0 0.997888
0.692516 0 0.997892
0.692323 0 0.997905
0.692129 0 0.997912
0.691936 0 0.997916
0.691742 0 0.997922
0.691549 0 0.997923
0.691356 0 0.997926
0.691162 0 0.997932
0.690969 0 0.997934
0.690775 0 0.997935
0.690582 0 0.997942
0.690389 0 0.997943
0.690195 0 0.997947
0.690002 0 0.997949
0.689809 0 0.997953
0.689615 0 0.997958
0.689422 0 0.997959
0.689228 0 0.997969
0.689035 0 0.997977
0.688842 0 0.997982
0.688648 0 0.997983
0.688455 0 0.997986
0.688261 0 0.997995
0.688068 0 0.998003
0.687875 0 0.998004
0.687681 0 0.998013
0.687488 0 0.998015
0.687101 0 0.998017
0.686908 0 0.998018
0.686714 0 0.998022
0.686521 0 0.998033
0.685941 0 0.998039
0.685747 0 0.998045
0.685554 0 0.998046
0.685361 0 0.998047
0.685167 0 0.998051
0.684974 0 0.998056
0.684781 0 0.998068
0.684587 0 0.99807
0.6842 0 0.998072
0.684007 0 0.998083
0.68362 0 0.99809
0.683427 0 0.998092
0.683233 0 0.998101
0.68304 0 0.998104
0.682847 0 0.998105
0.682653 0 0.998107
0.68246 0 0.998111
0.682266 0 0.998112
0.682073 0 0.998115
0.68188 0 0.998126
0.681686 0 0.998131
0.681493 0 0.998132
0.6813 0 0.998134
0.681106 0 0.998141
0.680719 0 0.998145
0.680526 0 0.998146
0.680333 0 0.99818
0.679946 0 0.998188
0.679752 0 0.99819
0.679559 0 0.998195
0.679172 0 0.998196
0.678979 0 0.998198
0.678786 0 0.9982
0.678592 0 0.998204
0.678205 0 0.998208
0.678012 0 0.998213
0.677819 0 0.99822
0.677625 0 0.998223
0.677432 0 0.998233
0.677238 0 0.998234
0.676852 0 0.998237
0.676658 0 0.998238
0.676465 0 0.998239
0.676272 0 0.99824
0.675885 0 0.998251
0.675691 0 0.998259
0.675498 0 0.998263
0.675305 0 0.998264
0.675111 0 0.998267
0.674918 0 0.998276
0.674724 0 0.998279
0.674531 0 0.998286
0.674338 0 0.998287
0.673951 0 0.998288
0.673757 0 0.998289
0.673564 0 0.998301
0.673177 0 0.998304
0.672984 0 0.998308
0.672791 0 0.998311
0.672597 0 0.998312
0.672404 0 0.998315
0.67221 0 0.998318
0.672017 0 0.998319
0.671824 0 0.998329
0.67163 0 0.998337
0.671243 0 0.998339
0.67105 0 0.99834
0.670857 0 0.998346
0.67047 0 0.998359
0.670277 0 0.998364
0.670083 0 0.998365
0.669696 0 0.998376
0.669503 0 0.99838
0.66931 0 0.998383
0.669116 0 0.998384
0.668923 0 0.998385
0.668729 0 0.998386
0.668536 0 0.998394
0.668343 0 0.998395
0.668149 0 0.998408
0.667956 0 0.998411
0.667569 0 0.998416
0.667376 0 0.998424
0.666989 0 0.99843
0.666602 0 0.998431
0.666409 0 0.998438
0.666215 0 0.998439
0.666022 0 0.99844
0.665829 0 0.998441
0.665635 0 0.998442
0.665442 0 0.998445
0.665249 0 0.998451
0.664862 0 0.998453
0.664668 0 0.998454
0.664475 0 0.998466
0.664282 0 0.998467
0.664088 0 0.998468
0.663895 0 0.998469
0.663508 0 0.998472
0.663315 0 0.998474
0.663121 0 0.998475
0.662541 0 0.998478
0.662348 0 0.99848
0.662154 0 0.998482
0.661381 0 0.998483
0.661187 0 0.998488
0.660994 0 0.998489
0.660801 0 0.99849
0.660414 0 0.998493
0.66022 0 0.998494
0.659834 0 0.998496
0.65964 0 0.998501
0.659447 0 0.998504
0.659254 0 0.998507
0.658867 0 0.998508
0.65848 0 0.99851
0.658287 0 0.998512
0.6579 0 0.998513
0.657706 0 0.998518
0.657513 0 0.998525
0.65732 0 0.998526
0.656933 0 0.998527
0.65674 0 0.998529
0.656353 0 0.998536
0.655966 0 0.998538
0.655579 0 0.998539
0.655386 0 0.998541
0.654999 0 0.998544
0.654612 0 0.998546
0.654225 0 0.998547
0.654032 0 0.998548
0.653645 0 0.998549
0.653452 0 0.99855
0.653065 0 0.998553
0.652872 0 0.998554
0.652678 0 0.998557
0.652485 0 0.998561
0.652292 0 0.998562
0.652098 0 0.998563
0.651518 0 0.998565
0.651325 0 0.998567
0.651131 0 0.998573
0.650745 0 0.998574
0.650551 0 0.998576
0.650358 0 0.998577
0.650164 0 0.998578
0.649778 0 0.998585
0.649584 0 0.998586
0.649391 0 0.998587
0.649197 0 0.998588
0.649004 0 0.998589
0.648811 0 0.99859
0.648617 0 0.998591
0.648424 0 0.998593
0.648231 0 0.998598
0.648037 0 0.9986
0.647844 0 0.998602
0.647457 0 0.998603
0.647264 0 0.998604
0.64707 0 0.998605
0.646877 0 0.998606
0.646683 0 0.998608
0.64649 0 0.998609
0.646103 0 0.998611
0.64591 0 0.998612
0.645716 0 0.998613
0.645523 0 0.998614
0.645136 0 0.998616
0.644943 0 0.998617
0.64475 0 0.998618
0.644556 0 0.998619
0.644363 0 0.99862
0.644169 0 0.998621
0.643976 0 0.998624
0.643783 0 0.998625
0.643396 0 0.998626
0.643202 0 0.998627
0.643009 0 0.998632
0.642622 0 0.998633
0.642429 0 0.998636
0.642236 0 0.998637
0.642042 0 0.998639
0.641655 0 0.998642
0.641269 0 0.998647
0.640882 0 0.998649
0.640688 0 0.99865
0.640495 0 0.998651
0.639915 0 0.998656
0.639722 0 0.998664
0.639141 0 0.998665
0.638755 0 0.998666
0.638561 0 0.998669
0.638368 0 0.99867
0.637981 0 0.998673
0.637401 0 0.998674
0.637208 0 0.998677
0.637014 0 0.998679
0.636821 0 0.998685
0.636434 0 0.998686
0.636047 0 0.998687
0.635854 0 0.998688
0.63566 0 0.998696
0.635467 0 0.998698
0.635274 0 0.998706
0.63508 0 0.998707
0.634693 0 0.99871
0.634113 0 0.998712
0.633727 0 0.998714
0.633533 0 0.998717
0.63334 0 0.998718
0.633146 0 0.99872
0.63276 0 0.998724
0.632566 0 0.998727
0.632373 0 0.998728
0.632179 0 0.998729
0.631793 0 0.998734
0.631406 0 0.998735
0.631213 0 0.998736
0.631019 0 0.998738
0.630439 0 0.99874
0.630052 0 0.998741
0.629859 0 0.998743
0.629472 0 0.998744
0.629279 0 0.998745
0.629085 0 0.998746
0.628892 0 0.99875
0.628699 0 0.998751
0.628312 0 0.998753
0.628118 0 0.998756
0.627925 0 0.998759
0.627732 0 0.99876
0.627345 0 0.998761
0.626958 0 0.998762
0.626765 0 0.998764
0.626571 0 0.998766
0.626378 0 0.998767
0.626184 0 0.998769
0.625991 0 0.99877
0.625604 0 0.998772
0.625411 0 0.998773
0.625024 0 0.998774
0.624831 0 0.998775
0.624637 0 0.998777
0.624444 0 0.998779
0.624057 0 0.998782
0.623864 0 0.998783
0.62367 0 0.998784
0.623477 0 0.998786
0.623284 0 0.998787
0.62309 0 0.998788
0.622704 0 0.99879
0.62251 0 0.998796
0.622123 0 0.998798
0.62193 0 0.998799
0.621737 0 0.9988
0.621543 0 0.998801
0.62135 0 0.998803
0.621156 0 0.998804
0.620963 0 0.998809
0.62077 0 0.998811
0.620383 0 0.998813
0.62019 0 0.998814
0.619803 0 0.998815
0.619609 0 0.998816
0.619223 0 0.998817
0.618836 0 0.998819
0.618642 0 0.99882
0.618449 0 0.998822
0.618256 0 0.998823
0.618062 0 0.998825
0.617675 0 0.998827
0.617482 0 0.998828
0.617289 0 0.998829
0.617095 0 0.99883
0.616902 0 0.998831
0.616322 0 0.998832
0.616128 0 0.998833
0.615742 0 0.998834
0.615548 0 0.998838
0.615355 0 0.998843
0.615161 0 0.998844
0.614968 0 0.998845
0.614775 0 0.998847
0.614581 0 0.998848
0.614388 0 0.99885
0.614195 0 0.998851
0.614001 0 0.998852
0.613228 0 0.998855
0.613034 0 0.998856
0.612841 0 0.998857
0.612647 0 0.998858
0.612454 0 0.998859
0.612261 0 0.99886
0.611874 0 0.998861
0.611681 0 0.998863
0.611487 0 0.998864
0.6111 0 0.998867
0.610907 0 0.998868
0.61052 0 0.998869
0.610327 0 0.99887
0.610133 0 0.998871
0.609747 0 0.998872
0.60936 0 0.998873
0.60878 0 0.998874
0.608586 0 0.998875
0.608393 0 0.99888
0.6082 0 0.998881
0.608006 0 0.998883
0.607619 0 0.998884
0.607426 0 0.998889
0.607233 0 0.998892
0.606846 0 0.998893
0.606652 0 0.998895
0.606266 0 0.998899
0.606072 0 0.9989
0.605686 0 0.998902
0.605492 0 0.998903
0.605299 0 0.998904
0.605105 0 0.998905
0.604719 0 0.998906
0.604525 0 0.998907
0.604332 0 0.998909
0.604138 0 0.99891
0.603945 0 0.998911
0.603752 0 0.998912
0.603365 0 0.998915
0.602591 0 0.998916
0.602398 0 0.998917
0.602011 0 0.998918
0.601818 0 0.998919
0.601624 0 0.998921
0.601431 0 0.998922
0.600851 0 0.998923
0.600658 0 0.998924
0.600464 0 0.998926
0.599884 0 0.998928
0.59911 0 0.99893
0.598917 0 0.998931
0.59853 0 0.998933
0.598143 0 0.998935
0.59737 0 0.998937
0.597177 0 0.998939
0.59679 0 0.998941
0.596596 0 0.998942
0.596403 0 0.998943
0.596016 0 0.998944
0.595436 0 0.998945
0.595243 0 0.998947
0.595049 0 0.998948
0.594663 0 0.99895
0.594082 0 0.998951
0.593889 0 0.998952
0.593502 0 0.998953
0.593115 0 0.998954
0.592922 0 0.998955
0.592729 0 0.998956
0.592535 0 0.998957
0.591955 0 0.998958
0.591762 0 0.998961
0.591568 0 0.998964
0.591375 0 0.998965
0.590988 0 0.998966
0.590795 0 0.998967
0.590408 0 0.998969
0.590215 0 0.99897
0.590021 0 0.998971
0.589828 0 0.998972
0.589441 0 0.998973
0.589054 0 0.998975
0.588861 0 0.998976
0.588474 0 0.998979
0.587894 0 0.99898
0.587701 0 0.998981
0.58712 0 0.998983
0.586927 0 0.998984
0.58654 0 0.998986
0.586154 0 0.998988
0.58596 0 0.998991
0.585573 0 0.998993
0.58538 0 0.998995
0.585187 0 0.998996
0.584993 0 0.998997
0.584606 0 0.998998
0.58422 0 0.999001
0.583833 0 0.999002
0.58364 0 0.999004
0.583446 0 0.999005
0.583059 0 0.999006
0.582479 0 0.999007
0.582286 0 0.999008
0.581899 0 0.99901
0.581319 0 0.999012
0.580739 0 0.999013
0.580352 0 0.999014
0.579965 0 0.999015
0.579578 0 0.999016
0.579192 0 0.999017
0.578805 0 0.999018
0.578418 0 0.999019
0.578031 0 0.99902
0.577838 0 0.999021
0.577645 0 0.999022
0.577064 0 0.999025
0.576678 0 0.999026
0.576484 0 0.99903
0.576291 0 0.999031
0.575711 0 0.999033
0.575324 0 0.999034
0.575131 0 0.999036
0.574937 0 0.999037
0.574744 0 0.999038
0.57455 0 0.999039
0.574357 0 0.999041
0.57397 0 0.999042
0.573777 0 0.999043
0.573583 0 0.999044
0.573197 0 0.999045
0.573003 0 0.999046
0.57281 0 0.999047
0.572423 0 0.999048
0.57223 0 0.999049
0.57165 0 0.99905
0.571456 0 0.999051
0.571069 0 0.999052
0.570876 0 0.999054
0.570683 0 0.999056
0.570489 0 0.999059
0.570102 0 0.99906
0.569716 0 0.999061
0.569522 0 0.999062
0.569136 0 0.999064
0.568749 0 0.999065
0.568362 0 0.999066
0.567975 0 0.999067
0.567782 0 0.999069
0.567588 0 0.99907
0.567202 0 0.999072
0.567008 0 0.999073
0.566815 0 0.999074
0.566622 0 0.999075
0.566235 0 0.999076
0.565655 0 0.999077
0.565461 0 0.999078
0.565268 0 0.999081
0.564881 0 0.999082
0.564688 0 0.999083
0.564301 0 0.999084
0.564108 0 0.999085
0.563334 0 0.999086
0.562947 0 0.999087
0.562754 0 0.999088
0.562367 0 0.999089
0.562174 0 0.999092
0.56198 0 0.999093
0.561787 0 0.999094
0.5614 0 0.999095
0.56082 0 0.999098
0.560433 0 0.9991
0.560046 0 0.999101
0.55966 0 0.999103
0.558886 0 0.999104
0.558499 0 0.999105
0.558306 0 0.999106
0.557919 0 0.999107
0.557532 0 0.999108
0.557146 0 0.999109
0.556565 0 0.99911
0.556372 0 0.999111
0.555985 0 0.999112
0.555599 0 0.999113
0.555405 0 0.999114
0.555018 0 0.999115
0.554245 0 0.999116
0.553858 0 0.999117
0.553471 0 0.999118
0.552504 0 0.99912
0.552311 0 0.999121
0.552118 0 0.999122
0.551731 0 0.999123
0.551537 0 0.999124
0.551344 0 0.999125
0.55057 0 0.999127
0.54941 0 0.999128
0.549023 0 0.999129
0.548637 0 0.99913
0.548443 0 0.999131
0.547863 0 0.999133
0.54767 0 0.999135
0.546896 0 0.999137
0.546703 0 0.999138
0.546123 0 0.999139
0.545736 0 0.99914
0.545542 0 0.999141
0.544962 0 0.999142
0.544576 0 0.999143
0.544189 0 0.999144
0.543802 0 0.999145
0.543222 0 0.999146
0.542255 0 0.999147
0.541868 0 0.999148
0.541288 0 0.999149
0.541095 0 0.99915
0.540901 0 0.999151
0.540128 0 0.999152
0.539547 0 0.999153
0.538967 0 0.999154
0.538387 0 0.999155
0.538194 0 0.999156
0.537807 0 0.999157
0.53742 0 0.999158
0.537227 0 0.999159
0.53684 0 0.99916
0.536647 0 0.999161
0.535873 0 0.999162
0.535293 0 0.999163
0.534906 0 0.999164
0.534326 0 0.999165
0.533939 0 0.999166
0.533553 0 0.999167
0.533359 0 0.999168
0.532779 0 0.999169
0.532586 0 0.99917
0.532392 0 0.999171
0.532005 0 0.999172
0.531425 0 0.999173
0.531232 0 0.999175
0.531038 0 0.999176
0.530845 0 0.999177
0.530652 0 0.99918
0.530458 0 0.999181
0.529685 0 0.999183
0.529298 0 0.999185
0.529105 0 0.999187
0.528524 0 0.999188
0.527558 0 0.999189
0.527171 0 0.99919
0.526977 0 0.999192
0.526591 0 0.999193
0.526397 0 0.999194
0.52601 0 0.999195
0.52543 0 0.999196
0.525044 0 0.999198
0.524657 0 0.999199
0.523883 0 0.999202
0.523303 0 0.999203
0.522916 0 0.999205
0.522723 0 0.999206
0.522529 0 0.999208
0.522143 0 0.999209
0.521563 0 0.99921
0.520789 0 0.999211
0.520209 0 0.999212
0.520015 0 0.999213
0.519049 0 0.999214
0.518468 0 0.999215
0.518275 0 0.999216
0.518082 0 0.999217
0.517308 0 0.999218
0.516728 0 0.999219
0.515954 0 0.99922
0.515761 0 0.999222
0.515568 0 0.999223
0.515181 0 0.999224
0.514987 0 0.999225
0.514214 0 0.999226
0.513827 0 0.999227
0.51344 0 0.999228
0.513054 0 0.999229
0.512667 0 0.99923
0.51228 0 0.999231
0.511506 0 0.999232
0.51054 0 0.999233
0.510153 0 0.999234
0.509766 0 0.999236
0.509186 0 0.999237
0.508606 0 0.999238
0.508412 0 0.999239
0.508026 0 0.99924
0.507639 0 0.999241
0.507445 0 0.999242
0.506865 0 0.999243
0.506285 0 0.999244
0.505898 0 0.999245
0.505705 0 0.999246
0.505512 0 0.999247
0.504738 0 0.999248
0.503964 0 0.999249
0.503191 0 0.99925
0.502611 0 0.999251
0.502031 0 0.999252
0.501257 0 0.999253
0.501064 0 0.999254
0.500677 0 0.999255
0.500097 0 0.999256
0.499517 0 0.999257
0.49913 0 0.999258
0.49855 0 0.999259
0.497776 0 0.99926
0.497196 0 0.999261
0.496422 0 0.999263
0.496229 0 0.999265
0.495842 0 0.999266
0.495649 0 0.999267
0.495069 0 0.999268
0.494875 0 0.999269
0.494488 0 0.99927
0.494295 0 0.999271
0.494102 0 0.999272
0.493908 0 0.999274
0.493522 0 0.999275
0.493328 0 0.999276
0.493135 0 0.999277
0.492748 0 0.999278
0.492361 0 0.999279
0.491588 0 0.99928
0.491008 0 0.999281
0.490621 0 0.999282
0.490234 0 0.999284
0.489847 0 0.999285
0.489654 0 0.999287
0.489074 0 0.999288
0.48888 0 0.999289
0.488494 0 0.99929
0.4883 0 0.999291
0.487913 0 0.999292
0.487333 0 0.999293
0.486946 0 0.999294
0.486173 0 0.999295
0.485786 0 0.999296
0.485399 0 0.999297
0.485013 0 0.999298
0.484432 0 0.999299
0.483272 0 0.9993
0.482885 0 0.999301
0.482499 0 0.999302
0.481918 0 0.999303
0.481532 0 0.999304
0.480758 0 0.999305
0.480565 0 0.999306
0.480178 0 0.999307
0.479985 0 0.999308
0.479211 0 0.999309
0.478244 0 0.99931
0.477857 0 0.999311
0.477664 0 0.999312
0.47689 0 0.999313
0.476697 0 0.999314
0.47631 0 0.999315
0.476117 0 0.999316
0.47573 0 0.999317
0.47515 0 0.999318
0.47457 0 0.999319
0.47399 0 0.99932
0.473796 0 0.999321
0.472829 0 0.999322
0.472056 0 0.999323
0.471862 0 0.999324
0.471476 0 0.999325
0.470895 0 0.999326
0.470509 0 0.999327
0.469928 0 0.999328
0.469348 0 0.999329
0.469155 0 0.99933
0.468768 0 0.999331
0.467608 0 0.999333
0.467221 0 0.999334
0.466254 0 0.999335
0.466061 0 0.999336
0.465674 0 0.999337
0.464707 0 0.999338
0.463547 0 0.999339
0.463353 0 0.99934
0.46258 0 0.999341
0.461806 0 0.999342
0.461419 0 0.999343
0.461226 0 0.999344
0.460646 0 0.999345
0.460259 0 0.999346
0.459679 0 0.999347
0.459292 0 0.999348
0.458132 0 0.999349
0.457745 0 0.99935
0.457358 0 0.999351
0.456585 0 0.999352
0.456391 0 0.999353
0.456005 0 0.999354
0.455424 0 0.999355
0.454651 0 0.999356
0.454264 0 0.999357
0.453877 0 0.999359
0.453491 0 0.99936
0.453297 0 0.999362
0.45291 0 0.999363
0.452524 0 0.999364
0.452137 0 0.999365
0.451944 0 0.999366
0.450977 0 0.999368
0.45001 0 0.999369
0.449816 0 0.99937
0.448656 0 0.999371
0.448076 0 0.999372
0.447689 0 0.999373
0.446722 0 0.999374
0.445755 0 0.999375
0.445368 0 0.999376
0.445175 0 0.999378
0.444788 0 0.999379
0.443821 0 0.99938
0.443435 0 0.999381
0.443241 0 0.999382
0.442854 0 0.999383
0.442274 0 0.999384
0.441501 0 0.999385
0.440147 0 0.999386
0.439373 0 0.999387
0.438987 0 0.999388
0.43802 0 0.999389
0.436859 0 0.99939
0.436086 0 0.999391
0.435892 0 0.999392
0.435312 0 0.999393
0.434926 0 0.999394
0.434732 0 0.999395
0.433185 0 0.999396
0.431638 0 0.999397
0.431251 0 0.999398
0.430284 0 0.999399
0.429704 0 0.9994
0.428737 0 0.999401
0.428157 0 0.999402
0.42719 0 0.999403
0.42661 0 0.999404
0.426223 0 0.999405
0.425643 0 0.999406
0.425063 0 0.999407
0.424483 0 0.999409
0.423709 0 0.99941
0.423129 0 0.999411
0.422549 0 0.999412
0.422355 0 0.999413
0.421582 0 0.999414
0.421195 0 0.999415
0.420615 0 0.999416
0.420422 0 0.999417
0.420228 0 0.999418
0.419455 0 0.999419
0.418488 0 0.99942
0.417714 0 0.999421
0.417134 0 0.999422
0.416941 0 0.999423
0.416747 0 0.999424
0.416554 0 0.999425
0.41578 0 0.999426
0.415587 0 0.999427
0.4152 0 0.999428
0.41404 0 0.999429
0.41346 0 0.99943
0.412686 0 0.999431
0.412299 0 0.999432
0.411332 0 0.999433
0.410559 0 0.999434
0.409399 0 0.999435
0.408818 0 0.999436
0.407851 0 0.999437
0.407078 0 0.999438
0.406304 0 0.999439
0.405531 0 0.99944
0.403984 0 0.999441
0.403597 0 0.999442
0.403404 0 0.999443
0.40263 0 0.999444
0.401857 0 0.999445
0.401083 0 0.999446
0.400309 0 0.999447
0.399923 0 0.999448
0.398956 0 0.999449
0.397989 0 0.99945
0.397022 0 0.999451
0.396635 0 0.999452
0.395862 0 0.999453
0.395475 0 0.999454
0.394701 0 0.999455
0.394508 0 0.999456
0.394314 0 0.999457
0.393928 0 0.999458
0.393154 0 0.999459
0.392381 0 0.99946
0.391994 0 0.999461
0.391414 0 0.999462
0.390447 0 0.999463
0.389286 0 0.999464
0.388319 0 0.999465
0.387933 0 0.999466
0.387353 0 0.999467
0.386192 0 0.999468
0.385419 0 0.999469
0.384452 0 0.99947
0.383872 0 0.999472
0.383098 0 0.999473
0.382325 0 0.999474
0.381551 0 0.999475
0.380777 0 0.999476
0.37923 0 0.999477
0.378457 0 0.999478
0.377683 0 0.999479
0.37749 0 0.99948
0.377103 0 0.999481
0.37633 0 0.999482
0.375363 0 0.999483
0.374589 0 0.999484
0.374202 0 0.999485
0.373235 0 0.999486
0.372849 0 0.999487
0.371882 0 0.999488
0.371108 0 0.999489
0.370141 0 0.99949
0.369754 0 0.999491
0.368401 0 0.999492
0.368014 0 0.999493
0.366854 0 0.999494
0.366273 0 0.999495
0.3655 0 0.999496
0.365113 0 0.999497
0.364726 0 0.999498
0.363953 0 0.999499
0.362792 0 0.9995
0.362212 0 0.999501
0.360859 0 0.999502
0.360665 0 0.999503
0.359698 0 0.999504
0.359118 0 0.999505
0.358345 0 0.999506
0.357764 0 0.999507
0.356024 0 0.999508
0.354864 0 0.999509
0.354477 0 0.99951
0.353897 0 0.999511
0.352736 0 0.999512
0.351963 0 0.999513
0.350222 0 0.999514
0.349449 0 0.999515
0.348482 0 0.999516
0.348095 0 0.999517
0.347322 0 0.999518
0.346548 0 0.999519
0.345388 0 0.99952
0.344421 0 0.999521
0.342874 0 0.999522
0.342294 0 0.999523
0.341907 0 0.999524
0.340746 0 0.999525
0.34036 0 0.999526
0.339393 0 0.999527
0.339199 0 0.999528
0.338426 0 0.999529
0.336492 0 0.99953
0.335332 0 0.999531
0.334558 0 0.999532
0.333398 0 0.999533
0.332624 0 0.999534
0.332044 0 0.999535
0.331464 0 0.999536
0.331271 0 0.999537
0.330304 0 0.999538
0.329917 0 0.999539
0.328176 0 0.99954
0.327983 0 0.999541
0.327016 0 0.999542
0.325856 0 0.999543
0.325469 0 0.999544
0.324502 0 0.999545
0.324115 0 0.999546
0.323148 0 0.999547
0.321795 0 0.999548
0.321214 0 0.999549
0.320054 0 0.99955
0.319474 0 0.999551
0.318314 0 0.999552
0.317734 0 0.999553
0.315993 0 0.999554
0.315026 0 0.999555
0.314446 0 0.999556
0.314253 0 0.999557
0.313286 0 0.999558
0.312512 0 0.999559
0.311739 0 0.99956
0.310385 0 0.999561
0.309031 0 0.999562
0.307291 0 0.999563
0.306324 0 0.999564
0.30555 0 0.999565
0.304777 0 0.999566
0.30439 0 0.999567
0.303616 0 0.999568
0.303036 0 0.999569
0.302456 0 0.99957
0.302263 0 0.999571
0.301489 0 0.999572
0.300716 0 0.999573
0.299749 0 0.999574
0.298782 0 0.999575
0.298202 0 0.999576
0.296848 0 0.999577
0.296074 0 0.999578
0.294914 0 0.999579
0.293367 0 0.99958
0.2924 0 0.999581
0.290659 0 0.999582
0.288532 0 0.999583
0.286405 0 0.999584
0.285245 0 0.999585
0.284858 0 0.999586
0.283891 0 0.999587
0.282344 0 0.999588
0.281184 0 0.999589
0.280797 0 0.99959
0.278863 0 0.999591
0.277316 0 0.999592
0.275769 0 0.999593
0.274222 0 0.999594
0.273835 0 0.999595
0.271708 0 0.999596
0.270741 0 0.999597
0.26958 0 0.999598
0.269194 0 0.999599
0.267646 0 0.9996
0.266486 0 0.999601
0.265326 0 0.999602
0.264166 0 0.999603
0.263585 0 0.999604
0.262232 0 0.999605
0.261265 0 0.999606
0.260491 0 0.999607
0.259524 0 0.999608
0.256623 0 0.999609
0.256043 0 0.99961
0.25527 0 0.999611
0.25469 0 0.999612
0.253143 0 0.999613
0.252176 0 0.999614
0.251595 0 0.999615
0.249855 0 0.999616
0.249275 0 0.999617
0.247921 0 0.999618
0.247534 0 0.999619
0.247148 0 0.99962
0.246181 0 0.999621
0.245794 0 0.999622
0.244247 0 0.999623
0.243667 0 0.999624
0.242893 0 0.999625
0.241733 0 0.999626
0.241346 0 0.999627
0.240379 0 0.999628
0.239025 0 0.999629
0.238445 0 0.99963
0.238252 0 0.999631
0.237285 0 0.999632
0.235544 0 0.999633
0.233804 0 0.999634
0.232837 0 0.999635
0.23187 0 0.999636
0.231096 0 0.999637
0.229743 0 0.999638
0.228196 0 0.999639
0.226842 0 0.99964
0.225488 0 0.999641
0.224908 0 0.999642
0.224328 0 0.999643
0.223748 0 0.999644
0.223168 0 0.999645
0.221814 0 0.999646
0.22104 0 0.999647
0.21988 0 0.999648
0.219687 0 0.999649
0.21814 0 0.99965
0.217559 0 0.999651
0.215819 0 0.999652
0.214852 0 0.999653
0.213112 0 0.999654
0.211564 0 0.999655
0.211178 0 0.999656
0.210404 0 0.999657
0.20789 0 0.999658
0.20673 0 0.999659
0.204989 0 0.99966
0.203442 0 0.999661
0.202862 0 0.999662
0.200928 0 0.999663
0.200348 0 0.999664
0.199768 0 0.999665
0.198414 0 0.999666
0.197447 0 0.999667
0.196674 0 0.999668
0.19532 0 0.999669
0.193386 0 0.99967
0.192032 0 0.999671
0.190679 0 0.999672
0.190099 0 0.999673
0.189325 0 0.999674
0.188745 0 0.999675
0.187391 0 0.999676
0.185844 0 0.999677
0.184877 0 0.999678
0.18333 0 0.999679
0.18159 0 0.99968
0.180429 0 0.999681
0.178882 0 0.999682
0.177529 0 0.999683
0.176368 0 0.999684
0.175595 0 0.999685
0.174821 0 0.999686
0.174628 0 0.999687
0.174048 0 0.999688
0.173274 0 0.999689
0.1725 0 0.99969
0.170953 0 0.999691
0.1696 0 0.999692
0.168633 0 0.999693
0.167666 0 0.999694
0.166119 0 0.999695
0.164378 0 0.999696
0.163218 0 0.999697
0.162251 0 0.999698
0.161284 0 0.999699
0.160124 0 0.9997
0.159737 0 0.999701
0.15877 0 0.999702
0.157997 0 0.999703
0.15703 0 0.999704
0.156063 0 0.999705
0.154516 0 0.999706
0.153355 0 0.999707
0.152002 0 0.999708
0.150841 0 0.999709
0.150068 0 0.99971
0.148714 0 0.999711
0.147747 0 0.999712
0.1462 0 0.999713
0.144653 0 0.999714
0.143686 0 0.999715
0.142912 0 0.999716
0.142139 0 0.999717
0.141365 0 0.999718
0.140012 0 0.999719
0.139625 0 0.99972
0.139045 0 0.999721
0.138465 0 0.999722
0.137111 0 0.999723
0.136531 0 0.999724
0.13479 0 0.999725
0.134017 0 0.999726
0.13363 0 0.999727
0.132663 0 0.999728
0.132276 0 0.999729
0.131503 0 0.99973
0.129762 0 0.999731
0.128408 0 0.999732
0.127055 0 0.999733
0.126475 0 0.999734
0.125314 0 0.999735
0.124347 0 0.999736
0.122994 0 0.999737
0.122607 0 0.999738
0.12222 0 0.999739
0.12164 0 0.99974
0.12106 0 0.999741
0.12048 0 0.999742
0.119513 0 0.999743
0.118352 0 0.999744
0.116612 0 0.999745
0.115838 0 0.999746
0.114678 0 0.999747
0.113518 0 0.999748
0.112551 0 0.999749
0.111004 0 0.99975
0.10965 0 0.999751
0.108876 0 0.999752
0.107909 0 0.999753
0.107136 0 0.999754
0.105976 0 0.999755
0.104815 0 0.999756
0.104235 0 0.999757
0.103075 0 0.999758
0.102688 0 0.999759
0.100948 0 0.99976
0.0999807 0 0.999761
0.0992071 0 0.999762
0.0982402 0 0.999763
0.0972733 0 0.999764
0.0968865 0 0.999765
0.0964997 0 0.999766
0.0963063 0 0.999767
0.095146 0 0.999768
0.0945658 0 0.999769
0.0939857 0 0.99977
0.0930188 0 0.999771
0.0916651 0 0.999772
0.0906981 0 0.999773
0.090118 0 0.999774
0.0897312 0 0.999775
0.0885709 0 0.999776
0.0876039 0 0.999777
0.0870238 0 0.999778
0.086637 0 0.999779
0.0862502 0 0.99978
0.0856701 0 0.999781
0.0845098 0 0.999782
0.0833494 0 0.999783
0.0827693 0 0.999784
0.0818024 0 0.999785
0.0802553 0 0.999786
0.0787082 0 0.999787
0.0777412 0 0.999788
0.0771611 0 0.999789
0.0765809 0 0.99979
0.0754206 0 0.999791
0.0736801 0 0.999792
0.0727132 0 0.999793
0.0723264 0 0.999794
0.0715529 0 0.999795
0.070586 0 0.999796
0.0701992 0 0.999797
0.0690389 0 0.999798
0.0682653 0 0.999799
0.0678786 0 0.9998
0.0674918 0 0.999801
0.067105 0 0.999802
0.0665249 0 0.999803
0.0659447 0 0.999804
0.0647844 0 0.999805
0.0640108 0 0.999806
0.0634307 0 0.999807
0.0626571 0 0.999808
0.06111 0 0.999809
0.0605299 0 0.99981
0.0601431 0 0.999811
0.0589828 0 0.999812
0.058596 0 0.999813
0.0584026 0 0.999814
0.0578225 0 0.999815
0.0570489 0 0.999816
0.0556952 0 0.999817
0.0555018 0 0.999818
0.0549217 0 0.999819
0.0545349 0 0.99982
0.0541481 0 0.999821
0.0522143 0 0.999822
0.0518275 0 0.999823
0.0516341 0 0.999824
0.051054 0 0.999825
0.050087 0 0.999826
0.0485399 0 0.999827
0.0473796 0 0.999828
0.0471862 0 0.999829
0.0466061 0 0.99983
0.0458325 0 0.999831
0.045059 0 0.999832
0.0446722 0 0.999833
0.0438987 0 0.999834
0.0433185 0 0.999835
0.0429317 0 0.999836
0.0427383 0 0.999837
0.042545 0 0.999838
0.0419648 0 0.999839
0.041578 0 0.99984
0.0411913 0 0.999841
0.0406111 0 0.999842
0.0396442 0 0.999843
0.0384839 0 0.999844
0.0382905 0 0.999845
0.0373235 0 0.999847
0.0367434 0 0.999848
0.0359698 0 0.999849
0.0353897 0 0.99985
0.0344227 0 0.999851
0.0334558 0 0.999852
0.0324889 0 0.999853
0.0315219 0 0.999854
0.0313286 0 0.999855
0.0309418 0 0.999856
0.0297815 0 0.999857
0.0295881 0 0.999858
0.0290079 0 0.999859
0.0286212 0 0.99986
0.0282344 0 0.999861
0.028041 0 0.999864
0.0278476 0 0.999865
0.0276542 0 0.999867
0.0272675 0 0.999868
0.0266873 0 0.999869
0.0264939 0 0.99987
0.0263005 0 0.999871
0.0261071 0 0.999872
0.0251402 0 0.999873
0.02456 0 0.999874
0.0239799 0 0.999875
0.0233997 0 0.999876
0.023013 0 0.999877
0.0228196 0 0.999878
0.0226262 0 0.999879
0.0216593 0 0.99988
0.0210791 0 0.999881
0.0204989 0 0.999882
0.0197254 0 0.999883
0.0193386 0 0.999884
0.0185651 0 0.999885
0.0181783 0 0.999886
0.0177915 0 0.999887
0.0175981 0 0.999888
0.0172114 0 0.999889
0.0168246 0 0.999891
0.0166312 0 0.999892
0.0162444 0 0.999893
0.0156643 0 0.999895
0.0154709 0 0.999896
0.0150841 0 0.999897
0.0146974 0 0.999898
0.0143106 0 0.9999
0.0141172 0 0.999901
0.0137304 0 0.999902
0.0131503 0 0.999903
0.0129569 0 0.999904
0.0123767 0 0.999905
0.0117966 0 0.999906
0.0116032 0 0.999907
0.0112164 0 0.999908
0.011023 0 0.999909
0.0104429 0 0.99991
0.0100561 0 0.999911
0.00966931 0 0.999913
0.00928254 0 0.999914
0.00889576 0 0.999915
0.00850899 0 0.999917
0.00812222 0 0.999918
0.00754206 0 0.999919
0.00734868 0 0.99992
0.0069619 0 0.999923
0.00657513 0 0.999924
0.00618836 0 0.999925
0.00599497 0 0.999927
0.0056082 0 0.999929
0.00541481 0 0.99993
0.00502804 0 0.999931
0.00483465 0 0.999932
0.00464127 0 0.999935
0.0042545 0 0.999938
0.00406111 0 0.999939
0.00386772 0 0.999942
0.00348095 0 0.999945
0.00328757 0 0.999946
0.00309418 0 0.999947
0.00290079 0 0.999949
0.00270741 0 0.99995
0.00251402 0 0.999951
0.00232063 0 0.999952
0.00193386 0 0.999954
0.00174048 0 0.999958
0.00154709 0 0.999962
0.00116032 0 0.999965
0.000966931 0 0.999966
0.000773545 0 0.99997
0.000580159 0 0.999972
0.000386772 0 0.999974
0.000193386 0 0.99998
0 0 1e+020
0 0 1.79769e+308
