0.864560 2111
0.864541 2110
0.864538 2109
0.864534 2108
0.864532 2107
0.864511 2106
0.864509 2105
0.864499 2104
0.864491 2103
0.864463 2102
0.864461 2101
0.864456 2100
0.864437 2099
0.864433 2098
0.864422 2097
0.864422 2096
0.864412 2095
0.864388 2094
0.864367 2093
0.864342 2092
0.864300 2091
0.864243 2090
0.864203 2089
0.864182 2088
0.864179 2087
0.864157 2086
0.864155 2085
0.864151 2084
0.864091 2083
0.864023 2082
0.863955 2081
0.863954 2080
0.863948 2079
0.863912 2078
0.863903 2076
0.863898 2075
0.863882 2074
0.863881 2073
0.863850 2072
0.863835 2071
0.863822 2070
0.863811 2069
0.863810 2068
0.863776 2067
0.863709 2066
0.863696 2065
0.863693 2064
0.863636 2063
0.863626 2062
0.863621 2061
0.863557 2060
0.863527 2059
0.863506 2058
0.863504 2057
0.863494 2056
0.863486 2055
0.863467 2054
0.863454 2053
0.863440 2052
0.863430 2051
0.863409 2050
0.863408 2049
0.863388 2048
0.863386 2047
0.863384 2046
0.863358 2045
0.863356 2044
0.863349 2043
0.863347 2042
0.863281 2042
0.863274 2041
0.863267 2040
0.863263 2039
0.863262 2038
0.863234 2037
0.863217 2036
0.863193 2035
0.863185 2034
0.863155 2033
0.863144 2032
0.863119 2031
0.863107 2030
0.863085 2029
0.863076 2028
0.863069 2027
0.863061 2026
0.863048 2025
0.863048 2024
0.863039 2023
0.863038 2022
0.863029 2021
0.863011 2020
0.862985 2019
0.862959 2018
0.862939 2017
0.862915 2016
0.862914 2015
0.862871 2014
0.862864 2013
0.862856 2012
0.862795 2011
0.862791 2010
0.862755 2010
0.862743 2009
0.862736 2008
0.862735 2007
0.862708 2006
0.862702 2005
0.862675 2004
0.862625 2003
0.862622 2002
0.862622 2001
0.862614 2000
0.862614 1999
0.862564 1998
0.862562 1997
0.862559 1996
0.862558 1995
0.862541 1994
0.862527 1993
0.862512 1992
0.862510 1991
0.862507 1990
0.862490 1989
0.862433 1988
0.862421 1987
0.862415 1986
0.862373 1985
0.862372 1984
0.862365 1983
0.862360 1982
0.862351 1981
0.862350 1980
0.862346 1979
0.862331 1978
0.862328 1977
0.862300 1976
0.862293 1975
0.862262 1974
0.862261 1973
0.862234 1972
0.862229 1971
0.862217 1970
0.862216 1969
0.862213 1968
0.862204 1967
0.862189 1966
0.862189 1965
0.862188 1964
0.862187 1963
0.862184 1962
0.862179 1961
0.862175 1960
0.862164 1959
0.862159 1958
0.862159 1957
0.862149 1956
0.862135 1955
0.862131 1954
0.862126 1953
0.862123 1952
0.862108 1951
0.862099 1950
0.862095 1949
0.862075 1948
0.862072 1947
0.862071 1946
0.862070 1945
0.862028 1944
0.862027 1943
0.862023 1942
0.862020 1941
0.862004 1940
0.861998 1939
0.861989 1938
0.861979 1937
0.861968 1936
0.861944 1935
0.861942 1934
0.861940 1933
0.861937 1932
0.861918 1931
0.861918 1931
0.861906 1930
0.861881 1929
0.861874 1928
0.861873 1927
0.861864 1926
0.861860 1925
0.861852 1924
0.861842 1923
0.861840 1922
0.861831 1921
0.861818 1920
0.861817 1919
0.861809 1918
0.861804 1917
0.861790 1916
0.861771 1915
0.861762 1914
0.861755 1913
0.861740 1912
0.861712 1911
0.861709 1910
0.861703 1909
0.861689 1908
0.861688 1907
0.861678 1906
0.861673 1905
0.861667 1905
0.861665 1904
0.861655 1903
0.861654 1902
0.861638 1901
0.861638 1900
0.861635 1899
0.861630 1898
0.861623 1897
0.861619 1896
0.861618 1895
0.861605 1894
0.861551 1893
0.861539 1892
0.861536 1891
0.861534 1890
0.861525 1889
0.861511 1888
0.861510 1887
0.861507 1886
0.861507 1885
0.861492 1884
0.861485 1883
0.861470 1882
0.861460 1881
0.861432 1880
0.861420 1879
0.861413 1878
0.861413 1877
0.861412 1876
0.861409 1875
0.861406 1874
0.861389 1873
0.861383 1872
0.861355 1871
0.861344 1870
0.861335 1869
0.861321 1868
0.861311 1867
0.861304 1866
0.861302 1865
0.861261 1864
0.861259 1863
0.861258 1862
0.861250 1861
0.861235 1860
0.861214 1859
0.861209 1858
0.861205 1857
0.861163 1855
0.861162 1854
0.861140 1853
0.861137 1852
0.861122 1851
0.861120 1850
0.861116 1849
0.861093 1848
0.861090 1847
0.861090 1846
0.861088 1845
0.861084 1845
0.861084 1844
0.861082 1843
0.861080 1842
0.861049 1841
0.861040 1840
0.861029 1839
0.861028 1838
0.861023 1837
0.861019 1836
0.861018 1835
0.861005 1834
0.860973 1833
0.860958 1832
0.860956 1831
0.860940 1830
0.860923 1829
0.860922 1828
0.860920 1827
0.860916 1826
0.860913 1825
0.860904 1824
0.860881 1823
0.860881 1822
0.860870 1821
0.860863 1820
0.860848 1819
0.860818 1818
0.860817 1817
0.860800 1816
0.860793 1815
0.860771 1814
0.860771 1813
0.860771 1812
0.860765 1811
0.860761 1810
0.860756 1809
0.860752 1808
0.860748 1807
0.860744 1806
0.860736 1805
0.860734 1804
0.860716 1803
0.860711 1802
0.860710 1801
0.860705 1800
0.860662 1799
0.860654 1798
0.860640 1797
0.860629 1796
0.860628 1795
0.860623 1794
0.860615 1793
0.860613 1792
0.860600 1791
0.860595 1790
0.860567 1789
0.860566 1788
0.860566 1787
0.860566 1785
0.860561 1784
0.860557 1783
0.860557 1782
0.860555 1781
0.860538 1780
0.860526 1779
0.860521 1778
0.860521 1777
0.860508 1776
0.860507 1775
0.860501 1774
0.860494 1773
0.860489 1772
0.860477 1771
0.860470 1770
0.860457 1769
0.860447 1768
0.860424 1767
0.860420 1766
0.860416 1765
0.860416 1764
0.860395 1763
0.860392 1762
0.860391 1761
0.860381 1760
0.860377 1759
0.860367 1758
0.860364 1757
0.860358 1756
0.860347 1755
0.860339 1754
0.860328 1753
0.860328 1752
0.860323 1751
0.860308 1750
0.860296 1749
0.860292 1748
0.860292 1747
0.860261 1746
0.860232 1745
0.860229 1744
0.860227 1743
0.860219 1742
0.860210 1741
0.860191 1740
0.860182 1739
0.860177 1738
0.860177 1737
0.860171 1736
0.860161 1735
0.860160 1734
0.860157 1733
0.860156 1732
0.860133 1731
0.860127 1730
0.860116 1729
0.860115 1728
0.860108 1727
0.860102 1726
0.860093 1725
0.860075 1724
0.860071 1723
0.860063 1722
0.860055 1721
0.860048 1720
0.860048 1719
0.860043 1718
0.860040 1717
0.860039 1716
0.860035 1715
0.860028 1714
0.860022 1713
0.859989 1712
0.859982 1711
0.859972 1710
0.859967 1709
0.859962 1708
0.859958 1707
0.859940 1706
0.859935 1705
0.859935 1704
0.859931 1703
0.859925 1702
0.859922 1701
0.859922 1700
0.859921 1699
0.859915 1698
0.859912 1697
0.859905 1696
0.859894 1695
0.859893 1694
0.859872 1693
0.859871 1692
0.859870 1691
0.859862 1690
0.859850 1689
0.859826 1688
0.859821 1687
0.859813 1686
0.859812 1685
0.859799 1684
0.859799 1683
0.859798 1682
0.859793 1681
0.859791 1680
0.859781 1679
0.859776 1678
0.859767 1677
0.859765 1676
0.859764 1675
0.859759 1674
0.859744 1673
0.859739 1672
0.859731 1671
0.859730 1670
0.859720 1669
0.859718 1668
0.859716 1667
0.859715 1666
0.859697 1665
0.859697 1664
0.859693 1663
0.859678 1662
0.859677 1661
0.859658 1660
0.859657 1659
0.859648 1658
0.859647 1657
0.859645 1656
0.859637 1655
0.859632 1654
0.859611 1653
0.859595 1652
0.859588 1651
0.859578 1650
0.859576 1649
0.859560 1648
0.859555 1647
0.859547 1646
0.859531 1645
0.859517 1644
0.859513 1643
0.859503 1642
0.859492 1641
0.859482 1640
0.859472 1639
0.859469 1638
0.859468 1638
0.859461 1637
0.859454 1636
0.859448 1635
0.859438 1633
0.859418 1632
0.859412 1631
0.859409 1630
0.859406 1629
0.859403 1628
0.859392 1627
0.859383 1626
0.859375 1625
0.859374 1624
0.859367 1623
0.859361 1622
0.859341 1621
0.859312 1620
0.859310 1619
0.859303 1618
0.859300 1617
0.859294 1616
0.859293 1615
0.859288 1614
0.859276 1613
0.859264 1612
0.859261 1611
0.859249 1610
0.859240 1609
0.859236 1608
0.859217 1607
0.859213 1606
0.859205 1605
0.859202 1604
0.859195 1603
0.859194 1602
0.859190 1601
0.859182 1600
0.859170 1599
0.859163 1598
0.859162 1597
0.859138 1596
0.859134 1595
0.859131 1594
0.859131 1593
0.859115 1592
0.859110 1591
0.859107 1591
0.859107 1590
0.859106 1589
0.859103 1588
0.859101 1587
0.859100 1586
0.859090 1585
0.859089 1584
0.859084 1583
0.859080 1582
0.859061 1581
0.859033 1580
0.859025 1579
0.859024 1578
0.859021 1577
0.859016 1576
0.859015 1575
0.858995 1574
0.858992 1573
0.858992 1572
0.858989 1571
0.858980 1570
0.858969 1569
0.858964 1568
0.858954 1567
0.858950 1566
0.858941 1565
0.858937 1564
0.858930 1563
0.858917 1562
0.858915 1561
0.858911 1560
0.858906 1559
0.858905 1558
0.858900 1557
0.858895 1556
0.858884 1555
0.858872 1555
0.858872 1555
0.858869 1554
0.858851 1552
0.858843 1551
0.858836 1551
0.858834 1550
0.858833 1549
0.858828 1549
0.858813 1548
0.858804 1547
0.858803 1547
0.858779 1546
0.858778 1545
0.858775 1544
0.858758 1543
0.858755 1542
0.858752 1541
0.858751 1540
0.858745 1539
0.858727 1538
0.858696 1537
0.858689 1536
0.858688 1535
0.858677 1534
0.858672 1533
0.858662 1532
0.858660 1531
0.858654 1530
0.858647 1529
0.858642 1528
0.858637 1527
0.858621 1526
0.858619 1525
0.858614 1524
0.858610 1523
0.858607 1522
0.858597 1521
0.858593 1520
0.858582 1518
0.858577 1517
0.858556 1516
0.858527 1515
0.858522 1514
0.858520 1513
0.858519 1512
0.858513 1511
0.858503 1510
0.858500 1509
0.858496 1508
0.858493 1507
0.858487 1506
0.858470 1505
0.858460 1504
0.858458 1503
0.858451 1502
0.858448 1501
0.858436 1500
0.858410 1499
0.858408 1498
0.858407 1497
0.858379 1496
0.858370 1495
0.858360 1494
0.858360 1493
0.858337 1492
0.858322 1491
0.858317 1490
0.858315 1489
0.858314 1488
0.858311 1487
0.858300 1486
0.858296 1485
0.858294 1485
0.858284 1484
0.858275 1483
0.858272 1482
0.858268 1481
0.858265 1480
0.858259 1479
0.858257 1478
0.858254 1477
0.858253 1476
0.858250 1475
0.858246 1474
0.858243 1473
0.858241 1472
0.858237 1471
0.858231 1470
0.858225 1469
0.858217 1468
0.858207 1467
0.858198 1466
0.858194 1465
0.858192 1464
0.858190 1463
0.858181 1462
0.858170 1462
0.858167 1462
0.858161 1461
0.858160 1460
0.858151 1459
0.858150 1458
0.858148 1457
0.858142 1456
0.858141 1455
0.858140 1454
0.858125 1453
0.858113 1452
0.858109 1451
0.858107 1450
0.858104 1449
0.858100 1448
0.858093 1447
0.858092 1446
0.858090 1445
0.858086 1444
0.858083 1443
0.858083 1443
0.858079 1442
0.858079 1441
0.858078 1440
0.858073 1439
0.858072 1438
0.858071 1437
0.858067 1436
0.858053 1435
0.858053 1435
0.858051 1434
0.858041 1433
0.858040 1432
0.858021 1431
0.858015 1430
0.858008 1429
0.858003 1428
0.857989 1427
0.857988 1426
0.857971 1425
0.857950 1424
0.857934 1423
0.857932 1422
0.857918 1421
0.857917 1420
0.857912 1419
0.857905 1418
0.857890 1417
0.857886 1416
0.857886 1415
0.857873 1414
0.857872 1413
0.857820 1412
0.857816 1411
0.857812 1410
0.857811 1409
0.857808 1408
0.857802 1407
0.857800 1406
0.857792 1405
0.857784 1404
0.857782 1403
0.857777 1402
0.857767 1401
0.857764 1400
0.857763 1399
0.857760 1398
0.857758 1397
0.857755 1396
0.857754 1395
0.857754 1394
0.857743 1393
0.857741 1392
0.857740 1391
0.857730 1390
0.857729 1389
0.857723 1388
0.857718 1387
0.857718 1386
0.857717 1385
0.857702 1384
0.857701 1383
0.857700 1382
0.857699 1381
0.857698 1380
0.857695 1379
0.857693 1378
0.857680 1377
0.857680 1376
0.857679 1375
0.857677 1374
0.857674 1373
0.857670 1373
0.857667 1372
0.857665 1371
0.857651 1370
0.857646 1369
0.857631 1368
0.857630 1367
0.857623 1366
0.857619 1365
0.857618 1364
0.857610 1363
0.857604 1362
0.857602 1361
0.857600 1360
0.857597 1359
0.857588 1358
0.857583 1357
0.857578 1356
0.857576 1355
0.857570 1354
0.857568 1353
0.857566 1352
0.857555 1351
0.857553 1349
0.857551 1348
0.857547 1347
0.857546 1346
0.857546 1345
0.857542 1344
0.857537 1344
0.857537 1343
0.857533 1342
0.857526 1341
0.857525 1340
0.857523 1339
0.857519 1338
0.857497 1337
0.857486 1336
0.857480 1335
0.857473 1334
0.857473 1333
0.857470 1332
0.857469 1331
0.857469 1330
0.857465 1329
0.857459 1328
0.857459 1327
0.857437 1326
0.857432 1326
0.857424 1325
0.857418 1324
0.857394 1323
0.857393 1322
0.857389 1321
0.857380 1320
0.857376 1319
0.857375 1318
0.857372 1317
0.857362 1316
0.857361 1315
0.857357 1314
0.857356 1313
0.857350 1312
0.857345 1311
0.857341 1310
0.857339 1309
0.857331 1308
0.857310 1307
0.857301 1306
0.857294 1305
0.857287 1304
0.857274 1303
0.857257 1302
0.857254 1301
0.857240 1300
0.857219 1299
0.857210 1298
0.857204 1297
0.857200 1296
0.857198 1295
0.857190 1294
0.857180 1293
0.857168 1292
0.857167 1291
0.857162 1290
0.857157 1289
0.857153 1288
0.857153 1287
0.857147 1286
0.857131 1285
0.857127 1284
0.857121 1283
0.857119 1282
0.857117 1281
0.857110 1280
0.857109 1279
0.857108 1278
0.857108 1277
0.857102 1276
0.857083 1275
0.857080 1274
0.857079 1273
0.857069 1272
0.857059 1271
0.857049 1270
0.857048 1269
0.857038 1268
0.857034 1267
0.857030 1266
0.857018 1265
0.857008 1264
0.857008 1263
0.856998 1262
0.856979 1262
0.856974 1261
0.856970 1260
0.856962 1259
0.856931 1258
0.856930 1257
0.856929 1256
0.856922 1255
0.856912 1254
0.856912 1253
0.856885 1252
0.856882 1251
0.856879 1250
0.856874 1249
0.856869 1248
0.856867 1247
0.856862 1245
0.856848 1244
0.856847 1243
0.856841 1242
0.856825 1241
0.856813 1240
0.856811 1239
0.856805 1238
0.856796 1237
0.856788 1236
0.856787 1235
0.856786 1234
0.856782 1233
0.856772 1232
0.856761 1232
0.856755 1231
0.856733 1230
0.856730 1229
0.856726 1228
0.856714 1227
0.856711 1226
0.856704 1225
0.856691 1224
0.856690 1223
0.856688 1222
0.856688 1221
0.856683 1220
0.856675 1219
0.856662 1218
0.856661 1217
0.856659 1216
0.856659 1215
0.856654 1214
0.856638 1213
0.856637 1212
0.856634 1211
0.856634 1210
0.856629 1209
0.856625 1208
0.856625 1207
0.856615 1206
0.856612 1205
0.856600 1204
0.856597 1203
0.856592 1202
0.856575 1201
0.856573 1201
0.856572 1200
0.856567 1199
0.856549 1198
0.856549 1197
0.856545 1196
0.856539 1195
0.856537 1194
0.856530 1193
0.856497 1192
0.856496 1191
0.856495 1191
0.856491 1190
0.856479 1189
0.856478 1188
0.856476 1187
0.856473 1186
0.856471 1185
0.856466 1184
0.856463 1183
0.856460 1182
0.856458 1181
0.856458 1180
0.856447 1179
0.856431 1178
0.856420 1177
0.856386 1176
0.856381 1175
0.856364 1174
0.856356 1173
0.856352 1172
0.856351 1171
0.856336 1170
0.856325 1169
0.856312 1168
0.856311 1167
0.856305 1166
0.856295 1165
0.856295 1164
0.856279 1163
0.856269 1162
0.856269 1161
0.856262 1160
0.856252 1159
0.856245 1158
0.856244 1157
0.856240 1156
0.856240 1155
0.856237 1154
0.856234 1153
0.856228 1152
0.856227 1151
0.856226 1150
0.856216 1149
0.856216 1148
0.856214 1147
0.856204 1146
0.856196 1145
0.856190 1144
0.856182 1143
0.856181 1142
0.856180 1141
0.856179 1140
0.856175 1139
0.856174 1138
0.856155 1137
0.856153 1136
0.856143 1135
0.856136 1134
0.856135 1133
0.856134 1132
0.856124 1131
0.856119 1130
0.856118 1129
0.856112 1128
0.856109 1127
0.856107 1126
0.856099 1125
0.856097 1124
0.856094 1123
0.856083 1122
0.856083 1121
0.856077 1120
0.856071 1119
0.856071 1118
0.856066 1117
0.856057 1116
0.856055 1115
0.856046 1114
0.856044 1113
0.856044 1112
0.856043 1111
0.856043 1111
0.856042 1110
0.856039 1109
0.856033 1108
0.856032 1107
0.856030 1106
0.856027 1105
0.856019 1104
0.856011 1103
0.856008 1102
0.856005 1101
0.855996 1100
0.855995 1099
0.855981 1097
0.855980 1096
0.855978 1095
0.855976 1094
0.855973 1093
0.855968 1092
0.855965 1091
0.855961 1090
0.855944 1089
0.855943 1088
0.855941 1087
0.855934 1086
0.855923 1085
0.855912 1084
0.855901 1083
0.855891 1082
0.855884 1081
0.855865 1080
0.855845 1079
0.855843 1078
0.855842 1077
0.855842 1076
0.855840 1075
0.855838 1074
0.855834 1073
0.855829 1072
0.855814 1071
0.855808 1070
0.855807 1069
0.855800 1068
0.855797 1067
0.855787 1066
0.855779 1065
0.855776 1064
0.855773 1063
0.855769 1062
0.855755 1061
0.855741 1060
0.855741 1059
0.855735 1058
0.855733 1057
0.855726 1056
0.855720 1055
0.855720 1054
0.855707 1053
0.855700 1052
0.855694 1051
0.855683 1050
0.855677 1049
0.855670 1048
0.855667 1047
0.855664 1046
0.855662 1045
0.855660 1044
0.855659 1043
0.855656 1042
0.855631 1041
0.855623 1040
0.855618 1039
0.855612 1038
0.855603 1037
0.855603 1036
0.855602 1035
0.855599 1034
0.855598 1033
0.855597 1032
0.855580 1031
0.855580 1030
0.855575 1029
0.855572 1028
0.855569 1027
0.855560 1026
0.855558 1025
0.855554 1024
0.855545 1023
0.855537 1022
0.855532 1021
0.855527 1020
0.855525 1019
0.855523 1018
0.855500 1017
0.855490 1016
0.855473 1015
0.855462 1014
0.855458 1013
0.855456 1012
0.855452 1011
0.855444 1011
0.855441 1010
0.855426 1009
0.855423 1008
0.855411 1007
0.855401 1006
0.855401 1005
0.855387 1004
0.855384 1003
0.855363 1002
0.855362 1001
0.855360 1000
0.855359 999
0.855351 998
0.855346 997
0.855346 996
0.855340 995
0.855337 994
0.855333 993
0.855325 992
0.855321 991
0.855316 990
0.855315 989
0.855306 988
0.855305 987
0.855304 986
0.855299 985
0.855283 984
0.855279 983
0.855273 982
0.855273 981
0.855273 980
0.855271 979
0.855269 978
0.855268 977
0.855255 976
0.855251 976
0.855248 975
0.855244 974
0.855237 973
0.855235 972
0.855231 971
0.855230 970
0.855220 970
0.855220 969
0.855216 968
0.855200 967
0.855192 967
0.855184 967
0.855175 966
0.855175 965
0.855168 964
0.855167 963
0.855159 962
0.855153 961
0.855152 960
0.855135 959
0.855133 958
0.855132 958
0.855130 957
0.855121 956
0.855115 955
0.855104 954
0.855090 953
0.855083 952
0.855078 951
0.855078 950
0.855068 949
0.855057 948
0.855056 947
0.855056 946
0.855050 945
0.855049 944
0.855046 944
0.855043 943
0.855038 942
0.855018 941
0.855016 940
0.855009 939
0.855007 938
0.855004 937
0.855001 936
0.854997 935
0.854991 935
0.854968 934
0.854960 933
0.854959 932
0.854951 931
0.854937 930
0.854937 929
0.854936 928
0.854935 928
0.854935 927
0.854931 926
0.854927 925
0.854925 924
0.854919 923
0.854918 922
0.854908 921
0.854899 920
0.854897 919
0.854893 918
0.854888 917
0.854880 916
0.854879 915
0.854865 914
0.854863 913
0.854854 913
0.854847 912
0.854829 911
0.854823 910
0.854820 909
0.854812 908
0.854808 907
0.854795 906
0.854793 905
0.854777 904
0.854776 903
0.854773 902
0.854770 901
0.854769 900
0.854759 900
0.854752 899
0.854746 898
0.854746 897
0.854735 896
0.854734 895
0.854733 894
0.854716 893
0.854715 892
0.854714 891
0.854712 890
0.854699 889
0.854697 888
0.854693 887
0.854693 886
0.854690 885
0.854666 884
0.854663 883
0.854661 882
0.854651 881
0.854647 880
0.854634 879
0.854630 878
0.854625 877
0.854611 876
0.854611 875
0.854609 874
0.854597 873
0.854573 872
0.854557 871
0.854555 870
0.854553 869
0.854549 868
0.854545 867
0.854538 866
0.854525 865
0.854519 864
0.854515 863
0.854506 862
0.854499 861
0.854490 860
0.854489 859
0.854462 858
0.854462 857
0.854458 856
0.854448 855
0.854435 854
0.854432 853
0.854427 852
0.854399 851
0.854392 850
0.854380 850
0.854379 849
0.854378 848
0.854368 847
0.854345 846
0.854341 845
0.854333 844
0.854324 843
0.854319 842
0.854318 841
0.854305 840
0.854304 839
0.854302 838
0.854298 837
0.854284 836
0.854271 835
0.854269 834
0.854266 833
0.854259 832
0.854253 831
0.854237 830
0.854230 829
0.854229 828
0.854227 827
0.854219 826
0.854217 825
0.854207 824
0.854206 823
0.854186 822
0.854180 821
0.854171 820
0.854164 819
0.854158 818
0.854153 817
0.854149 816
0.854148 815
0.854146 814
0.854133 813
0.854132 812
0.854125 811
0.854115 810
0.854102 809
0.854101 808
0.854078 807
0.854077 807
0.854073 806
0.854072 805
0.854070 804
0.854065 803
0.854057 802
0.854041 801
0.854039 800
0.854038 799
0.854037 798
0.854035 797
0.854030 796
0.854027 795
0.854011 794
0.854009 793
0.854001 792
0.853997 791
0.853997 790
0.853992 789
0.853983 788
0.853983 787
0.853978 786
0.853977 785
0.853973 784
0.853947 783
0.853931 782
0.853931 781
0.853929 780
0.853924 779
0.853915 778
0.853910 777
0.853906 776
0.853903 775
0.853903 774
0.853894 773
0.853885 772
0.853884 771
0.853875 770
0.853870 770
0.853864 769
0.853860 768
0.853859 767
0.853853 766
0.853842 765
0.853820 764
0.853815 763
0.853815 762
0.853801 761
0.853801 760
0.853795 759
0.853789 758
0.853781 757
0.853768 756
0.853762 755
0.853749 755
0.853747 755
0.853744 754
0.853743 753
0.853742 752
0.853726 751
0.853713 750
0.853711 749
0.853710 748
0.853708 747
0.853704 746
0.853697 745
0.853695 744
0.853692 743
0.853666 742
0.853653 741
0.853652 740
0.853645 739
0.853630 738
0.853630 737
0.853630 736
0.853620 735
0.853611 734
0.853610 733
0.853600 732
0.853600 731
0.853596 730
0.853574 729
0.853569 728
0.853567 727
0.853566 726
0.853561 725
0.853551 724
0.853543 723
0.853517 722
0.853512 721
0.853506 720
0.853494 719
0.853486 718
0.853479 717
0.853477 717
0.853474 717
0.853474 716
0.853471 715
0.853465 714
0.853452 713
0.853421 712
0.853404 710
0.853394 709
0.853389 708
0.853387 707
0.853348 706
0.853337 705
0.853317 704
0.853307 703
0.853300 702
0.853297 701
0.853296 700
0.853281 699
0.853277 698
0.853277 697
0.853275 696
0.853268 695
0.853262 694
0.853261 693
0.853248 692
0.853248 692
0.853242 691
0.853234 690
0.853232 689
0.853223 688
0.853196 687
0.853187 686
0.853181 686
0.853174 685
0.853162 684
0.853140 683
0.853133 682
0.853124 681
0.853118 680
0.853109 679
0.853092 678
0.853085 677
0.853085 676
0.853069 675
0.853044 674
0.853043 673
0.852976 672
0.852941 671
0.852937 670
0.852914 669
0.852912 668
0.852896 667
0.852896 666
0.852896 665
0.852874 663
0.852866 662
0.852862 661
0.852851 660
0.852847 659
0.852833 658
0.852822 657
0.852821 656
0.852787 655
0.852767 654
0.852753 653
0.852736 652
0.852732 651
0.852694 650
0.852681 649
0.852678 648
0.852677 647
0.852665 646
0.852636 645
0.852594 644
0.852589 643
0.852587 642
0.852574 641
0.852567 640
0.852556 639
0.852535 638
0.852488 637
0.852480 636
0.852471 635
0.852471 634
0.852458 634
0.852455 633
0.852450 632
0.852439 631
0.852435 630
0.852434 629
0.852400 629
0.852387 629
0.852372 628
0.852356 627
0.852350 626
0.852349 625
0.852342 624
0.852328 623
0.852293 622
0.852291 621
0.852290 620
0.852288 619
0.852287 618
0.852281 618
0.852256 617
0.852255 616
0.852237 615
0.852232 613
0.852222 612
0.852220 611
0.852174 610
0.852170 609
0.852168 608
0.852165 607
0.852161 606
0.852158 605
0.852149 605
0.852146 604
0.852123 603
0.852109 602
0.852094 601
0.852085 600
0.852057 599
0.852051 598
0.852007 597
0.851999 596
0.851981 595
0.851971 594
0.851965 593
0.851907 592
0.851903 591
0.851893 590
0.851893 589
0.851885 588
0.851875 587
0.851870 586
0.851860 585
0.851834 585
0.851794 584
0.851793 583
0.851745 582
0.851743 581
0.851735 580
0.851695 579
0.851682 578
0.851667 577
0.851647 576
0.851643 575
0.851642 574
0.851630 573
0.851602 572
0.851594 571
0.851577 570
0.851574 569
0.851573 568
0.851572 567
0.851560 566
0.851534 565
0.851509 565
0.851489 564
0.851460 563
0.851441 562
0.851437 561
0.851427 560
0.851423 559
0.851407 558
0.851391 557
0.851375 556
0.851368 555
0.851360 554
0.851357 553
0.851346 553
0.851340 552
0.851334 551
0.851304 551
0.851303 550
0.851272 549
0.851252 548
0.851248 547
0.851244 546
0.851226 545
0.851214 544
0.851200 543
0.851140 542
0.851138 541
0.851135 540
0.851119 539
0.851118 538
0.851113 537
0.851094 536
0.851055 536
0.851010 535
0.851010 534
0.850996 533
0.850983 532
0.850982 532
0.850945 531
0.850884 530
0.850857 529
0.850852 528
0.850849 527
0.850845 526
0.850838 525
0.850827 524
0.850819 523
0.850778 523
0.850777 523
0.850750 522
0.850724 521
0.850686 520
0.850664 519
0.850657 519
0.850655 518
0.850633 517
0.850626 517
0.850611 516
0.850598 515
0.850570 514
0.850559 513
0.850559 512
0.850546 511
0.850534 511
0.850518 510
0.850506 509
0.850501 508
0.850494 507
0.850482 506
0.850482 505
0.850463 504
0.850455 503
0.850443 502
0.850428 501
0.850398 500
0.850393 500
0.850379 499
0.850374 498
0.850369 497
0.850337 496
0.850278 495
0.850276 494
0.850263 493
0.850237 492
0.850231 491
0.850218 490
0.850213 489
0.850188 488
0.850186 488
0.850169 487
0.850165 486
0.850160 485
0.850157 484
0.850151 483
0.850124 482
0.850119 482
0.850112 481
0.850109 481
0.850094 480
0.850092 480
0.850086 480
0.850072 480
0.850058 479
0.850049 478
0.850046 477
0.850032 476
0.850007 475
0.849993 474
0.849897 473
0.849870 472
0.849838 471
0.849815 470
0.849763 469
0.849732 468
0.849617 467
0.849599 467
0.849587 466
0.849572 465
0.849554 464
0.849553 463
0.849547 462
0.849511 461
0.849508 460
0.849488 459
0.849479 458
0.849419 457
0.849372 456
0.849348 455
0.849313 454
0.849306 454
0.849306 454
0.849276 453
0.849230 452
0.849204 451
0.849194 450
0.849184 449
0.849180 448
0.849175 447
0.849164 446
0.849161 445
0.849117 444
0.849102 443
0.849070 442
0.849067 441
0.849061 440
0.848993 441
0.848972 440
0.848937 439
0.848929 438
0.848918 438
0.848909 437
0.848907 437
0.848888 436
0.848888 435
0.848887 434
0.848885 433
0.848841 432
0.848811 431
0.848784 430
0.848758 429
0.848757 428
0.848706 427
0.848696 426
0.848682 425
0.848642 424
0.848625 423
0.848625 422
0.848613 421
0.848609 420
0.848594 419
0.848587 419
0.848579 418
0.848540 417
0.848518 416
0.848514 415
0.848502 414
0.848497 413
0.848494 412
0.848483 411
0.848482 410
0.848477 409
0.848459 409
0.848370 409
0.848337 408
0.848214 407
0.848159 406
0.848117 405
0.848105 405
0.848105 404
0.848076 403
0.848056 402
0.848039 402
0.848029 402
0.847951 402
0.847924 402
0.847923 401
0.847901 400
0.847865 399
0.847831 399
0.847826 398
0.847815 397
0.847807 396
0.847802 395
0.847790 394
0.847725 393
0.847670 392
0.847626 391
0.847585 390
0.847464 389
0.847441 388
0.847437 387
0.847404 387
0.847385 387
0.847368 386
0.847344 385
0.847267 384
0.847256 383
0.847238 383
0.847236 382
0.847193 382
0.847161 382
0.847134 381
0.847094 380
0.847093 380
0.847031 379
0.846996 379
0.846962 378
0.846925 377
0.846914 376
0.846907 375
0.846765 374
0.846739 373
0.846739 372
0.846723 371
0.846719 370
0.846706 369
0.846680 367
0.846678 366
0.846656 366
0.846589 365
0.846533 364
0.846514 363
0.846480 362
0.846477 361
0.846463 361
0.846453 360
0.846444 359
0.846400 359
0.846347 358
0.846305 357
0.846290 356
0.846253 355
0.846190 354
0.846185 354
0.846179 353
0.846159 353
0.846123 353
0.846090 352
0.846017 351
0.846012 350
0.845968 349
0.845937 348
0.845885 347
0.845762 346
0.845748 345
0.845712 344
0.845680 343
0.845643 342
0.845640 341
0.845571 341
0.845568 340
0.845512 339
0.845490 338
0.845400 338
0.845377 337
0.845365 337
0.845270 336
0.845257 335
0.845196 334
0.845139 334
0.845102 333
0.845092 333
0.845058 332
0.845049 331
0.845036 331
0.845025 330
0.845022 329
0.844997 328
0.844986 327
0.844975 326
0.844940 326
0.844921 326
0.844795 325
0.844764 324
0.844709 323
0.844660 322
0.844632 322
0.844631 321
0.844593 320
0.844557 320
0.844553 319
0.844548 318
0.844430 317
0.844423 316
0.844416 315
0.844377 314
0.844310 313
0.844229 313
0.844227 313
0.844222 312
0.844171 311
0.844143 310
0.844116 309
0.844114 308
0.844045 307
0.844043 306
0.844008 305
0.843994 304
0.843985 304
0.843940 303
0.843931 302
0.843914 301
0.843904 300
0.843879 300
0.843876 299
0.843858 299
0.843793 298
0.843775 297
0.843743 297
0.843727 296
0.843627 295
0.843624 294
0.843615 294
0.843512 293
0.843471 292
0.843451 291
0.843360 290
0.843311 289
0.843195 288
0.843193 287
0.843112 286
0.843097 285
0.842967 284
0.842963 283
0.842914 282
0.842913 281
0.842906 280
0.842900 280
0.842891 280
0.842881 279
0.842858 279
0.842781 278
0.842771 277
0.842757 277
0.842717 276
0.842712 276
0.842553 275
0.842511 274
0.842501 274
0.842454 274
0.842453 273
0.842441 273
0.842430 272
0.842319 271
0.842240 270
0.842240 270
0.842199 270
0.842140 270
0.842118 270
0.842112 270
0.842107 269
0.842102 269
0.842039 268
0.842033 267
0.842008 267
0.841980 266
0.841955 265
0.841842 264
0.841825 263
0.841776 263
0.841747 263
0.841635 262
0.841626 261
0.841575 260
0.841487 259
0.841452 258
0.841450 257
0.841343 256
0.841341 255
0.841285 254
0.841215 253
0.841206 252
0.841190 252
0.841146 252
0.841062 251
0.841005 251
0.840983 251
0.840923 250
0.840922 249
0.840863 248
0.840838 248
0.840787 247
0.840769 246
0.840695 245
0.840695 244
0.840640 243
0.840604 243
0.840603 243
0.840582 242
0.840544 241
0.840461 240
0.840413 239
0.840409 239
0.840354 238
0.840296 237
0.840271 236
0.840207 235
0.840184 234
0.840172 233
0.840160 233
0.840128 233
0.840125 232
0.839954 231
0.839910 231
0.839904 231
0.839731 230
0.839467 229
0.839442 229
0.839387 228
0.839355 228
0.839340 228
0.839339 227
0.839257 226
0.839121 225
0.839062 225
0.838997 225
0.838975 225
0.838922 224
0.838919 223
0.838819 223
0.838775 222
0.838764 222
0.838760 222
0.838674 222
0.838635 221
0.838593 220
0.838515 219
0.838512 219
0.838475 218
0.838462 217
0.838438 216
0.838338 215
0.838312 215
0.838234 214
0.838134 213
0.838073 212
0.838053 211
0.838040 210
0.837946 209
0.837878 209
0.837824 209
0.837794 208
0.837704 207
0.837655 207
0.837557 206
0.837548 206
0.837491 205
0.837363 205
0.837267 204
0.837040 203
0.836890 202
0.836823 202
0.836783 201
0.836703 200
0.836660 199
0.836621 199
0.836620 199
0.836615 198
0.836576 198
0.836556 198
0.836534 197
0.836495 196
0.836470 195
0.836447 194
0.836447 194
0.836437 193
0.836396 193
0.836389 193
0.836367 193
0.836143 193
0.836126 193
0.836095 192
0.836052 191
0.835998 191
0.835852 190
0.835832 190
0.835682 189
0.835681 188
0.835651 187
0.835313 186
0.835260 185
0.835245 184
0.835222 183
0.835149 182
0.835081 181
0.834810 181
0.834808 180
0.834777 180
0.834697 180
0.834655 180
0.834654 179
0.834605 178
0.834588 177
0.834538 177
0.834532 177
0.834455 176
0.834452 175
0.834445 175
0.834380 175
0.834324 174
0.834117 173
0.834093 172
0.834069 171
0.833874 170
0.833856 169
0.833805 168
0.833732 168
0.833552 167
0.833496 166
0.833341 165
0.833321 165
0.833283 165
0.833221 164
0.833113 164
0.833020 164
0.832988 164
0.832924 163
0.832911 162
0.832880 161
0.832864 160
0.832595 159
0.832542 159
0.832445 159
0.832388 158
0.832376 158
0.832339 158
0.832338 158
0.832289 158
0.832272 158
0.832239 158
0.832208 157
0.832114 157
0.832101 156
0.832058 155
0.832020 154
0.831960 154
0.831947 154
0.831845 154
0.831503 153
0.831403 152
0.831253 152
0.831076 151
0.831075 150
0.831036 150
0.831016 149
0.831008 148
0.830936 148
0.830761 147
0.830740 146
0.830730 145
0.830682 145
0.830544 145
0.830522 144
0.830488 144
0.830486 144
0.830407 144
0.830388 143
0.830248 143
0.830208 142
0.830146 141
0.829966 140
0.829934 140
0.829905 139
0.829896 138
0.829861 138
0.829751 138
0.829737 138
0.829717 138
0.829601 138
0.829559 138
0.829518 138
0.829302 137
0.829302 136
0.828947 135
0.828932 134
0.828849 134
0.828807 134
0.828697 133
0.828628 133
0.828471 133
0.828429 133
0.828400 132
0.828342 132
0.828157 131
0.828091 131
0.828076 131
0.827964 130
0.827963 130
0.827961 130
0.827852 130
0.827699 130
0.827530 129
0.827481 129
0.827358 128
0.827295 128
0.827280 127
0.827199 126
0.827193 126
0.826882 125
0.826786 124
0.826786 124
0.826650 124
0.826599 123
0.826539 122
0.826519 121
0.826442 120
0.826349 120
0.826290 120
0.826280 120
0.826230 120
0.826143 120
0.826052 119
0.825790 118
0.825786 117
0.825610 116
0.825560 115
0.825538 114
0.825187 113
0.825179 113
0.825124 113
0.824890 112
0.824705 112
0.824632 111
0.824618 110
0.824490 109
0.824487 108
0.824472 108
0.824467 108
0.824212 107
0.824110 106
0.824042 105
0.823988 105
0.823872 104
0.823766 104
0.823764 103
0.823529 103
0.823487 102
0.823411 101
0.823254 101
0.823242 100
0.823241 100
0.823194 99
0.823056 99
0.823002 99
0.822947 99
0.822689 98
0.822508 98
0.822496 98
0.822354 98
0.822317 98
0.822294 98
0.822101 98
0.821985 98
0.821920 98
0.821876 97
0.821652 97
0.821633 97
0.821525 97
0.821524 96
0.821511 95
0.821498 94
0.821340 94
0.821324 94
0.821194 94
0.821179 93
0.821123 93
0.821044 93
0.820950 93
0.820747 92
0.820668 92
0.820647 92
0.820603 92
0.820585 91
0.820553 91
0.820517 90
0.820209 90
0.819939 90
0.819915 90
0.819875 90
0.819823 90
0.819807 90
0.819664 89
0.819579 88
0.819458 88
0.819432 87
0.819425 87
0.819381 87
0.818940 87
0.818680 87
0.818641 87
0.818325 87
0.818045 87
0.818010 87
0.817901 86
0.817887 86
0.817836 86
0.817726 85
0.817581 85
0.817572 85
0.817503 85
0.817480 85
0.817464 85
0.817438 85
0.817425 85
0.817422 85
0.817408 85
0.817196 85
0.816980 85
0.816955 85
0.816952 85
0.816678 85
0.816647 85
0.816507 85
0.816367 85
0.816182 85
0.816124 85
0.816006 85
0.815879 84
0.815797 84
0.815625 84
0.815605 84
0.815564 84
0.815054 84
0.815050 83
0.815026 83
0.814971 83
0.814880 83
0.814221 83
0.814152 82
0.814055 81
0.814011 80
0.813933 80
0.813841 79
0.813694 79
0.813681 79
0.813596 79
0.813403 79
0.813396 79
0.813374 78
0.813275 77
0.813084 77
0.813006 77
0.812995 77
0.812928 77
0.812863 77
0.812840 77
0.812798 77
0.812694 76
0.812468 75
0.812432 75
0.812110 75
0.812004 75
0.812003 74
0.811959 74
0.811946 74
0.811853 74
0.811833 74
0.811798 74
0.811754 74
0.811679 74
0.811516 74
0.811512 73
0.811466 73
0.811371 73
0.811127 73
0.810919 73
0.810802 72
0.810799 72
0.810564 72
0.810379 71
0.809742 71
0.809663 71
0.809643 71
0.809523 70
0.809497 70
0.809396 70
0.809309 70
0.809159 70
0.809151 70
0.809044 70
0.808945 70
0.808857 69
0.808735 69
0.808594 69
0.807994 69
0.807471 69
0.807420 69
0.807350 69
0.807228 68
0.807205 68
0.807148 68
0.807136 68
0.806933 68
0.806777 68
0.806645 68
0.806509 68
0.806089 68
0.806022 68
0.806002 68
0.805854 68
0.805653 68
0.805430 67
0.805292 67
0.805144 67
0.804977 66
0.804823 66
0.804810 66
0.804750 65
0.804733 65
0.804620 65
0.804577 65
0.804529 65
0.804403 65
0.804353 65
0.804325 65
0.803947 64
0.803943 64
0.803916 64
0.803614 64
0.803540 64
0.803477 63
0.803314 63
0.803198 63
0.803133 63
0.802919 63
0.802870 62
0.802778 62
0.802569 62
0.802430 62
0.802386 62
0.802317 62
0.802263 62
0.802096 62
0.801769 62
0.801712 62
0.801557 62
0.801456 61
0.801215 60
0.801186 60
0.801159 60
0.801123 59
0.800452 59
0.800340 58
0.800301 57
0.800298 57
0.800256 56
0.800249 56
0.800183 56
0.799974 56
0.799902 56
0.799474 55
0.799446 54
0.799366 53
0.799358 53
0.799271 53
0.799096 53
0.798951 53
0.798910 53
0.798754 53
0.798579 53
0.798497 53
0.798468 52
0.798392 52
0.798376 52
0.798227 52
0.798120 52
0.797623 52
0.797269 52
0.797217 52
0.797146 52
0.797120 52
0.797083 52
0.797067 51
0.796963 51
0.796827 51
0.796549 51
0.796524 51
0.796418 51
0.796365 51
0.796170 51
0.795994 51
0.795948 51
0.795868 51
0.795422 51
0.795382 51
0.795343 51
0.795113 51
0.794991 51
0.794795 51
0.794751 51
0.794456 50
0.794420 50
0.793743 50
0.793444 50
0.793440 50
0.793365 50
0.793140 50
0.792597 50
0.792575 50
0.792545 50
0.792544 50
0.792528 50
0.792491 50
0.792484 50
0.792304 50
0.791822 50
0.791786 50
0.791722 50
0.791617 50
0.791435 50
0.791366 50
0.791219 50
0.791180 49
0.791147 49
0.791146 49
0.790921 49
0.790799 49
0.790681 49
0.790339 48
0.790325 47
0.790224 47
0.790194 47
0.789952 47
0.789737 47
0.789615 47
0.789477 47
0.789357 47
0.789322 47
0.789141 47
0.789027 47
0.788914 47
0.788866 47
0.788821 47
0.788628 47
0.788554 47
0.788540 47
0.788483 47
0.788438 46
0.788091 46
0.787992 46
0.787863 46
0.787856 46
0.787856 46
0.787821 46
0.787596 45
0.787352 45
0.787221 45
0.787093 45
0.787015 45
0.786962 45
0.786866 45
0.786835 45
0.786515 44
0.786349 44
0.786200 44
0.786021 43
0.785646 43
0.785562 43
0.785368 43
0.785293 43
0.785240 43
0.785063 43
0.784996 43
0.784942 43
0.784935 43
0.784650 42
0.783712 42
0.783513 42
0.783444 42
0.783303 42
0.783208 42
0.782974 41
0.782819 41
0.782789 41
0.782681 40
0.782661 40
0.782632 40
0.782608 40
0.782585 40
0.782345 40
0.782191 39
0.782149 39
0.782128 39
0.782110 39
0.781958 39
0.781830 39
0.781746 39
0.781372 39
0.781194 39
0.781113 39
0.780970 38
0.780882 38
0.780813 38
0.780736 38
0.780631 38
0.780499 38
0.780497 38
0.780028 37
0.779644 37
0.779532 37
0.779478 36
0.779367 36
0.779227 36
0.779027 36
0.778786 36
0.778720 36
0.778403 36
0.778375 36
0.778304 35
0.778304 35
0.778227 35
0.777976 35
0.777834 35
0.777599 35
0.777597 35
0.777542 35
0.777389 35
0.777360 35
0.777349 35
0.777226 35
0.777221 35
0.777089 35
0.776724 35
0.776692 35
0.776636 35
0.776590 35
0.776504 35
0.776444 35
0.776364 35
0.776263 35
0.776254 34
0.776173 34
0.776079 34
0.775547 34
0.775072 34
0.775059 33
0.774878 33
0.774378 32
0.774339 32
0.774301 31
0.774128 31
0.774127 31
0.774092 31
0.774059 31
0.773946 31
0.773945 31
0.773875 31
0.773763 30
0.773721 30
0.773587 30
0.773093 30
0.773053 30
0.772684 30
0.772532 30
0.772305 30
0.772242 30
0.772129 30
0.771634 30
0.771537 30
0.771453 30
0.771422 30
0.771405 29
0.771394 29
0.771372 28
0.771260 28
0.770897 28
0.770735 28
0.770695 27
0.770670 27
0.770533 27
0.770520 27
0.770410 27
0.770399 27
0.770249 27
0.770057 27
0.770052 27
0.769921 26
0.769895 26
0.769893 26
0.769822 26
0.769799 26
0.769724 26
0.769360 25
0.769321 24
0.769017 24
0.768786 24
0.768647 24
0.768644 24
0.768602 24
0.768570 24
0.768508 23
0.768384 23
0.768290 23
0.767671 23
0.767561 23
0.767344 23
0.767292 23
0.767251 23
0.767126 23
0.767042 23
0.766829 23
0.766703 23
0.766649 23
0.766624 23
0.766612 23
0.766541 23
0.766383 23
0.766240 23
0.766050 22
0.766016 22
0.765916 22
0.765186 22
0.765015 22
0.764863 22
0.764415 22
0.764138 22
0.763930 22
0.763667 22
0.763486 21
0.763061 21
0.762879 20
0.762797 20
0.762584 20
0.762486 20
0.762124 20
0.762031 20
0.761774 20
0.761690 20
0.761450 20
0.761180 20
0.761021 20
0.760984 20
0.760774 20
0.760663 20
0.760535 20
0.760519 20
0.760441 20
0.760386 20
0.760014 20
0.759893 20
0.759836 20
0.759702 20
0.759240 20
0.759230 20
0.759223 20
0.759191 20
0.759119 20
0.759065 20
0.758754 20
0.758577 20
0.758555 20
0.758555 19
0.758231 19
0.758162 19
0.757885 19
0.757539 19
0.757515 19
0.757379 19
0.757280 19
0.757269 19
0.757136 19
0.757577 19
0.757415 19
0.757063 19
0.756992 19
0.756911 19
0.756878 19
0.756685 19
0.756597 19
0.756001 19
0.755868 19
0.755793 19
0.755647 19
0.755642 19
0.755598 19
0.755476 19
0.755425 19
0.755393 19
0.755191 19
0.755108 19
0.755080 19
0.755054 19
0.755005 19
0.754832 19
0.754106 19
0.754087 19
0.753026 19
0.752872 19
0.752851 19
0.752834 19
0.752546 19
0.752416 19
0.752286 19
0.752256 19
0.752219 19
0.752215 19
0.752151 19
0.752057 19
0.751984 19
0.751789 18
0.751702 18
0.751702 18
0.751693 18
0.751535 18
0.751511 18
0.751451 18
0.751020 18
0.749961 18
0.749584 18
0.749531 18
0.749127 18
0.749076 18
0.748863 18
0.748845 18
0.748834 18
0.748720 18
0.748660 18
0.748392 18
0.748231 18
0.747779 18
0.747737 18
0.747547 17
0.747275 17
0.747199 17
0.746831 17
0.746780 17
0.746617 17
0.746369 17
0.745848 17
0.745834 17
0.745664 17
0.745306 17
0.745138 17
0.744934 17
0.744621 17
0.744600 17
0.744519 17
0.743903 17
0.743812 17
0.743702 17
0.743583 17
0.743265 17
0.743077 17
0.743069 17
0.742941 17
0.742900 17
0.742841 17
0.742602 17
0.742572 17
0.742431 17
0.742331 16
0.742156 16
0.742156 16
0.742137 16
0.742127 16
0.742108 16
0.742085 16
0.741892 16
0.741787 16
0.741743 16
0.741675 16
0.741652 16
0.740861 16
0.740846 16
0.740748 16
0.740665 16
0.740653 16
0.740231 16
0.740182 16
0.740011 16
0.739828 16
0.739730 16
0.739677 16
0.739512 16
0.739066 16
0.738734 16
0.738671 16
0.738643 16
0.738618 15
0.738323 15
0.737984 15
0.737720 15
0.737694 15
0.737494 15
0.737398 15
0.737119 15
0.737073 15
0.736970 15
0.736856 15
0.736840 15
0.736758 15
0.736537 15
0.735842 15
0.735792 15
0.735686 15
0.735362 15
0.734959 15
0.734951 15
0.734878 15
0.734858 15
0.734702 15
0.734701 15
0.734650 15
0.734608 15
0.734525 15
0.734315 15
0.733987 15
0.733918 15
0.733860 15
0.733798 15
0.733770 15
0.733453 15
0.733386 15
0.733258 15
0.733026 15
0.732964 15
0.731930 15
0.731423 15
0.731409 15
0.731291 15
0.731156 15
0.731076 15
0.730977 15
0.730943 15
0.730925 15
0.730665 15
0.730535 15
0.730481 15
0.729894 15
0.729740 15
0.729473 15
0.729470 15
0.729428 15
0.729266 15
0.729126 15
0.729060 15
0.728817 14
0.728561 14
0.728554 14
0.728402 14
0.728391 14
0.728134 14
0.727747 14
0.727611 14
0.727606 14
0.727502 14
0.726712 14
0.726329 14
0.726262 14
0.726090 14
0.726068 14
0.726016 14
0.725857 14
0.725710 14
0.725534 14
0.725487 14
0.725304 14
0.725294 14
0.725275 14
0.725124 14
0.724983 14
0.724755 14
0.724691 14
0.724665 13
0.724640 13
0.724459 13
0.724445 13
0.724380 13
0.724116 13
0.723968 13
0.723885 13
0.723584 13
0.723494 13
0.723481 13
0.723005 13
0.723005 13
0.722978 13
0.722841 13
0.722556 13
0.722184 13
0.721889 13
0.721827 13
0.721652 13
0.721425 13
0.721262 13
0.721211 13
0.721120 13
0.720908 13
0.720813 13
0.720686 13
0.720404 13
0.720162 13
0.720097 13
0.720083 13
0.720059 13
0.720009 13
0.719906 13
0.719792 13
0.719752 13
0.719523 13
0.719489 13
0.718992 13
0.718923 13
0.718869 13
0.718823 13
0.718720 13
0.718409 13
0.718368 13
0.718368 13
0.718218 13
0.717980 13
0.717880 13
0.717768 13
0.717652 13
0.717322 13
0.717287 13
0.717114 13
0.717107 13
0.716999 13
0.716652 13
0.716145 13
0.715905 13
0.715857 13
0.715745 13
0.715256 13
0.715122 13
0.714559 13
0.714410 13
0.714231 13
0.714107 13
0.713875 13
0.713873 13
0.713775 13
0.713612 13
0.713607 13
0.713601 13
0.713167 13
0.712569 13
0.712488 13
0.712327 13
0.712027 13
0.711685 13
0.711399 13
0.711289 13
0.711251 13
0.711073 13
0.710538 13
0.710314 13
0.710004 13
0.709894 13
0.709865 13
0.709424 13
0.709414 13
0.709148 13
0.708951 13
0.708810 13
0.708452 13
0.708298 13
0.708296 13
0.708086 13
0.708078 13
0.708075 13
0.707972 13
0.707889 13
0.707750 13
0.707652 13
0.707390 13
0.707308 13
0.707109 13
0.706819 13
0.706704 13
0.706428 13
0.706180 13
0.706164 13
0.706059 13
0.705931 13
0.705838 13
0.705698 13
0.705374 13
0.704910 13
0.704774 13
0.704735 13
0.704274 13
0.703912 13
0.703658 13
0.703637 13
0.703561 13
0.703398 13
0.703234 13
0.702950 13
0.702925 13
0.702888 12
0.702729 12
0.702680 12
0.702608 12
0.702079 12
0.701937 12
0.701834 12
0.701681 12
0.701452 12
0.701444 12
0.701412 12
0.701174 12
0.700894 12
0.700729 12
0.700573 12
0.700543 12
0.700407 12
0.700376 12
0.700271 12
0.700247 12
0.700235 12
0.699971 12
0.699744 12
0.699647 12
0.699641 12
0.699312 12
0.698962 12
0.698912 12
0.698644 12
0.698488 12
0.698346 12
0.698341 12
0.698336 12
0.698054 12
0.698036 12
0.697923 12
0.697636 12
0.697585 12
0.697309 12
0.697303 12
0.696700 12
0.696597 12
0.696570 12
0.695946 12
0.695724 12
0.695672 12
0.695611 12
0.695460 12
0.695414 12
0.694887 12
0.694842 12
0.694835 12
0.694828 12
0.694815 12
0.694739 12
0.694562 12
0.694539 12
0.693919 12
0.693694 12
0.693570 12
0.693522 12
0.693406 11
0.693000 11
0.692994 11
0.692850 11
0.692598 11
0.692574 11
0.692472 11
0.691719 11
0.691641 11
0.691445 11
0.691253 11
0.691213 11
0.691088 11
0.690991 11
0.690763 11
0.690723 11
0.690407 11
0.690344 11
0.690294 11
0.690266 11
0.690200 11
0.690186 11
0.690017 11
0.689987 11
0.689890 11
0.689886 11
0.689880 11
0.689734 11
0.689609 11
0.689600 11
0.689454 11
0.688631 11
0.688539 11
0.688197 11
0.688109 11
0.687948 11
0.687890 11
0.687883 11
0.687424 11
0.687261 11
0.686889 11
0.686682 11
0.686401 11
0.686197 11
0.686165 11
0.686160 11
0.686127 11
0.686070 11
0.685892 11
0.685726 11
0.685199 11
0.684505 11
0.684435 11
0.684402 11
0.684188 11
0.684012 11
0.683837 11
0.683612 11
0.682780 11
0.682751 11
0.682656 11
0.682604 11
0.682154 11
0.682043 11
0.681951 11
0.681822 11
0.681722 11
0.681663 11
0.681608 11
0.681585 11
0.681528 11
0.681182 11
0.681172 11
0.681109 11
0.680641 11
0.680396 11
0.680063 11
0.679859 11
0.679840 11
0.679610 11
0.679069 11
0.679037 11
0.679014 11
0.678886 11
0.678810 11
0.678787 11
0.678723 11
0.678318 11
0.677931 11
0.677871 11
0.677779 11
0.677275 11
0.676741 11
0.676727 11
0.676710 11
0.676709 11
0.676605 11
0.676576 11
0.676481 11
0.676013 11
0.675902 11
0.675862 11
0.675619 11
0.675434 11
0.675306 11
0.675187 11
0.675083 11
0.674811 11
0.674738 11
0.674139 11
0.674052 11
0.673651 11
0.673613 11
0.673603 11
0.673350 11
0.673334 11
0.673284 11
0.673039 11
0.672803 11
0.672759 11
0.672541 11
0.672423 11
0.672164 11
0.672102 11
0.671974 11
0.671635 11
0.671619 11
0.671514 11
0.671143 11
0.670954 11
0.670763 11
0.670505 11
0.670393 11
0.669806 11
0.669727 11
0.669702 11
0.669066 11
0.668865 11
0.668797 11
0.668475 10
0.668457 10
0.668405 10
0.668031 10
0.667966 10
0.667802 10
0.667671 10
0.667661 10
0.667624 10
0.667453 10
0.667293 10
0.667198 10
0.667103 10
0.666984 10
0.666556 10
0.666553 10
0.666552 10
0.666549 10
0.666446 10
0.666322 10
0.666254 10
0.666099 10
0.666094 10
0.666083 10
0.665925 10
0.665674 10
0.665672 10
0.665366 10
0.665245 10
0.665205 10
0.665147 10
0.664912 10
0.664624 10
0.664248 10
0.664027 10
0.663909 10
0.663825 10
0.663572 10
0.663542 10
0.663435 10
0.663111 10
0.662980 10
0.662760 10
0.662668 10
0.662549 10
0.662508 10
0.661602 10
0.661468 10
0.661409 10
0.661187 10
0.661134 10
0.660644 10
0.660234 10
0.660194 10
0.660167 10
0.660166 10
0.660143 10
0.659724 10
0.659701 10
0.659631 10
0.659449 10
0.659446 10
0.659428 10
0.659073 10
0.658886 10
0.658231 10
0.657908 10
0.657903 10
0.657690 10
0.657573 10
0.657066 10
0.657064 10
0.656841 10
0.656367 10
0.656104 10
0.656101 10
0.656072 9
0.655981 9
0.655824 9
0.655312 9
0.655103 9
0.654647 9
0.654487 9
0.654439 9
0.654356 9
0.654160 9
0.654132 9
0.653988 9
0.653783 9
0.652800 9
0.652792 9
0.652531 9
0.652447 9
0.652432 9
0.652359 9
0.652242 9
0.652219 9
0.651930 9
0.651822 9
0.651801 9
0.651345 9
0.650770 9
0.650284 9
0.650099 9
0.650007 9
0.649962 9
0.649955 9
0.649746 9
0.649484 9
0.649321 9
0.649259 9
0.648935 9
0.648884 9
0.648808 9
0.648778 9
0.648753 9
0.648666 9
0.648658 9
0.648569 9
0.648483 9
0.648024 9
0.647990 9
0.647683 9
0.647232 9
0.647218 9
0.647202 9
0.646698 9
0.646554 9
0.645927 9
0.645725 9
0.645687 9
0.645477 9
0.645421 9
0.645302 9
0.645213 9
0.644666 9
0.644509 9
0.644435 9
0.644433 9
0.644414 9
0.644273 9
0.644022 9
0.643542 9
0.643386 9
0.643300 9
0.643253 9
0.642881 9
0.642532 9
0.642207 9
0.642022 9
0.641901 9
0.641766 9
0.641761 9
0.641697 9
0.641658 9
0.641633 9
0.641516 9
0.641472 9
0.641317 9
0.641245 9
0.641136 9
0.641109 9
0.641066 9
0.640968 9
0.640963 9
0.640945 9
0.640595 9
0.640492 9
0.640414 9
0.640136 9
0.640029 9
0.639692 9
0.639007 9
0.638884 9
0.638833 9
0.638724 9
0.638663 9
0.638452 9
0.638451 9
0.638311 9
0.638067 9
0.637959 9
0.637825 9
0.637737 9
0.637724 9
0.637561 9
0.637344 9
0.637311 9
0.637144 9
0.637094 9
0.636949 9
0.636395 9
0.636265 9
0.636214 9
0.636106 9
0.635898 9
0.635825 9
0.635672 9
0.635552 9
0.635354 9
0.635178 9
0.635131 9
0.635002 9
0.634832 9
0.634207 9
0.633773 9
0.633617 9
0.633328 9
0.633298 9
0.633291 9
0.633144 9
0.633106 9
0.632965 9
0.632757 9
0.631993 9
0.631913 9
0.631370 9
0.631116 9
0.630642 9
0.630631 9
0.630567 9
0.630410 9
0.630205 9
0.630046 9
0.630019 9
0.629976 9
0.629844 9
0.629661 9
0.629537 9
0.629439 9
0.629201 9
0.629017 9
0.628195 9
0.628023 9
0.627889 9
0.627365 9
0.627205 9
0.627205 9
0.627140 9
0.626693 9
0.626630 9
0.626375 9
0.625845 9
0.625731 9
0.625524 9
0.625327 9
0.625052 9
0.624860 9
0.624818 9
0.624094 9
0.624051 9
0.623898 9
0.623832 9
0.623749 9
0.623740 9
0.623646 9
0.623619 9
0.623491 9
0.623090 9
0.622989 9
0.622838 9
0.622719 9
0.622615 9
0.622427 9
0.622424 9
0.622276 9
0.621778 9
0.621564 9
0.621505 9
0.621190 9
0.620977 9
0.620643 9
0.620502 9
0.620293 9
0.619771 9
0.619493 9
0.618981 9
0.618752 9
0.618632 9
0.618514 9
0.618487 9
0.618185 9
0.617987 9
0.617929 9
0.617734 9
0.617731 9
0.617701 9
0.617253 9
0.617159 9
0.617145 9
0.617044 9
0.617006 9
0.617004 9
0.616862 9
0.616707 9
0.616651 9
0.616648 9
0.616614 9
0.616601 9
0.616224 9
0.615845 9
0.615653 9
0.615263 9
0.615187 9
0.615159 9
0.615128 9
0.614903 9
0.614876 9
0.614710 9
0.614669 9
0.614563 9
0.614496 9
0.614152 9
0.614044 9
0.613851 9
0.613795 9
0.613793 9
0.613661 9
0.613604 9
0.613265 9
0.612680 9
0.612446 9
0.612249 9
0.612248 9
0.612050 9
0.612048 9
0.611726 9
0.611510 9
0.611488 9
0.611366 9
0.611172 9
0.611083 9
0.610912 9
0.610765 9
0.610717 9
0.610633 9
0.610482 9
0.610446 9
0.610438 9
0.609808 9
0.609738 9
0.609474 9
0.608951 9
0.608936 9
0.608401 9
0.607886 9
0.607846 9
0.607801 9
0.607560 9
0.607402 9
0.607274 9
0.607073 9
0.606965 9
0.606929 9
0.606670 9
0.606513 9
0.606388 9
0.606296 9
0.606205 9
0.605739 9
0.605407 9
0.605325 9
0.605146 9
0.605010 9
0.604813 9
0.604771 9
0.604571 9
0.604479 9
0.603849 9
0.603616 9
0.603297 9
0.603179 9
0.603164 9
0.603072 9
0.603069 9
0.603008 9
0.602567 9
0.602316 9
0.602300 9
0.602238 9
0.602073 9
0.602055 9
0.601916 9
0.601580 9
0.600731 9
0.600689 9
0.600562 9
0.600561 9
0.600505 9
0.600467 9
0.600128 9
0.600056 9
0.599941 9
0.599310 9
0.599189 9
0.598808 9
0.598579 9
0.598366 9
0.598305 9
0.598194 9
0.598035 9
0.597814 9
0.597794 9
0.597508 9
0.597425 9
0.596599 9
0.596130 9
0.595839 9
0.595687 9
0.595328 9
0.595186 9
0.595032 9
0.594900 9
0.594873 9
0.594552 9
0.594296 9
0.594265 9
0.594146 9
0.594038 9
0.593873 9
0.593828 9
0.593543 9
0.593523 9
0.592590 9
0.592481 9
0.592455 9
0.592324 9
0.592148 9
0.592110 9
0.592084 9
0.592040 9
0.591811 9
0.591672 9
0.591666 9
0.591640 9
0.591542 9
0.591313 9
0.591244 9
0.590916 9
0.590683 9
0.590645 9
0.590571 9
0.590399 9
0.590299 9
0.590274 9
0.590236 9
0.590234 9
0.590180 9
0.589885 9
0.589307 9
0.589110 9
0.589064 9
0.588694 9
0.588650 9
0.588641 9
0.588438 9
0.588180 9
0.587918 9
0.587873 9
0.587007 9
0.586974 9
0.586616 9
0.586530 9
0.586300 9
0.586222 9
0.586188 9
0.585583 9
0.585461 9
0.585440 8
0.585366 8
0.585043 8
0.584996 8
0.584966 8
0.584965 8
0.584943 8
0.584527 8
0.584466 8
0.584398 8
0.584368 8
0.584343 8
0.584230 8
0.584158 8
0.584119 8
0.583630 8
0.583424 8
0.583063 8
0.582952 8
0.582902 8
0.582881 8
0.582824 8
0.582655 8
0.582487 8
0.582107 8
0.581948 8
0.581691 8
0.581480 8
0.581471 8
0.581422 8
0.581137 8
0.580880 8
0.580879 8
0.580739 8
0.580296 8
0.579966 8
0.579832 8
0.579816 8
0.579574 8
0.579515 8
0.579214 8
0.578865 8
0.578452 8
0.578330 8
0.578245 8
0.578163 8
0.577618 8
0.577420 8
0.577411 8
0.577333 8
0.577279 8
0.576938 8
0.576867 8
0.576758 8
0.576734 8
0.576714 8
0.576625 8
0.576342 8
0.576237 8
0.576177 8
0.576125 8
0.575929 8
0.575853 8
0.575625 8
0.575544 8
0.575461 8
0.574933 8
0.574757 8
0.574667 8
0.574287 8
0.574227 8
0.574064 8
0.573925 8
0.573535 8
0.573177 8
0.573166 8
0.572907 8
0.572020 8
0.571448 8
0.571398 8
0.571389 8
0.570857 8
0.570591 8
0.570503 8
0.570326 8
0.570025 8
0.569972 8
0.569926 8
0.569801 8
0.569668 8
0.569576 8
0.569431 8
0.569277 8
0.568446 8
0.568243 8
0.568115 8
0.568068 8
0.568066 8
0.567849 8
0.567658 8
0.567457 8
0.567414 8
0.567356 8
0.567333 8
0.567307 8
0.567297 8
0.567279 8
0.567118 8
0.567093 8
0.565593 8
0.565572 8
0.565347 8
0.565187 8
0.565124 8
0.564745 8
0.564594 8
0.564455 8
0.564288 8
0.564280 8
0.564160 8
0.563771 8
0.563729 8
0.563685 8
0.563471 8
0.563450 8
0.563020 8
0.562906 8
0.562819 8
0.562791 8
0.562764 8
0.562388 8
0.562104 8
0.561952 8
0.561632 8
0.561566 8
0.561323 8
0.561287 8
0.561092 8
0.560996 8
0.560940 8
0.560759 8
0.560749 8
0.560689 8
0.560683 8
0.560116 8
0.559991 8
0.559803 8
0.559785 8
0.559622 8
0.559524 8
0.559485 8
0.559464 7
0.559219 7
0.559187 7
0.559176 7
0.558630 7
0.558619 7
0.557940 7
0.557837 7
0.557536 7
0.557512 7
0.557457 7
0.557428 7
0.557422 7
0.557334 7
0.557332 7
0.557243 7
0.557177 7
0.556910 7
0.556699 7
0.556274 7
0.556244 7
0.555828 7
0.555809 7
0.555778 7
0.555539 7
0.555369 7
0.554939 7
0.554885 7
0.554706 7
0.554065 7
0.553068 7
0.553032 7
0.552465 7
0.552029 7
0.551971 7
0.551874 7
0.551492 7
0.551443 7
0.551062 7
0.551053 6
0.550927 6
0.550899 6
0.550845 6
0.550334 6
0.549629 6
0.549368 6
0.549348 6
0.549343 6
0.548737 6
0.548362 6
0.548140 6
0.548053 6
0.547895 6
0.547886 6
0.547884 6
0.547866 6
0.547790 6
0.547560 6
0.547334 6
0.546846 6
0.546754 6
0.546390 6
0.546290 6
0.546027 6
0.545941 6
0.545889 6
0.545806 6
0.545749 6
0.545731 6
0.545631 6
0.545247 6
0.545045 6
0.544836 6
0.544564 6
0.544508 6
0.544247 6
0.543910 6
0.543910 6
0.543627 6
0.543334 6
0.542899 6
0.542866 6
0.542677 6
0.542480 6
0.542300 6
0.542288 6
0.542244 6
0.542224 6
0.541934 6
0.541896 6
0.541849 6
0.541548 6
0.541473 6
0.541071 6
0.540957 6
0.540779 6
0.540536 6
0.540527 6
0.540471 6
0.540329 6
0.540304 6
0.539932 6
0.539923 6
0.539389 6
0.539149 6
0.539054 6
0.538868 6
0.538785 6
0.538684 6
0.538461 6
0.537951 6
0.537608 6
0.537586 6
0.537304 6
0.537303 6
0.537220 6
0.536832 6
0.536587 6
0.536557 6
0.536356 6
0.536060 6
0.536041 6
0.535797 6
0.535716 6
0.535675 6
0.535624 6
0.535586 6
0.535408 6
0.535328 6
0.535200 6
0.535119 6
0.535034 6
0.534685 6
0.534523 6
0.534424 6
0.534245 6
0.534136 6
0.534097 6
0.533853 6
0.533653 6
0.533409 6
0.533386 6
0.533311 6
0.533127 6
0.533092 6
0.533076 6
0.533030 6
0.532978 6
0.532888 6
0.532815 6
0.532182 6
0.532006 6
0.531663 6
0.531633 6
0.530987 6
0.530675 6
0.530117 6
0.529725 6
0.529636 6
0.529569 6
0.529456 6
0.529087 6
0.528579 6
0.528331 6
0.528283 6
0.528229 6
0.528222 6
0.527944 6
0.527636 6
0.527377 6
0.527305 6
0.526924 6
0.526623 6
0.526465 6
0.526377 6
0.526332 6
0.526225 6
0.525944 6
0.525739 6
0.525498 6
0.525469 6
0.525454 6
0.525429 6
0.525338 6
0.525074 6
0.524884 6
0.524834 6
0.524406 6
0.524388 6
0.524021 6
0.523990 6
0.523693 6
0.523535 6
0.523274 6
0.522646 6
0.522606 6
0.522443 6
0.522279 6
0.522075 6
0.521390 6
0.521235 6
0.521218 6
0.521056 6
0.520891 6
0.520211 6
0.520098 6
0.520090 6
0.520012 6
0.519755 6
0.519687 6
0.519670 6
0.518657 6
0.518653 6
0.518646 6
0.518614 6
0.518317 6
0.517762 6
0.517639 6
0.517596 6
0.517522 6
0.517342 6
0.517264 6
0.517072 6
0.516780 6
0.516561 6
0.516450 6
0.516252 6
0.516243 6
0.516236 6
0.516101 6
0.516027 6
0.515944 6
0.515512 6
0.515450 6
0.515327 6
0.515237 6
0.515105 6
0.514883 6
0.514362 6
0.514342 6
0.514186 6
0.513488 6
0.513108 6
0.512920 6
0.512824 6
0.512813 6
0.512499 6
0.512378 6
0.512354 6
0.512231 6
0.512195 6
0.511924 6
0.511319 6
0.511314 6
0.511212 6
0.510955 6
0.510824 6
0.510395 6
0.510388 6
0.510285 6
0.510085 6
0.510074 6
0.509874 6
0.509631 6
0.509422 6
0.509373 6
0.509270 6
0.509101 6
0.508751 6
0.508642 6
0.508630 6
0.508525 6
0.508496 6
0.508229 6
0.507921 6
0.507917 6
0.507896 6
0.507402 6
0.507397 6
0.507235 6
0.506661 6
0.506362 6
0.506199 6
0.505762 6
0.505495 6
0.505426 6
0.505383 6
0.505275 6
0.504786 6
0.504693 6
0.504674 6
0.504440 6
0.504223 6
0.504083 6
0.503963 6
0.503934 6
0.503860 6
0.503417 6
0.503237 6
0.503105 6
0.503056 6
0.503025 6
0.502682 6
0.502511 6
0.502210 6
0.502090 6
0.502083 6
0.502007 6
0.501674 6
0.501300 6
0.501083 6
0.500789 6
0.500744 6
0.500728 6
0.500642 6
0.500477 6
0.500203 6
0.500159 6
0.500114 6
0.500045 6
0.499575 6
0.499569 6
0.499306 6
0.499258 6
0.498442 6
0.498355 6
0.498016 6
0.497639 6
0.497213 6
0.497209 6
0.497079 6
0.496634 6
0.496107 6
0.495712 6
0.495696 6
0.495576 6
0.495257 6
0.495116 6
0.494907 6
0.494733 6
0.494518 6
0.494517 6
0.494475 6
0.494193 6
0.494169 6
0.493942 6
0.493840 6
0.493690 6
0.493531 6
0.493372 6
0.493020 6
0.492935 6
0.492927 6
0.492689 6
0.492164 6
0.492139 6
0.492088 6
0.492024 6
0.492004 6
0.492002 6
0.491962 6
0.491544 6
0.491512 6
0.491457 6
0.491257 6
0.491181 6
0.491058 6
0.491031 6
0.490933 6
0.490775 6
0.490692 6
0.490390 6
0.490382 6
0.490378 6
0.490298 6
0.490118 6
0.489979 6
0.489967 6
0.489693 6
0.489247 6
0.489200 6
0.488937 6
0.488936 6
0.488321 6
0.488308 6
0.487927 6
0.487870 6
0.487684 6
0.487628 6
0.487547 6
0.487540 6
0.487422 6
0.487323 6
0.487223 6
0.487174 6
0.486887 6
0.486488 6
0.486375 6
0.486087 6
0.485447 6
0.485255 6
0.485155 6
0.485054 6
0.484560 6
0.484356 6
0.484298 6
0.484027 6
0.483454 6
0.483383 6
0.483343 6
0.482952 6
0.482821 6
0.482777 6
0.482250 6
0.481958 6
0.481895 6
0.481756 6
0.481446 6
0.481272 6
0.480994 6
0.480798 6
0.480574 6
0.480451 6
0.480389 6
0.480293 6
0.480292 6
0.479970 6
0.479946 6
0.479642 6
0.479540 6
0.479065 6
0.479030 6
0.478850 6
0.478335 5
0.478207 5
0.478137 5
0.478107 5
0.477960 5
0.477897 5
0.477731 5
0.477400 5
0.477263 5
0.477221 5
0.477044 5
0.476841 5
0.476397 5
0.476368 5
0.476323 5
0.476321 5
0.476262 5
0.476181 5
0.476144 5
0.475730 5
0.475185 5
0.474968 5
0.474412 5
0.474377 5
0.474375 5
0.474294 5
0.474157 5
0.474028 5
0.473986 5
0.472868 5
0.472704 5
0.472617 5
0.472555 5
0.472325 5
0.472318 5
0.471975 5
0.471899 5
0.471776 5
0.471662 5
0.470720 5
0.470671 5
0.470650 5
0.470280 5
0.470174 5
0.470150 5
0.469832 5
0.469829 5
0.469681 5
0.469486 5
0.469429 5
0.469330 5
0.469259 5
0.468731 5
0.468605 5
0.468576 5
0.468325 5
0.468166 5
0.468027 5
0.467916 5
0.467653 5
0.467615 5
0.467464 5
0.466857 5
0.466317 5
0.466176 5
0.466018 5
0.465975 5
0.465975 5
0.465888 5
0.465373 5
0.464954 5
0.464889 5
0.464888 5
0.464174 5
0.464111 5
0.463883 5
0.463785 5
0.463713 5
0.463220 5
0.463209 5
0.463071 5
0.462431 5
0.462404 5
0.462180 5
0.462125 5
0.462000 5
0.461948 5
0.461550 5
0.461538 5
0.461200 5
0.460918 5
0.460854 5
0.460834 5
0.460673 5
0.460669 5
0.460608 5
0.460455 5
0.460387 5
0.460345 5
0.460243 5
0.460120 5
0.460104 5
0.460032 5
0.459813 5
0.459649 5
0.459612 5
0.459513 5
0.459472 5
0.459176 5
0.459123 5
0.459043 5
0.459025 5
0.458645 5
0.458014 5
0.457939 5
0.457531 5
0.457331 5
0.457245 5
0.457196 5
0.457170 5
0.456731 5
0.456701 5
0.456693 5
0.456509 5
0.456433 5
0.456125 5
0.456044 5
0.455486 5
0.455328 5
0.455063 5
0.454879 5
0.454629 5
0.454449 5
0.454365 5
0.453914 5
0.453413 5
0.453081 5
0.452906 5
0.452844 5
0.452729 5
0.452194 5
0.451877 5
0.451787 5
0.451622 5
0.451415 5
0.451159 5
0.451046 5
0.450861 5
0.450736 5
0.450650 5
0.450624 5
0.450239 5
0.450080 5
0.449507 5
0.449265 5
0.448965 5
0.448907 5
0.448831 5
0.448663 5
0.448608 5
0.448564 5
0.448260 5
0.448193 5
0.448124 5
0.447546 5
0.447332 5
0.446828 5
0.446811 5
0.446760 5
0.446726 5
0.446720 5
0.446409 5
0.446144 5
0.446052 5
0.446052 5
0.445990 5
0.445916 5
0.445845 5
0.445634 5
0.445437 5
0.445421 5
0.445293 5
0.445231 5
0.445231 5
0.444657 5
0.444650 5
0.444167 5
0.443858 5
0.443760 5
0.443485 5
0.443471 5
0.443216 5
0.442007 5
0.441988 5
0.441905 5
0.441605 5
0.441531 5
0.441487 5
0.441482 5
0.441453 5
0.441349 5
0.441191 5
0.441134 5
0.441124 5
0.441098 5
0.440738 5
0.440603 5
0.440101 5
0.440000 5
0.439759 5
0.439531 5
0.439175 5
0.439015 5
0.438272 5
0.438131 5
0.438072 5
0.437610 5
0.437287 5
0.437144 5
0.436984 5
0.436693 5
0.436552 5
0.436179 5
0.436130 5
0.435970 5
0.435878 5
0.435469 5
0.435319 5
0.435261 5
0.434955 5
0.434486 5
0.434449 5
0.434345 5
0.434234 5
0.433857 5
0.433730 5
0.433241 5
0.433171 5
0.433091 5
0.433009 5
0.432956 5
0.432874 5
0.432798 5
0.432657 5
0.432541 5
0.432452 5
0.432360 5
0.432197 5
0.432095 5
0.431598 5
0.431506 5
0.431467 5
0.431463 5
0.431369 5
0.431265 5
0.431205 5
0.431099 5
0.430549 5
0.430195 5
0.430116 5
0.429974 5
0.429729 5
0.429429 5
0.429292 5
0.428971 5
0.428548 5
0.428545 5
0.428371 5
0.428083 5
0.427899 5
0.427810 5
0.427411 5
0.427304 5
0.427096 5
0.426902 5
0.426880 5
0.426837 5
0.426660 5
0.426623 5
0.426325 5
0.426069 5
0.425722 5
0.425140 5
0.425064 5
0.425048 5
0.424752 5
0.424716 5
0.424140 5
0.423984 5
0.423698 5
0.423643 5
0.423573 5
0.423238 5
0.423188 5
0.423122 5
0.422530 5
0.422441 5
0.422361 5
0.422313 5
0.421958 5
0.421577 5
0.421359 5
0.421295 5
0.421211 5
0.421083 5
0.420994 5
0.420470 5
0.420410 5
0.420353 5
0.420175 5
0.420033 5
0.420004 5
0.419999 5
0.419838 5
0.419621 5
0.419580 5
0.419481 5
0.419288 5
0.419202 5
0.418430 5
0.418263 5
0.417951 5
0.417390 5
0.416795 5
0.416761 5
0.416435 5
0.416319 5
0.416282 5
0.416041 5
0.415941 5
0.415936 5
0.415692 5
0.415603 5
0.415593 5
0.415264 5
0.415201 5
0.415169 5
0.414749 5
0.414645 5
0.414449 5
0.414231 5
0.414016 5
0.413973 5
0.413499 5
0.413305 5
0.413210 5
0.413154 5
0.412996 5
0.412904 5
0.412868 5
0.412540 5
0.412367 5
0.412280 5
0.412173 5
0.412006 5
0.411913 5
0.411806 5
0.411760 5
0.411664 5
0.411506 5
0.411309 5
0.410881 5
0.410652 5
0.410418 5
0.410250 5
0.409990 5
0.409830 5
0.409789 5
0.409730 5
0.409644 5
0.409546 5
0.408951 5
0.408420 5
0.408166 5
0.408124 5
0.407385 5
0.407357 5
0.407356 5
0.407224 5
0.407156 5
0.406923 5
0.406622 5
0.406610 5
0.406400 5
0.405930 5
0.405814 5
0.405582 5
0.405529 5
0.405047 5
0.404920 5
0.404881 5
0.404628 5
0.404131 5
0.403970 5
0.403962 5
0.403797 5
0.403611 5
0.403551 5
0.403460 5
0.403368 5
0.403366 5
0.403159 5
0.402914 5
0.402650 5
0.402638 5
0.402617 5
0.402380 5
0.402048 5
0.401757 5
0.401648 5
0.401502 5
0.401355 5
0.400724 5
0.400421 5
0.400243 5
0.399916 5
0.399762 5
0.399593 5
0.399510 5
0.399396 5
0.399225 5
0.398174 5
0.398061 5
0.397612 5
0.397538 5
0.397398 5
0.397186 5
0.397144 5
0.396616 5
0.396604 5
0.396231 5
0.396028 5
0.395988 5
0.395946 5
0.395895 5
0.395803 5
0.395577 5
0.395402 5
0.395391 5
0.394992 5
0.394581 5
0.394574 5
0.394518 5
0.394483 5
0.394430 5
0.394141 5
0.393759 5
0.393743 5
0.393715 5
0.393612 5
0.393532 5
0.393436 5
0.393198 5
0.392993 5
0.392824 5
0.392682 5
0.392535 5
0.392375 5
0.392356 5
0.392289 5
0.392092 5
0.391661 5
0.391605 5
0.391553 5
0.391502 5
0.391502 5
0.391187 5
0.391000 5
0.390898 5
0.390563 5
0.390508 5
0.390397 5
0.390387 5
0.390298 5
0.390128 5
0.389785 5
0.389741 5
0.389264 5
0.389171 5
0.389003 5
0.388706 5
0.388556 5
0.388549 5
0.388424 5
0.388412 5
0.388405 5
0.387594 5
0.387568 5
0.387506 5
0.387474 5
0.387297 5
0.387240 5
0.387008 5
0.386621 5
0.386378 5
0.386344 5
0.386278 5
0.385878 5
0.385864 5
0.385815 5
0.385785 5
0.385655 5
0.385487 5
0.385158 5
0.385097 5
0.384971 5
0.384772 5
0.384675 5
0.384666 5
0.384639 5
0.384478 5
0.384164 5
0.384074 5
0.383656 5
0.383262 4
0.382827 4
0.382675 4
0.382620 4
0.382271 4
0.382237 4
0.381705 4
0.381393 4
0.380514 4
0.380431 4
0.380420 4
0.380357 4
0.380354 4
0.380169 4
0.380167 4
0.379509 4
0.378943 4
0.378872 4
0.378667 4
0.378640 4
0.378355 4
0.378137 4
0.377993 4
0.377963 4
0.377919 4
0.377617 4
0.377249 4
0.377110 4
0.377018 4
0.376973 4
0.376928 4
0.376870 4
0.376865 4
0.376538 4
0.376013 4
0.375973 4
0.375935 4
0.375885 4
0.375859 4
0.375808 4
0.375546 4
0.375464 4
0.375388 4
0.375310 4
0.374893 4
0.374399 4
0.374067 4
0.373502 4
0.373491 4
0.373388 4
0.373222 4
0.372932 4
0.372786 4
0.372749 4
0.372305 4
0.372101 4
0.372027 4
0.371905 4
0.371874 4
0.371820 4
0.371744 4
0.371509 4
0.371491 4
0.371328 4
0.371259 4
0.371226 4
0.370601 4
0.370038 4
0.369981 4
0.369868 4
0.369377 4
0.369095 4
0.369072 4
0.368878 4
0.368720 4
0.368674 4
0.368354 4
0.368018 4
0.367831 4
0.367798 4
0.367141 4
0.367036 4
0.366947 4
0.366943 4
0.366440 4
0.366364 4
0.366302 4
0.366119 4
0.365867 4
0.365862 4
0.365468 4
0.365438 4
0.365273 4
0.365171 4
0.365124 4
0.365049 4
0.364961 4
0.364895 4
0.364660 4
0.364520 4
0.364362 4
0.364187 4
0.363967 4
0.363856 4
0.363232 4
0.363197 4
0.363175 4
0.363115 4
0.362801 4
0.362684 4
0.362406 4
0.362295 4
0.362207 4
0.362078 4
0.361857 4
0.361574 4
0.361510 4
0.361264 4
0.361141 4
0.361111 4
0.360666 4
0.360644 4
0.360557 4
0.360455 4
0.360239 4
0.360213 4
0.359521 4
0.358858 4
0.358765 4
0.358724 4
0.358514 4
0.358209 4
0.358197 4
0.357596 4
0.357426 4
0.356922 4
0.356891 4
0.356885 4
0.356736 4
0.356644 4
0.356621 4
0.356506 4
0.356164 4
0.356038 4
0.355946 4
0.355631 4
0.355518 4
0.355277 4
0.354207 4
0.353956 4
0.353830 4
0.353720 4
0.353677 4
0.353434 4
0.353253 4
0.353243 4
0.353149 4
0.353147 4
0.353099 4
0.353001 4
0.352957 4
0.352903 4
0.352839 4
0.352413 4
0.352144 4
0.351692 4
0.351630 4
0.351559 4
0.351375 4
0.351036 4
0.350810 4
0.350756 4
0.350704 4
0.350565 4
0.350317 4
0.350292 4
0.350060 4
0.349974 4
0.349832 4
0.349783 4
0.349762 4
0.349540 4
0.349276 4
0.349211 4
0.348249 4
0.348152 4
0.347804 4
0.347705 4
0.347668 4
0.347455 4
0.347398 4
0.347340 4
0.347300 4
0.347229 4
0.346927 4
0.346836 4
0.346693 4
0.346507 4
0.346501 4
0.346298 4
0.346197 4
0.346086 4
0.346064 4
0.345913 4
0.345803 4
0.345523 4
0.345293 4
0.345264 4
0.344943 4
0.344030 4
0.344026 4
0.343994 4
0.343649 4
0.343584 4
0.343388 4
0.343182 4
0.342941 4
0.342902 4
0.342876 4
0.342705 4
0.342577 4
0.342514 4
0.342330 4
0.342234 4
0.341582 4
0.341578 4
0.341372 4
0.341306 4
0.341126 4
0.341123 4
0.341008 4
0.340589 4
0.340500 4
0.340486 4
0.340467 4
0.340446 4
0.340397 4
0.340395 4
0.340286 4
0.339909 4
0.339381 4
0.339257 4
0.339213 4
0.339027 4
0.338853 4
0.338812 4
0.338774 4
0.338731 4
0.338730 4
0.338478 4
0.338285 4
0.337879 4
0.337375 4
0.337334 4
0.337016 4
0.336981 4
0.336676 4
0.336501 4
0.336044 4
0.335577 4
0.335424 4
0.335079 4
0.334321 4
0.334176 4
0.333948 4
0.333745 4
0.333535 4
0.333513 4
0.332441 4
0.332278 4
0.332248 4
0.332200 4
0.332130 4
0.331932 4
0.331813 4
0.331805 4
0.331691 4
0.331546 4
0.331210 4
0.331171 4
0.331086 4
0.331017 4
0.330804 4
0.330748 4
0.330577 4
0.330330 4
0.330156 4
0.330069 4
0.330012 4
0.329743 4
0.329628 4
0.329161 4
0.329108 4
0.329065 4
0.329035 4
0.329006 4
0.328700 4
0.328651 4
0.328637 4
0.328566 4
0.328516 4
0.328445 4
0.328269 4
0.327845 4
0.327776 4
0.327728 4
0.327090 4
0.326479 4
0.326205 4
0.325945 4
0.325937 4
0.325880 4
0.325653 4
0.325532 4
0.325160 4
0.324978 4
0.324771 4
0.324712 4
0.324694 4
0.323654 4
0.323357 4
0.323154 4
0.323132 4
0.322989 4
0.322930 4
0.322631 4
0.322475 4
0.322343 4
0.322206 4
0.322106 4
0.321968 4
0.321752 4
0.321550 4
0.321550 4
0.321458 4
0.321180 4
0.321037 4
0.320812 4
0.320751 4
0.320624 4
0.320449 4
0.320380 4
0.320136 4
0.319702 4
0.319680 4
0.319524 4
0.319111 4
0.318857 4
0.318737 4
0.318695 4
0.318679 4
0.318432 4
0.318300 4
0.318160 4
0.317775 4
0.317753 4
0.317717 4
0.317713 4
0.317534 4
0.317024 4
0.316876 4
0.316820 4
0.316639 4
0.316360 4
0.316339 4
0.316306 4
0.315982 4
0.315914 4
0.315837 4
0.315602 4
0.315576 4
0.315307 4
0.315150 4
0.315097 4
0.314872 4
0.314541 4
0.314205 4
0.314117 4
0.314038 4
0.313410 4
0.313387 4
0.312996 4
0.312597 4
0.311980 4
0.311953 4
0.311853 4
0.311770 4
0.311724 4
0.311619 4
0.311421 4
0.311316 4
0.311273 4
0.311141 4
0.310981 4
0.310680 4
0.310650 4
0.310633 4
0.310368 4
0.310243 4
0.310229 4
0.309744 4
0.309739 4
0.309585 4
0.309554 4
0.309344 4
0.309216 4
0.309005 4
0.308963 4
0.308951 4
0.308766 4
0.308585 4
0.307748 4
0.307379 4
0.306929 4
0.306670 4
0.306561 4
0.306184 4
0.306168 4
0.306150 4
0.306077 4
0.305653 4
0.305564 4
0.305400 4
0.305179 4
0.305087 4
0.304861 4
0.304799 4
0.304654 4
0.304487 4
0.304439 4
0.304226 4
0.303947 4
0.303670 4
0.303641 4
0.303304 4
0.303252 4
0.303173 4
0.303045 4
0.302490 4
0.302488 4
0.302355 4
0.302175 4
0.302030 4
0.302011 4
0.301800 4
0.301643 4
0.301398 4
0.301091 4
0.300992 4
0.300820 4
0.300498 4
0.300436 4
0.300124 4
0.299244 4
0.299161 4
0.299144 4
0.299122 4
0.298662 4
0.298297 4
0.298295 4
0.298132 4
0.298003 4
0.297994 4
0.297627 4
0.297255 4
0.297246 4
0.296990 4
0.296614 4
0.296266 4
0.295978 4
0.295882 4
0.295841 4
0.295812 4
0.295760 4
0.295380 4
0.295260 4
0.295141 4
0.295096 4
0.295071 4
0.294621 4
0.294618 4
0.294603 4
0.294389 4
0.294177 4
0.294096 4
0.294026 4
0.293882 4
0.293358 4
0.293347 4
0.293336 4
0.293258 4
0.293134 4
0.293000 4
0.292917 4
0.292871 4
0.292829 4
0.292258 4
0.292115 4
0.292031 4
0.292004 4
0.291867 3
0.291775 3
0.291718 3
0.291496 3
0.291368 3
0.291091 3
0.290367 3
0.289995 3
0.289958 3
0.289325 3
0.288996 3
0.288833 3
0.288581 3
0.288076 3
0.287982 3
0.287955 3
0.287909 3
0.287824 3
0.287772 3
0.287745 3
0.287405 3
0.287120 3
0.287016 3
0.286825 3
0.286813 3
0.286504 3
0.286481 3
0.286426 3
0.285833 3
0.285813 3
0.285594 3
0.285354 3
0.285248 3
0.285181 3
0.285148 3
0.284567 3
0.284507 3
0.284228 3
0.283960 3
0.283693 3
0.283475 3
0.282655 3
0.282551 3
0.282536 3
0.282468 3
0.282464 3
0.282317 3
0.282293 3
0.282186 3
0.282082 3
0.281978 3
0.281900 3
0.281728 3
0.281668 3
0.281641 3
0.281416 3
0.281127 3
0.280360 3
0.280223 3
0.279950 3
0.279831 3
0.279802 3
0.279624 3
0.279388 3
0.279216 3
0.279132 3
0.278953 3
0.278873 3
0.278722 3
0.278441 3
0.278294 3
0.277825 3
0.277547 3
0.276576 3
0.275900 3
0.275778 3
0.275673 3
0.275492 3
0.275338 3
0.275314 3
0.275240 3
0.275239 3
0.274992 3
0.274831 3
0.274731 3
0.274648 3
0.274463 3
0.274456 3
0.274409 3
0.274330 3
0.274316 3
0.274127 3
0.273652 3
0.273554 3
0.273513 3
0.273468 3
0.273437 3
0.273387 3
0.273208 3
0.273086 3
0.272938 3
0.272639 3
0.272306 3
0.272275 3
0.272115 3
0.272077 3
0.272059 3
0.271873 3
0.271502 3
0.271460 3
0.271286 3
0.271179 3
0.270670 3
0.270459 3
0.270392 3
0.270235 3
0.270221 3
0.270178 3
0.269988 3
0.269678 3
0.269669 3
0.269301 3
0.268778 3
0.268723 3
0.268595 3
0.268426 3
0.268176 3
0.268003 3
0.267908 3
0.267763 3
0.267485 3
0.267034 3
0.266877 3
0.266791 3
0.266433 3
0.266057 3
0.265870 3
0.265522 3
0.265492 3
0.265224 3
0.264924 3
0.264918 3
0.264727 3
0.264710 3
0.264684 3
0.264628 3
0.264624 3
0.264622 3
0.263957 3
0.263935 3
0.263843 3
0.263832 3
0.263819 3
0.263677 3
0.263631 3
0.263594 3
0.263531 3
0.263531 3
0.263231 3
0.262788 3
0.262786 3
0.262631 3
0.262361 3
0.262263 3
0.262163 3
0.261927 3
0.261877 3
0.261547 3
0.260714 3
0.260666 3
0.260612 3
0.260202 3
0.259986 3
0.259859 3
0.259799 3
0.259700 3
0.259279 3
0.259249 3
0.259117 3
0.258804 3
0.258645 3
0.257959 3
0.257869 3
0.257669 3
0.257636 3
0.257380 3
0.257327 3
0.256965 3
0.256625 3
0.256546 3
0.256117 3
0.255637 3
0.255454 3
0.255396 3
0.255394 3
0.255199 3
0.255023 3
0.254640 3
0.254432 3
0.254193 3
0.254160 3
0.253930 3
0.253901 3
0.253846 3
0.253676 3
0.253553 3
0.253406 3
0.253313 3
0.253308 3
0.253251 3
0.253163 3
0.252867 3
0.252771 3
0.252466 3
0.252394 3
0.252368 3
0.252169 3
0.251857 3
0.251554 3
0.251346 3
0.250795 3
0.250702 3
0.250693 3
0.250657 3
0.250652 3
0.250566 3
0.250435 3
0.249823 3
0.249806 3
0.249544 3
0.249513 3
0.249261 3
0.249155 3
0.249035 3
0.248671 3
0.248582 3
0.248560 3
0.248329 3
0.247900 3
0.247756 3
0.247650 2
0.247596 2
0.247508 2
0.247208 2
0.247143 2
0.247115 2
0.246859 2
0.246704 2
0.246617 2
0.246406 2
0.246085 2
0.245619 2
0.245355 2
0.245208 2
0.245172 2
0.245120 2
0.245096 2
0.244922 2
0.244803 2
0.244755 2
0.244636 2
0.244445 2
0.244358 2
0.244255 2
0.243983 2
0.243889 2
0.243627 2
0.243541 2
0.243378 2
0.243208 2
0.243065 2
0.242803 2
0.242453 2
0.242121 2
0.242072 2
0.242053 2
0.242034 2
0.241645 2
0.241497 2
0.241143 2
0.240913 2
0.240905 2
0.240682 2
0.240586 2
0.240469 2
0.240400 2
0.239929 2
0.239886 2
0.239150 2
0.238917 2
0.238788 2
0.238711 2
0.238275 2
0.238122 2
0.238111 2
0.237666 2
0.237563 2
0.237488 2
0.237467 2
0.237113 2
0.237040 2
0.236907 2
0.236719 2
0.236378 2
0.236356 2
0.236288 2
0.236229 2
0.235516 2
0.235496 2
0.235395 2
0.235295 2
0.235270 2
0.235240 2
0.234486 2
0.234196 2
0.234103 2
0.234055 2
0.233890 2
0.233890 2
0.233812 2
0.233791 2
0.233789 2
0.233145 2
0.233115 2
0.233057 2
0.232907 2
0.232897 2
0.232693 2
0.232350 2
0.232271 2
0.232078 2
0.231979 2
0.231887 2
0.231517 2
0.231151 2
0.231046 2
0.231036 2
0.230973 2
0.230931 2
0.230899 2
0.230672 2
0.230489 2
0.230488 2
0.230467 2
0.230424 2
0.230266 2
0.230084 2
0.230071 2
0.229716 2
0.229550 2
0.229395 2
0.229062 2
0.228493 2
0.228007 2
0.227965 2
0.227842 2
0.226928 2
0.226842 2
0.226771 2
0.226694 2
0.226567 2
0.226406 2
0.226396 2
0.225960 2
0.225293 2
0.224983 2
0.224805 2
0.224557 2
0.224148 2
0.224037 2
0.224032 2
0.224003 2
0.223980 2
0.223732 2
0.223628 2
0.223426 2
0.223414 2
0.223205 2
0.223126 2
0.223049 2
0.222959 2
0.222790 2
0.222724 2
0.222612 2
0.222325 2
0.222218 2
0.222192 2
0.222087 2
0.221989 2
0.221898 2
0.221805 2
0.221714 2
0.221539 2
0.221411 2
0.221400 2
0.221013 2
0.220533 2
0.220193 2
0.219580 2
0.219015 2
0.218938 2
0.218807 2
0.218572 2
0.218404 2
0.217837 2
0.217691 2
0.217674 2
0.217265 2
0.217160 2
0.217079 2
0.216626 2
0.216527 2
0.216246 2
0.216214 2
0.215570 2
0.215448 2
0.215404 2
0.215377 2
0.215083 2
0.214861 2
0.214768 2
0.214512 2
0.214442 2
0.213936 2
0.213916 2
0.213751 2
0.213704 2
0.213647 2
0.213553 2
0.213322 2
0.213269 2
0.212922 2
0.212910 2
0.212615 2
0.212536 2
0.212532 2
0.212375 2
0.212153 2
0.212059 2
0.211996 2
0.211935 2
0.211678 2
0.211565 2
0.211379 2
0.210345 2
0.209841 2
0.209784 2
0.209619 2
0.209560 2
0.209558 2
0.209414 2
0.209085 2
0.208758 2
0.208692 2
0.208425 2
0.208139 2
0.207896 2
0.207559 2
0.207484 2
0.207481 2
0.207267 2
0.207217 2
0.207167 2
0.206767 2
0.206590 2
0.206543 2
0.206288 2
0.206038 2
0.206018 2
0.205956 2
0.205586 2
0.205263 2
0.205131 2
0.205047 2
0.204904 2
0.204487 2
0.204311 2
0.204305 2
0.204245 2
0.204139 2
0.203923 2
0.203878 2
0.203515 2
0.203435 2
0.202582 2
0.202181 2
0.201858 2
0.201752 2
0.201631 2
0.201468 2
0.201245 2
0.201134 2
0.201114 2
0.201106 2
0.201060 2
0.200853 2
0.200584 2
0.200506 2
0.200496 2
0.200475 2
0.200435 2
0.200229 2
0.200174 2
0.200140 2
0.200062 2
0.199808 2
0.199653 2
0.199546 2
0.199538 2
0.199444 2
0.199365 2
0.199129 2
0.198623 2
0.198557 2
0.198161 2
0.198154 2
0.197879 2
0.197373 2
0.196828 2
0.196333 2
0.196322 2
0.196190 2
0.196085 2
0.195974 2
0.195962 2
0.195919 2
0.195767 2
0.195483 2
0.195270 2
0.195208 2
0.195106 2
0.194333 2
0.194206 2
0.193990 2
0.193959 2
0.193781 2
0.193753 2
0.193372 2
0.193299 2
0.193266 2
0.193085 2
0.193044 2
0.193023 2
0.192929 2
0.192757 2
0.192731 2
0.192497 2
0.192079 2
0.192025 2
0.191776 2
0.191368 2
0.190881 2
0.190798 2
0.190690 2
0.190664 2
0.190578 2
0.190550 2
0.190225 2
0.190204 2
0.190160 2
0.190146 2
0.189802 2
0.189626 2
0.188179 2
0.188092 2
0.187989 2
0.187732 2
0.187480 2
0.187350 2
0.187203 2
0.187159 2
0.187142 2
0.187107 2
0.186888 2
0.186790 2
0.186662 2
0.186300 2
0.186265 2
0.186103 2
0.185561 2
0.185536 2
0.184728 2
0.184399 2
0.184250 2
0.183070 2
0.183032 2
0.182943 2
0.182905 2
0.182879 2
0.182805 2
0.182727 2
0.182417 2
0.182358 2
0.182351 2
0.182275 2
0.182225 2
0.181886 2
0.181743 2
0.181542 2
0.181236 2
0.181182 2
0.181158 2
0.181048 2
0.180833 2
0.180656 2
0.180533 2
0.179869 2
0.179164 2
0.178886 2
0.178707 2
0.178650 2
0.178637 2
0.178522 2
0.178453 2
0.178062 2
0.178057 2
0.177969 2
0.177952 2
0.177787 2
0.177689 2
0.177660 2
0.177387 2
0.177325 2
0.177233 2
0.177034 2
0.176703 2
0.176653 2
0.176465 2
0.175838 2
0.175630 2
0.175564 2
0.175235 2
0.175115 2
0.174732 2
0.174714 2
0.174463 2
0.174383 2
0.174083 2
0.173760 2
0.173622 2
0.173617 2
0.173388 2
0.173359 2
0.173207 2
0.172763 2
0.172689 2
0.172623 2
0.172515 2
0.172493 2
0.172469 2
0.172296 2
0.172188 2
0.172025 2
0.171751 2
0.171339 2
0.171195 2
0.171088 2
0.171086 2
0.170907 2
0.170805 2
0.170797 2
0.170501 2
0.170340 2
0.170334 2
0.170271 2
0.170193 2
0.169237 2
0.168649 2
0.168382 2
0.168337 2
0.168336 2
0.168075 2
0.167980 2
0.167785 2
0.167662 2
0.167639 2
0.167493 2
0.167456 2
0.167182 2
0.167179 2
0.166891 2
0.166813 2
0.166673 2
0.166591 2
0.166503 2
0.165430 2
0.165365 2
0.165136 2
0.165017 2
0.164620 2
0.164496 2
0.164073 2
0.164064 2
0.163881 2
0.163422 2
0.163367 2
0.163333 2
0.163216 2
0.163187 2
0.163031 2
0.162999 2
0.162928 2
0.162770 2
0.162654 2
0.162467 2
0.162086 2
0.161991 2
0.161669 2
0.161578 2
0.161201 2
0.160651 2
0.160400 2
0.160075 2
0.159931 2
0.159775 2
0.159678 2
0.159590 2
0.159380 2
0.159277 2
0.159102 2
0.158559 2
0.158509 2
0.158376 2
0.158260 2
0.157959 2
0.157861 2
0.157705 2
0.157690 2
0.157519 2
0.157470 2
0.157379 2
0.157231 2
0.157076 2
0.157000 2
0.156502 2
0.156245 2
0.155886 2
0.155777 2
0.155751 2
0.155739 2
0.155478 2
0.155402 2
0.155116 2
0.155011 2
0.154858 2
0.154769 2
0.154765 2
0.154633 2
0.154364 2
0.154203 2
0.154000 2
0.153945 2
0.153908 2
0.153474 2
0.152928 2
0.152711 2
0.152503 2
0.152219 2
0.151929 2
0.150725 2
0.150609 2
0.150595 2
0.150448 2
0.150385 2
0.150194 2
0.150155 2
0.150054 2
0.149930 2
0.149853 2
0.149460 2
0.149398 2
0.149334 2
0.149233 2
0.149107 2
0.148878 2
0.148671 2
0.148383 2
0.147842 2
0.147666 2
0.147494 2
0.147434 2
0.147305 2
0.147266 2
0.146950 2
0.146846 2
0.146784 2
0.146626 2
0.146458 2
0.146368 2
0.146172 2
0.146167 2
0.145869 2
0.145615 2
0.144861 2
0.144600 2
0.144561 2
0.144137 2
0.143738 2
0.143620 2
0.143607 2
0.143569 2
0.143511 2
0.143339 2
0.143155 2
0.143120 2
0.143035 2
0.142811 2
0.142802 2
0.142590 2
0.142505 2
0.142487 2
0.142455 2
0.142318 2
0.142297 2
0.141950 2
0.141890 2
0.141421 2
0.141376 2
0.141351 2
0.141274 2
0.141142 2
0.140673 2
0.140421 2
0.139802 2
0.139619 2
0.139527 2
0.139375 2
0.139173 2
0.139134 2
0.139079 2
0.138980 2
0.138743 2
0.138531 2
0.138479 2
0.138307 2
0.138263 2
0.137900 2
0.137652 2
0.137573 2
0.137440 2
0.136931 2
0.136642 2
0.136372 2
0.136194 2
0.135996 2
0.135632 2
0.135522 2
0.135492 2
0.135076 2
0.134864 2
0.134790 2
0.134329 2
0.134241 2
0.134173 2
0.134148 2
0.134016 2
0.133771 2
0.133669 2
0.133435 2
0.133397 2
0.133383 2
0.133368 2
0.132886 2
0.132846 2
0.132828 2
0.132679 2
0.132553 2
0.132155 2
0.132143 2
0.131681 2
0.131666 2
0.131637 2
0.131406 2
0.131289 2
0.131011 2
0.130808 2
0.130304 2
0.129923 2
0.129420 2
0.129393 2
0.129218 2
0.129209 2
0.128978 2
0.128718 2
0.128691 2
0.128368 2
0.128281 2
0.128083 2
0.128077 2
0.127977 2
0.127968 2
0.127867 2
0.127776 2
0.127551 2
0.127510 2
0.127508 2
0.127151 2
0.127151 2
0.126802 2
0.126568 2
0.126161 2
0.124688 2
0.124400 2
0.124377 2
0.123682 2
0.123673 2
0.123310 2
0.123198 2
0.123001 2
0.122988 2
0.122966 2
0.122783 2
0.122756 2
0.122560 2
0.122554 2
0.122449 2
0.122237 2
0.121885 2
0.121650 2
0.121216 2
0.121181 2
0.121158 2
0.121002 2
0.120913 2
0.120849 2
0.120677 2
0.120597 2
0.120393 2
0.120198 2
0.120012 2
0.119987 2
0.119839 2
0.119612 2
0.119328 2
0.118761 2
0.118627 2
0.118538 2
0.118240 2
0.118193 2
0.118050 2
0.118026 2
0.117747 2
0.117455 2
0.117262 2
0.116940 2
0.116729 2
0.116508 2
0.116416 2
0.116147 2
0.116129 2
0.116066 2
0.115451 2
0.115362 2
0.115341 2
0.115305 2
0.115186 2
0.114739 2
0.114716 2
0.114612 2
0.114561 2
0.114493 2
0.114391 2
0.114368 2
0.114334 2
0.114293 2
0.113848 2
0.113656 2
0.113127 2
0.112640 2
0.112417 2
0.112080 2
0.112056 2
0.112001 2
0.111813 2
0.111715 2
0.111711 2
0.111680 2
0.111493 2
0.111434 2
0.111188 2
0.111007 2
0.110890 2
0.110860 2
0.110523 2
0.110284 2
0.109726 2
0.109208 2
0.109059 2
0.108987 2
0.108982 2
0.108902 2
0.108447 2
0.108390 2
0.108343 2
0.108237 2
0.107904 2
0.107499 2
0.107429 2
0.107383 2
0.107335 2
0.107259 2
0.107061 2
0.106994 2
0.106926 2
0.106758 2
0.106484 2
0.106306 2
0.106095 2
0.106048 2
0.106039 2
0.105935 2
0.105875 2
0.105552 2
0.105058 2
0.104978 2
0.104641 2
0.104632 2
0.104564 2
0.104241 2
0.104208 2
0.104093 2
0.103810 2
0.103103 2
0.102908 2
0.102866 2
0.102759 2
0.102749 2
0.102617 2
0.102596 2
0.102577 2
0.102463 2
0.102053 2
0.101787 2
0.101608 2
0.101558 2
0.101366 2
0.101121 2
0.100639 2
0.100586 2
0.100494 2
0.100410 2
0.100211 2
0.100117 2
0.100086 2
0.099913 2
0.099899 2
0.099885 2
0.099863 2
0.099428 2
0.098953 2
0.098782 2
0.098507 2
0.098390 2
0.097605 2
0.097390 2
0.097340 2
0.097282 2
0.096816 2
0.096815 2
0.096789 2
0.096586 2
0.096241 2
0.095934 2
0.095899 2
0.095782 2
0.095771 2
0.095491 2
0.095463 2
0.095451 2
0.095439 2
0.095049 2
0.094950 2
0.094443 2
0.094056 2
0.093980 2
0.093753 2
0.093489 2
0.093487 2
0.093068 2
0.092822 2
0.092537 2
0.092411 2
0.092355 2
0.092193 2
0.092063 2
0.091784 2
0.091773 2
0.091085 2
0.090956 2
0.090860 2
0.090797 2
0.090313 2
0.090287 2
0.090177 2
0.090146 2
0.090000 2
0.089697 2
0.089605 2
0.089139 2
0.089025 2
0.088795 2
0.088743 2
0.088666 2
0.088479 2
0.088205 2
0.088158 2
0.088035 2
0.087829 2
0.087333 2
0.087155 2
0.086994 2
0.086779 2
0.086778 2
0.086667 2
0.086372 2
0.086232 2
0.085989 2
0.085964 2
0.085409 2
0.084749 2
0.084497 2
0.084459 2
0.084316 2
0.084165 2
0.084159 2
0.084087 2
0.084061 2
0.083806 2
0.083802 2
0.083663 2
0.083638 2
0.083550 2
0.083426 2
0.083371 2
0.083291 2
0.083144 2
0.082964 2
0.082940 2
0.082930 2
0.082883 2
0.082879 2
0.082854 2
0.082766 2
0.082706 2
0.082024 2
0.082020 2
0.081970 2
0.081455 2
0.081406 2
0.081036 2
0.080814 2
0.080742 2
0.080580 2
0.080035 2
0.080011 2
0.079878 2
0.079675 2
0.079642 2
0.079463 2
0.079354 2
0.078380 2
0.078367 2
0.078200 2
0.078037 2
0.078028 2
0.077773 2
0.077119 2
0.077117 2
0.076777 2
0.076626 2
0.076265 2
0.076252 2
0.075935 2
0.075698 2
0.075528 2
0.075375 2
0.075310 2
0.075290 2
0.074986 2
0.074981 2
0.074852 2
0.074722 2
0.074698 2
0.074665 2
0.074626 2
0.074619 2
0.074532 2
0.074159 2
0.074153 2
0.074010 2
0.073156 2
0.072935 2
0.072724 2
0.072699 2
0.072439 2
0.072184 2
0.071953 2
0.071880 2
0.071842 2
0.071737 2
0.071565 2
0.071307 2
0.071045 2
0.070874 2
0.070507 2
0.070451 2
0.069444 2
0.069371 2
0.069294 2
0.069286 2
0.068827 2
0.068824 2
0.068665 2
0.068506 2
0.068421 2
0.068238 2
0.068148 2
0.068123 2
0.067972 2
0.067922 2
0.067778 2
0.067303 2
0.066816 2
0.066653 2
0.066477 2
0.066458 2
0.066456 2
0.066444 2
0.066383 2
0.066268 2
0.066139 2
0.065701 2
0.065558 2
0.065438 2
0.065178 2
0.065083 2
0.065067 2
0.065001 2
0.064908 2
0.064893 2
0.064560 2
0.064350 2
0.064014 2
0.063973 2
0.063852 2
0.063801 2
0.063318 2
0.063257 2
0.063019 2
0.062993 2
0.062459 2
0.062358 2
0.062339 2
0.062060 2
0.062045 2
0.061669 2
0.061510 2
0.061450 2
0.061170 2
0.061056 2
0.060849 2
0.060475 2
0.060433 2
0.060248 2
0.060127 2
0.060060 2
0.060001 2
0.059923 2
0.059695 2
0.059663 2
0.059565 2
0.058952 2
0.058882 2
0.058491 2
0.058099 2
0.058045 2
0.057740 2
0.057667 2
0.057238 2
0.057163 2
0.057090 2
0.056791 2
0.056187 2
0.056066 2
0.055728 2
0.054828 2
0.054655 2
0.054465 2
0.054182 2
0.053822 2
0.053793 2
0.053751 2
0.053729 2
0.053662 2
0.053378 2
0.053324 2
0.053256 2
0.053204 2
0.053155 2
0.052811 2
0.052634 2
0.052604 2
0.052471 2
0.052175 2
0.052082 2
0.052021 2
0.051894 2
0.051790 2
0.051424 2
0.051265 2
0.050914 2
0.050832 2
0.050794 2
0.050690 2
0.050534 2
0.050408 2
0.050334 2
0.050209 2
0.049807 2
0.049626 2
0.049421 2
0.049284 2
0.049000 2
0.048977 2
0.048974 2
0.048961 2
0.048950 2
0.048769 2
0.048641 2
0.048557 2
0.048442 2
0.048369 2
0.048320 2
0.048291 2
0.048228 2
0.048154 2
0.048060 2
0.047900 2
0.047855 2
0.047760 2
0.047716 2
0.047586 2
0.047335 2
0.047130 2
0.046623 2
0.046477 2
0.046419 2
0.046144 2
0.046122 2
0.045839 2
0.045386 2
0.045247 2
0.044996 2
0.044704 2
0.044676 2
0.044352 2
0.043902 2
0.043879 2
0.043146 2
0.043095 2
0.043002 2
0.042972 2
0.042652 2
0.042621 2
0.042412 2
0.042308 2
0.042249 2
0.042213 2
0.041929 2
0.041788 2
0.041786 2
0.041660 2
0.041232 2
0.041218 2
0.041153 2
0.041007 2
0.040749 2
0.040565 2
0.040336 2
0.039995 2
0.039602 2
0.039398 2
0.039336 2
0.039314 2
0.039132 2
0.038975 2
0.038839 2
0.038793 2
0.038790 2
0.038691 2
0.038362 2
0.037907 2
0.037703 2
0.037552 2
0.037245 2
0.037075 2
0.037008 2
0.036815 2
0.036655 2
0.035947 2
0.035907 2
0.035841 2
0.035745 2
0.035635 1
0.035288 1
0.035169 1
0.035080 1
0.034990 1
0.034803 1
0.034567 1
0.034331 1
0.034035 1
0.033810 1
0.033355 1
0.033244 1
0.033013 1
0.032986 1
0.032982 1
0.032577 1
0.032447 1
0.032421 1
0.032346 1
0.032158 1
0.032137 1
0.031899 1
0.031752 1
0.031574 1
0.030771 1
0.030682 1
0.030455 1
0.030404 1
0.030191 1
0.030162 1
0.029880 1
0.029567 1
0.029370 1
0.029342 1
0.028738 1
0.028214 1
0.028141 1
0.027920 1
0.027904 1
0.027696 1
0.026881 1
0.026869 1
0.026855 1
0.026719 1
0.026686 1
0.026646 1
0.026495 1
0.026386 1
0.026346 1
0.026165 1
0.026023 1
0.025439 1
0.025413 1
0.025123 1
0.024985 1
0.024934 1
0.024931 1
0.024673 1
0.024614 1
0.024340 1
0.024311 1
0.024302 1
0.023845 1
0.023778 1
0.023644 1
0.023643 1
0.023180 1
0.023002 1
0.022826 1
0.022540 1
0.022029 1
0.022019 1
0.021948 1
0.021870 1
0.021736 1
0.021453 1
0.021308 1
0.021289 1
0.021247 1
0.021067 1
0.020815 1
0.020787 1
0.020487 1
0.020343 1
0.019988 1
0.019955 1
0.019681 1
0.019398 1
0.019188 1
0.019117 1
0.018927 1
0.018693 1
0.018676 1
0.018618 1
0.018331 1
0.018315 1
0.018198 1
0.018031 1
0.017936 1
0.017893 1
0.017538 1
0.017445 1
0.017260 1
0.017156 1
0.016696 1
0.016527 1
0.016499 1
0.016421 1
0.016096 1
0.015704 1
0.015638 1
0.015089 1
0.014634 1
0.014500 1
0.014481 1
0.014350 1
0.014191 1
0.014183 1
0.013953 1
0.013934 1
0.013729 1
0.013703 1
0.012793 1
0.012787 1
0.012552 1
0.012220 1
0.012102 1
0.011510 1
0.011382 1
0.011246 1
0.010852 1
0.010791 1
0.010057 1
0.010031 1
0.009912 1
0.009855 1
0.009801 1
0.009750 1
0.009582 1
0.009292 1
0.009134 1
0.009054 1
0.009047 1
0.008977 0
0.008934 0
0.008924 0
