0.972508 2111
0.972470 2110
0.972457 2109
0.972455 2108
0.972433 2107
0.972428 2106
0.972394 2105
0.972367 2104
0.972332 2103
0.972316 2102
0.972303 2101
0.972293 2100
0.972293 2099
0.972290 2098
0.972279 2097
0.972246 2096
0.972208 2095
0.972189 2094
0.972187 2093
0.972179 2092
0.972178 2091
0.972167 2090
0.972156 2089
0.972150 2088
0.972143 2087
0.972136 2086
0.972098 2085
0.972092 2084
0.972090 2083
0.972089 2082
0.972082 2081
0.972078 2080
0.972073 2079
0.972071 2078
0.972058 2076
0.972051 2075
0.972047 2074
0.971995 2073
0.971991 2072
0.971983 2071
0.971976 2070
0.971957 2069
0.971932 2068
0.971928 2067
0.971920 2066
0.971904 2065
0.971849 2064
0.971847 2063
0.971845 2062
0.971818 2061
0.971812 2060
0.971792 2059
0.971779 2058
0.971771 2057
0.971733 2056
0.971728 2055
0.971723 2054
0.971712 2053
0.971707 2052
0.971691 2051
0.971666 2050
0.971664 2049
0.971650 2048
0.971641 2047
0.971634 2046
0.971632 2045
0.971597 2044
0.971589 2043
0.971576 2042
0.971562 2042
0.971557 2041
0.971499 2040
0.971496 2039
0.971434 2038
0.971430 2037
0.971421 2036
0.971419 2035
0.971415 2034
0.971409 2033
0.971402 2032
0.971385 2031
0.971383 2030
0.971330 2029
0.971311 2028
0.971296 2027
0.971281 2026
0.971262 2025
0.971261 2024
0.971238 2023
0.971219 2022
0.971174 2021
0.971142 2020
0.971137 2019
0.971120 2018
0.971067 2017
0.971046 2016
0.971029 2015
0.971003 2014
0.970939 2013
0.970918 2012
0.970917 2011
0.970910 2010
0.970891 2010
0.970889 2009
0.970885 2008
0.970882 2007
0.970864 2006
0.970860 2005
0.970849 2004
0.970830 2003
0.970828 2002
0.970826 2001
0.970802 2000
0.970800 1999
0.970798 1998
0.970786 1997
0.970784 1996
0.970783 1995
0.970782 1994
0.970779 1993
0.970777 1992
0.970749 1991
0.970737 1990
0.970701 1989
0.970662 1988
0.970642 1987
0.970631 1986
0.970579 1985
0.970570 1984
0.970548 1983
0.970543 1982
0.970539 1981
0.970533 1980
0.970521 1979
0.970492 1978
0.970464 1977
0.970422 1976
0.970417 1975
0.970400 1974
0.970390 1973
0.970371 1972
0.970340 1971
0.970337 1970
0.970299 1969
0.970288 1968
0.970271 1967
0.970266 1966
0.970246 1965
0.970230 1964
0.970220 1963
0.970220 1962
0.970219 1961
0.970213 1960
0.970210 1959
0.970208 1958
0.970207 1957
0.970188 1956
0.970169 1955
0.970161 1954
0.970153 1953
0.970127 1952
0.970121 1951
0.970090 1950
0.970090 1949
0.970066 1948
0.970039 1947
0.970039 1946
0.970033 1945
0.970033 1944
0.970022 1943
0.970017 1942
0.969989 1941
0.969985 1940
0.969956 1939
0.969949 1938
0.969938 1937
0.969920 1936
0.969915 1935
0.969886 1934
0.969846 1933
0.969835 1932
0.969833 1931
0.969829 1931
0.969825 1930
0.969804 1929
0.969796 1928
0.969777 1927
0.969731 1926
0.969719 1925
0.969715 1924
0.969685 1923
0.969682 1922
0.969667 1921
0.969641 1920
0.969641 1919
0.969629 1918
0.969626 1917
0.969621 1916
0.969613 1915
0.969611 1914
0.969606 1913
0.969604 1912
0.969597 1911
0.969597 1910
0.969580 1909
0.969541 1908
0.969529 1907
0.969523 1906
0.969513 1905
0.969513 1905
0.969510 1904
0.969507 1903
0.969435 1902
0.969433 1901
0.969420 1900
0.969416 1899
0.969412 1898
0.969410 1897
0.969408 1896
0.969403 1895
0.969396 1894
0.969387 1893
0.969356 1892
0.969343 1891
0.969318 1890
0.969312 1889
0.969312 1888
0.969302 1887
0.969281 1886
0.969274 1885
0.969265 1884
0.969258 1883
0.969246 1882
0.969237 1881
0.969216 1880
0.969201 1879
0.969183 1878
0.969183 1877
0.969173 1876
0.969145 1875
0.969136 1874
0.969127 1873
0.969126 1872
0.969100 1871
0.969095 1870
0.969075 1869
0.969073 1868
0.969064 1867
0.969053 1866
0.969046 1865
0.969042 1864
0.969017 1863
0.969000 1862
0.968988 1861
0.968988 1860
0.968962 1859
0.968954 1858
0.968952 1857
0.968952 1855
0.968913 1854
0.968910 1853
0.968902 1852
0.968886 1851
0.968869 1850
0.968869 1849
0.968858 1848
0.968836 1847
0.968834 1846
0.968827 1845
0.968819 1845
0.968812 1844
0.968808 1843
0.968808 1842
0.968765 1841
0.968739 1840
0.968736 1839
0.968730 1838
0.968727 1837
0.968712 1836
0.968698 1835
0.968695 1834
0.968692 1833
0.968680 1832
0.968676 1831
0.968672 1830
0.968648 1829
0.968637 1828
0.968631 1827
0.968622 1826
0.968612 1825
0.968596 1824
0.968581 1823
0.968576 1822
0.968571 1821
0.968570 1820
0.968565 1819
0.968554 1818
0.968543 1817
0.968529 1816
0.968527 1815
0.968520 1814
0.968510 1813
0.968508 1812
0.968507 1811
0.968493 1810
0.968493 1809
0.968493 1808
0.968491 1807
0.968486 1806
0.968457 1805
0.968443 1804
0.968428 1803
0.968428 1802
0.968423 1801
0.968411 1800
0.968407 1799
0.968403 1798
0.968385 1797
0.968381 1796
0.968372 1795
0.968364 1794
0.968363 1793
0.968346 1792
0.968338 1791
0.968327 1790
0.968325 1789
0.968319 1788
0.968313 1787
0.968295 1785
0.968273 1784
0.968264 1783
0.968259 1782
0.968245 1781
0.968231 1780
0.968221 1779
0.968207 1778
0.968201 1777
0.968200 1776
0.968199 1775
0.968195 1774
0.968183 1773
0.968177 1772
0.968173 1771
0.968162 1770
0.968160 1769
0.968155 1768
0.968149 1767
0.968131 1766
0.968119 1765
0.968119 1764
0.968113 1763
0.968111 1762
0.968101 1761
0.968093 1760
0.968083 1759
0.968068 1758
0.968058 1757
0.968048 1756
0.968039 1755
0.968030 1754
0.968002 1753
0.967976 1752
0.967970 1751
0.967947 1750
0.967945 1749
0.967943 1748
0.967932 1747
0.967909 1746
0.967902 1745
0.967901 1744
0.967885 1743
0.967883 1742
0.967876 1741
0.967871 1740
0.967870 1739
0.967863 1738
0.967859 1737
0.967842 1736
0.967837 1735
0.967835 1734
0.967804 1733
0.967795 1732
0.967795 1731
0.967771 1730
0.967754 1729
0.967722 1728
0.967721 1727
0.967713 1726
0.967710 1725
0.967701 1724
0.967670 1723
0.967658 1722
0.967652 1721
0.967636 1720
0.967635 1719
0.967609 1718
0.967607 1717
0.967580 1716
0.967564 1715
0.967553 1714
0.967540 1713
0.967540 1712
0.967537 1711
0.967519 1710
0.967510 1709
0.967498 1708
0.967496 1707
0.967496 1706
0.967495 1705
0.967450 1704
0.967448 1703
0.967444 1702
0.967437 1701
0.967436 1700
0.967430 1699
0.967423 1698
0.967422 1697
0.967390 1696
0.967382 1695
0.967382 1694
0.967379 1693
0.967375 1692
0.967373 1691
0.967369 1690
0.967355 1689
0.967345 1688
0.967333 1687
0.967324 1686
0.967324 1685
0.967321 1684
0.967313 1683
0.967306 1682
0.967293 1681
0.967282 1680
0.967280 1679
0.967277 1678
0.967274 1677
0.967270 1676
0.967267 1675
0.967261 1674
0.967255 1673
0.967252 1672
0.967244 1671
0.967240 1670
0.967229 1669
0.967211 1668
0.967210 1667
0.967188 1666
0.967184 1665
0.967181 1664
0.967173 1663
0.967173 1662
0.967171 1661
0.967170 1660
0.967170 1659
0.967141 1658
0.967131 1657
0.967118 1656
0.967117 1655
0.967115 1654
0.967113 1653
0.967110 1652
0.967107 1651
0.967105 1650
0.967104 1649
0.967102 1648
0.967101 1647
0.967075 1646
0.967073 1645
0.967066 1644
0.967060 1643
0.967044 1642
0.967044 1641
0.967040 1640
0.967036 1639
0.967008 1638
0.967002 1638
0.966996 1637
0.966989 1636
0.966987 1635
0.966987 1633
0.966984 1632
0.966970 1631
0.966962 1630
0.966953 1629
0.966949 1628
0.966948 1627
0.966937 1626
0.966932 1625
0.966931 1624
0.966925 1623
0.966925 1622
0.966922 1621
0.966911 1620
0.966911 1619
0.966910 1618
0.966898 1617
0.966892 1616
0.966890 1615
0.966883 1614
0.966876 1613
0.966874 1612
0.966856 1611
0.966854 1610
0.966822 1609
0.966818 1608
0.966817 1607
0.966809 1606
0.966804 1605
0.966794 1604
0.966789 1603
0.966780 1602
0.966739 1601
0.966729 1600
0.966724 1599
0.966724 1598
0.966716 1597
0.966716 1596
0.966706 1595
0.966687 1594
0.966683 1593
0.966682 1592
0.966671 1591
0.966671 1591
0.966656 1590
0.966654 1589
0.966653 1588
0.966644 1587
0.966637 1586
0.966637 1585
0.966635 1584
0.966634 1583
0.966623 1582
0.966619 1581
0.966610 1580
0.966598 1579
0.966598 1578
0.966588 1577
0.966582 1576
0.966582 1575
0.966552 1574
0.966531 1573
0.966521 1572
0.966509 1571
0.966506 1570
0.966504 1569
0.966500 1568
0.966499 1567
0.966497 1566
0.966495 1565
0.966479 1564
0.966473 1563
0.966466 1562
0.966465 1561
0.966462 1560
0.966457 1559
0.966453 1558
0.966453 1557
0.966449 1556
0.966434 1555
0.966432 1555
0.966424 1555
0.966418 1554
0.966416 1552
0.966412 1551
0.966396 1551
0.966392 1550
0.966383 1549
0.966380 1549
0.966364 1548
0.966354 1547
0.966343 1547
0.966320 1546
0.966315 1545
0.966314 1544
0.966308 1543
0.966296 1542
0.966295 1541
0.966293 1540
0.966289 1539
0.966282 1538
0.966281 1537
0.966271 1536
0.966268 1535
0.966267 1534
0.966252 1533
0.966249 1532
0.966243 1531
0.966233 1530
0.966228 1529
0.966223 1528
0.966212 1527
0.966202 1526
0.966202 1525
0.966192 1524
0.966182 1523
0.966179 1522
0.966178 1521
0.966152 1520
0.966151 1518
0.966144 1517
0.966136 1516
0.966104 1515
0.966099 1514
0.966099 1513
0.966096 1512
0.966094 1511
0.966091 1510
0.966090 1509
0.966087 1508
0.966054 1507
0.966051 1506
0.966047 1505
0.966042 1504
0.966037 1503
0.966036 1502
0.966036 1501
0.966033 1500
0.966021 1499
0.966021 1498
0.966016 1497
0.966002 1496
0.965996 1495
0.965987 1494
0.965985 1493
0.965976 1492
0.965975 1491
0.965966 1490
0.965957 1489
0.965954 1488
0.965951 1487
0.965949 1486
0.965943 1485
0.965939 1485
0.965938 1484
0.965928 1483
0.965924 1482
0.965924 1481
0.965916 1480
0.965911 1479
0.965900 1478
0.965897 1477
0.965891 1476
0.965890 1475
0.965885 1474
0.965883 1473
0.965877 1472
0.965876 1471
0.965876 1470
0.965863 1469
0.965848 1468
0.965827 1467
0.965827 1466
0.965825 1465
0.965817 1464
0.965815 1463
0.965806 1462
0.965806 1462
0.965793 1462
0.965789 1461
0.965788 1460
0.965775 1459
0.965773 1458
0.965764 1457
0.965761 1456
0.965761 1455
0.965740 1454
0.965718 1453
0.965710 1452
0.965699 1451
0.965679 1450
0.965671 1449
0.965667 1448
0.965664 1447
0.965660 1446
0.965654 1445
0.965652 1444
0.965649 1443
0.965635 1443
0.965618 1442
0.965613 1441
0.965610 1440
0.965609 1439
0.965601 1438
0.965594 1437
0.965583 1436
0.965537 1435
0.965536 1435
0.965529 1434
0.965525 1433
0.965525 1432
0.965521 1431
0.965520 1430
0.965519 1429
0.965500 1428
0.965500 1427
0.965482 1426
0.965478 1425
0.965473 1424
0.965454 1423
0.965421 1422
0.965420 1421
0.965417 1420
0.965417 1419
0.965415 1418
0.965413 1417
0.965409 1416
0.965387 1415
0.965382 1414
0.965379 1413
0.965376 1412
0.965372 1411
0.965366 1410
0.965364 1409
0.965349 1408
0.965342 1407
0.965342 1406
0.965340 1405
0.965338 1404
0.965331 1403
0.965325 1402
0.965311 1401
0.965292 1400
0.965285 1399
0.965279 1398
0.965270 1397
0.965261 1396
0.965232 1395
0.965229 1394
0.965219 1393
0.965215 1392
0.965214 1391
0.965200 1390
0.965182 1389
0.965173 1388
0.965171 1387
0.965168 1386
0.965167 1385
0.965141 1384
0.965141 1383
0.965136 1382
0.965122 1381
0.965121 1380
0.965116 1379
0.965106 1378
0.965099 1377
0.965099 1376
0.965096 1375
0.965095 1374
0.965086 1373
0.965075 1373
0.965071 1372
0.965069 1371
0.965065 1370
0.965065 1369
0.965062 1368
0.965054 1367
0.965049 1366
0.965045 1365
0.965044 1364
0.965041 1363
0.965038 1362
0.965030 1361
0.965025 1360
0.965019 1359
0.965018 1358
0.965013 1357
0.965010 1356
0.965009 1355
0.965005 1354
0.964983 1353
0.964978 1352
0.964976 1351
0.964970 1349
0.964969 1348
0.964968 1347
0.964965 1346
0.964956 1345
0.964954 1344
0.964948 1344
0.964940 1343
0.964940 1342
0.964935 1341
0.964933 1340
0.964931 1339
0.964930 1338
0.964907 1337
0.964906 1336
0.964902 1335
0.964899 1334
0.964885 1333
0.964880 1332
0.964879 1331
0.964871 1330
0.964868 1329
0.964854 1328
0.964844 1327
0.964834 1326
0.964816 1326
0.964812 1325
0.964808 1324
0.964808 1323
0.964800 1322
0.964794 1321
0.964785 1320
0.964778 1319
0.964774 1318
0.964769 1317
0.964757 1316
0.964757 1315
0.964740 1314
0.964734 1313
0.964733 1312
0.964725 1311
0.964724 1310
0.964713 1309
0.964698 1308
0.964690 1307
0.964689 1306
0.964689 1305
0.964680 1304
0.964668 1303
0.964662 1302
0.964659 1301
0.964647 1300
0.964644 1299
0.964642 1298
0.964638 1297
0.964631 1296
0.964631 1295
0.964629 1294
0.964619 1293
0.964618 1292
0.964617 1291
0.964614 1290
0.964609 1289
0.964595 1288
0.964594 1287
0.964593 1286
0.964589 1285
0.964584 1284
0.964558 1283
0.964554 1282
0.964552 1281
0.964543 1280
0.964534 1279
0.964527 1278
0.964521 1277
0.964519 1276
0.964512 1275
0.964506 1274
0.964473 1273
0.964465 1272
0.964440 1271
0.964436 1270
0.964429 1269
0.964417 1268
0.964414 1267
0.964409 1266
0.964395 1265
0.964386 1264
0.964375 1263
0.964368 1262
0.964367 1262
0.964366 1261
0.964363 1260
0.964350 1259
0.964332 1258
0.964329 1257
0.964323 1256
0.964316 1255
0.964302 1254
0.964299 1253
0.964281 1252
0.964264 1251
0.964258 1250
0.964252 1249
0.964237 1248
0.964230 1247
0.964214 1245
0.964212 1244
0.964211 1243
0.964206 1242
0.964199 1241
0.964192 1240
0.964152 1239
0.964142 1238
0.964131 1237
0.964115 1236
0.964114 1235
0.964103 1234
0.964095 1233
0.964091 1232
0.964089 1232
0.964088 1231
0.964086 1230
0.964083 1229
0.964070 1228
0.964069 1227
0.964062 1226
0.964060 1225
0.964043 1224
0.964041 1223
0.964031 1222
0.964023 1221
0.964019 1220
0.964016 1219
0.964016 1218
0.964007 1217
0.964001 1216
0.963992 1215
0.963991 1214
0.963975 1213
0.963975 1212
0.963971 1211
0.963937 1210
0.963931 1209
0.963922 1208
0.963917 1207
0.963915 1206
0.963909 1205
0.963904 1204
0.963904 1203
0.963903 1202
0.963900 1201
0.963887 1201
0.963887 1200
0.963882 1199
0.963878 1198
0.963875 1197
0.963875 1196
0.963874 1195
0.963872 1194
0.963860 1193
0.963859 1192
0.963859 1191
0.963850 1191
0.963850 1190
0.963846 1189
0.963846 1188
0.963835 1187
0.963818 1186
0.963813 1185
0.963808 1184
0.963801 1183
0.963797 1182
0.963788 1181
0.963779 1180
0.963759 1179
0.963752 1178
0.963744 1177
0.963742 1176
0.963740 1175
0.963691 1174
0.963679 1173
0.963662 1172
0.963659 1171
0.963651 1170
0.963636 1169
0.963632 1168
0.963629 1167
0.963627 1166
0.963622 1165
0.963617 1164
0.963615 1163
0.963609 1162
0.963609 1161
0.963604 1160
0.963583 1159
0.963579 1158
0.963574 1157
0.963568 1156
0.963557 1155
0.963549 1154
0.963548 1153
0.963532 1152
0.963531 1151
0.963517 1150
0.963505 1149
0.963505 1148
0.963486 1147
0.963478 1146
0.963476 1145
0.963475 1144
0.963472 1143
0.963466 1142
0.963462 1141
0.963462 1140
0.963458 1139
0.963449 1138
0.963439 1137
0.963438 1136
0.963431 1135
0.963420 1134
0.963417 1133
0.963404 1132
0.963399 1131
0.963398 1130
0.963385 1129
0.963372 1128
0.963359 1127
0.963353 1126
0.963348 1125
0.963344 1124
0.963342 1123
0.963341 1122
0.963337 1121
0.963336 1120
0.963335 1119
0.963323 1118
0.963316 1117
0.963315 1116
0.963315 1115
0.963311 1114
0.963305 1113
0.963302 1112
0.963296 1111
0.963293 1111
0.963259 1110
0.963259 1109
0.963256 1108
0.963255 1107
0.963254 1106
0.963253 1105
0.963246 1104
0.963235 1103
0.963225 1102
0.963223 1101
0.963215 1100
0.963208 1099
0.963195 1097
0.963192 1096
0.963170 1095
0.963169 1094
0.963167 1093
0.963165 1092
0.963159 1091
0.963158 1090
0.963151 1089
0.963146 1088
0.963125 1087
0.963112 1086
0.963093 1085
0.963093 1084
0.963086 1083
0.963084 1082
0.963076 1081
0.963068 1080
0.963065 1079
0.963060 1078
0.963059 1077
0.963050 1076
0.963047 1075
0.963036 1074
0.963020 1073
0.963017 1072
0.963015 1071
0.963012 1070
0.962995 1069
0.962994 1068
0.962961 1067
0.962956 1066
0.962955 1065
0.962953 1064
0.962942 1063
0.962940 1062
0.962934 1061
0.962932 1060
0.962930 1059
0.962928 1058
0.962927 1057
0.962923 1056
0.962889 1055
0.962884 1054
0.962876 1053
0.962852 1052
0.962848 1051
0.962845 1050
0.962832 1049
0.962832 1048
0.962812 1047
0.962809 1046
0.962806 1045
0.962803 1044
0.962799 1043
0.962799 1042
0.962790 1041
0.962789 1040
0.962787 1039
0.962774 1038
0.962768 1037
0.962732 1036
0.962731 1035
0.962728 1034
0.962725 1033
0.962723 1032
0.962721 1031
0.962714 1030
0.962712 1029
0.962710 1028
0.962708 1027
0.962703 1026
0.962688 1025
0.962685 1024
0.962682 1023
0.962681 1022
0.962671 1021
0.962670 1020
0.962639 1019
0.962637 1018
0.962632 1017
0.962626 1016
0.962603 1015
0.962603 1014
0.962601 1013
0.962594 1012
0.962588 1011
0.962584 1011
0.962583 1010
0.962579 1009
0.962569 1008
0.962567 1007
0.962566 1006
0.962566 1005
0.962564 1004
0.962554 1003
0.962526 1002
0.962520 1001
0.962519 1000
0.962517 999
0.962515 998
0.962513 997
0.962505 996
0.962497 995
0.962496 994
0.962493 993
0.962478 992
0.962460 991
0.962459 990
0.962452 989
0.962447 988
0.962406 987
0.962406 986
0.962406 985
0.962405 984
0.962405 983
0.962388 982
0.962379 981
0.962369 980
0.962369 979
0.962365 978
0.962361 977
0.962360 976
0.962352 976
0.962347 975
0.962345 974
0.962339 973
0.962334 972
0.962333 971
0.962304 970
0.962302 970
0.962278 969
0.962276 968
0.962247 967
0.962231 967
0.962215 967
0.962191 966
0.962174 965
0.962173 964
0.962158 963
0.962149 962
0.962126 961
0.962115 960
0.962115 959
0.962084 958
0.962078 958
0.962073 957
0.962073 956
0.962028 955
0.962025 954
0.962023 953
0.962015 952
0.962003 951
0.961996 950
0.961992 949
0.961990 948
0.961961 947
0.961961 946
0.961957 945
0.961956 944
0.961943 944
0.961937 943
0.961934 942
0.961904 941
0.961898 940
0.961896 939
0.961872 938
0.961863 937
0.961859 936
0.961834 935
0.961827 935
0.961817 934
0.961810 933
0.961804 932
0.961801 931
0.961793 930
0.961777 929
0.961772 928
0.961761 928
0.961760 927
0.961758 926
0.961757 925
0.961732 924
0.961713 923
0.961707 922
0.961707 921
0.961698 920
0.961697 919
0.961694 918
0.961692 917
0.961685 916
0.961684 915
0.961670 914
0.961670 913
0.961669 913
0.961655 912
0.961654 911
0.961648 910
0.961644 909
0.961630 908
0.961594 907
0.961584 906
0.961571 905
0.961566 904
0.961544 903
0.961535 902
0.961524 901
0.961510 900
0.961493 900
0.961486 899
0.961478 898
0.961473 897
0.961468 896
0.961449 895
0.961433 894
0.961407 893
0.961405 892
0.961388 891
0.961384 890
0.961376 889
0.961372 888
0.961371 887
0.961366 886
0.961357 885
0.961348 884
0.961329 883
0.961315 882
0.961301 881
0.961284 880
0.961278 879
0.961274 878
0.961238 877
0.961211 876
0.961202 875
0.961196 874
0.961192 873
0.961191 872
0.961188 871
0.961179 870
0.961175 869
0.961169 868
0.961166 867
0.961166 866
0.961164 865
0.961155 864
0.961135 863
0.961124 862
0.961116 861
0.961109 860
0.961109 859
0.961094 858
0.961093 857
0.961087 856
0.961083 855
0.961072 854
0.961062 853
0.961061 852
0.961051 851
0.961040 850
0.961013 850
0.961000 849
0.960996 848
0.960963 847
0.960962 846
0.960959 845
0.960948 844
0.960927 843
0.960924 842
0.960921 841
0.960914 840
0.960901 839
0.960899 838
0.960895 837
0.960890 836
0.960881 835
0.960881 834
0.960864 833
0.960862 832
0.960851 831
0.960848 830
0.960829 829
0.960814 828
0.960799 827
0.960784 826
0.960784 825
0.960763 824
0.960740 823
0.960738 822
0.960734 821
0.960730 820
0.960723 819
0.960722 818
0.960700 817
0.960692 816
0.960690 815
0.960685 814
0.960679 813
0.960676 812
0.960674 811
0.960665 810
0.960663 809
0.960646 808
0.960638 807
0.960622 807
0.960614 806
0.960606 805
0.960603 804
0.960593 803
0.960588 802
0.960587 801
0.960587 800
0.960572 799
0.960559 798
0.960551 797
0.960548 796
0.960539 795
0.960525 794
0.960508 793
0.960468 792
0.960462 791
0.960455 790
0.960447 789
0.960445 788
0.960433 787
0.960409 786
0.960408 785
0.960385 784
0.960354 783
0.960350 782
0.960338 781
0.960319 780
0.960299 779
0.960299 778
0.960285 777
0.960281 776
0.960245 775
0.960232 774
0.960229 773
0.960228 772
0.960228 771
0.960214 770
0.960203 770
0.960199 769
0.960196 768
0.960195 767
0.960189 766
0.960176 765
0.960171 764
0.960141 763
0.960128 762
0.960125 761
0.960109 760
0.960078 759
0.960054 758
0.960018 757
0.960015 756
0.960002 755
0.959990 755
0.959956 755
0.959947 754
0.959903 753
0.959899 752
0.959876 751
0.959875 750
0.959873 749
0.959866 748
0.959865 747
0.959860 746
0.959857 745
0.959852 744
0.959852 743
0.959846 742
0.959837 741
0.959824 740
0.959812 739
0.959795 738
0.959791 737
0.959779 736
0.959778 735
0.959771 734
0.959767 733
0.959766 732
0.959764 731
0.959755 730
0.959745 729
0.959743 728
0.959736 727
0.959713 726
0.959695 725
0.959689 724
0.959626 723
0.959619 722
0.959612 721
0.959612 720
0.959597 719
0.959573 718
0.959553 717
0.959534 717
0.959519 717
0.959493 716
0.959493 715
0.959487 714
0.959485 713
0.959468 712
0.959449 710
0.959432 709
0.959394 708
0.959382 707
0.959357 706
0.959346 705
0.959324 704
0.959311 703
0.959275 702
0.959264 701
0.959259 700
0.959258 699
0.959255 698
0.959248 697
0.959248 696
0.959242 695
0.959237 694
0.959221 693
0.959188 692
0.959177 692
0.959173 691
0.959169 690
0.959165 689
0.959158 688
0.959153 687
0.959152 686
0.959143 686
0.959142 685
0.959117 684
0.959113 683
0.959095 682
0.959069 681
0.959065 680
0.959058 679
0.959056 678
0.959050 677
0.959048 676
0.959031 675
0.959026 674
0.958971 673
0.958971 672
0.958963 671
0.958959 670
0.958943 669
0.958927 668
0.958926 667
0.958908 666
0.958865 665
0.958863 663
0.958853 662
0.958814 661
0.958800 660
0.958792 659
0.958764 658
0.958763 657
0.958756 656
0.958753 655
0.958750 654
0.958746 653
0.958724 652
0.958717 651
0.958716 650
0.958704 649
0.958699 648
0.958698 647
0.958693 646
0.958691 645
0.958689 644
0.958674 643
0.958649 642
0.958620 641
0.958613 640
0.958577 639
0.958514 638
0.958514 637
0.958475 636
0.958475 635
0.958456 634
0.958455 634
0.958453 633
0.958440 632
0.958435 631
0.958413 630
0.958405 629
0.958396 629
0.958364 629
0.958358 628
0.958357 627
0.958350 626
0.958337 625
0.958331 624
0.958304 623
0.958265 622
0.958222 621
0.958208 620
0.958208 619
0.958195 618
0.958172 618
0.958169 617
0.958169 616
0.958166 615
0.958117 613
0.958113 612
0.958090 611
0.958085 610
0.958062 609
0.958060 608
0.958059 607
0.958046 606
0.958043 605
0.958036 605
0.958029 604
0.958026 603
0.957982 602
0.957982 601
0.957972 600
0.957971 599
0.957971 598
0.957965 597
0.957933 596
0.957928 595
0.957917 594
0.957913 593
0.957900 592
0.957877 591
0.957842 590
0.957826 589
0.957803 588
0.957774 587
0.957772 586
0.957769 585
0.957768 585
0.957741 584
0.957719 583
0.957709 582
0.957695 581
0.957668 580
0.957649 579
0.957637 578
0.957610 577
0.957603 576
0.957555 575
0.957551 574
0.957530 573
0.957526 572
0.957515 571
0.957489 570
0.957481 569
0.957471 568
0.957446 567
0.957435 566
0.957410 565
0.957396 565
0.957395 564
0.957393 563
0.957376 562
0.957376 561
0.957370 560
0.957370 559
0.957358 558
0.957353 557
0.957348 556
0.957336 555
0.957330 554
0.957290 553
0.957284 553
0.957260 552
0.957210 551
0.957208 551
0.957180 550
0.957139 549
0.957131 548
0.957114 547
0.957102 546
0.957102 545
0.957077 544
0.957067 543
0.957066 542
0.957043 541
0.957025 540
0.957018 539
0.956998 538
0.956996 537
0.956962 536
0.956944 536
0.956937 535
0.956937 534
0.956934 533
0.956907 532
0.956890 532
0.956872 531
0.956844 530
0.956843 529
0.956836 528
0.956816 527
0.956778 526
0.956773 525
0.956760 524
0.956716 523
0.956694 523
0.956690 523
0.956686 522
0.956639 521
0.956628 520
0.956628 519
0.956626 519
0.956612 518
0.956603 517
0.956589 517
0.956557 516
0.956555 515
0.956538 514
0.956449 513
0.956394 512
0.956385 511
0.956379 511
0.956344 510
0.956344 509
0.956318 508
0.956298 507
0.956285 506
0.956273 505
0.956260 504
0.956216 503
0.956197 502
0.956170 501
0.956155 500
0.956154 500
0.956121 499
0.956107 498
0.956074 497
0.955959 496
0.955954 495
0.955938 494
0.955933 493
0.955922 492
0.955915 491
0.955844 490
0.955811 489
0.955776 488
0.955700 488
0.955694 487
0.955636 486
0.955634 485
0.955589 484
0.955581 483
0.955569 482
0.955568 482
0.955559 481
0.955559 481
0.955522 480
0.955513 480
0.955512 480
0.955489 480
0.955473 479
0.955459 478
0.955375 477
0.955361 476
0.955331 475
0.955320 474
0.955301 473
0.955229 472
0.955212 471
0.955184 470
0.955183 469
0.955169 468
0.955165 467
0.955162 467
0.955094 466
0.955080 465
0.955032 464
0.955023 463
0.955005 462
0.954992 461
0.954932 460
0.954910 459
0.954906 458
0.954899 457
0.954892 456
0.954890 455
0.954885 454
0.954838 454
0.954834 454
0.954816 453
0.954769 452
0.954694 451
0.954693 450
0.954676 449
0.954668 448
0.954663 447
0.954614 446
0.954556 445
0.954482 444
0.954471 443
0.954442 442
0.954424 441
0.954389 440
0.954381 441
0.954358 440
0.954354 439
0.954323 438
0.954310 438
0.954292 437
0.954282 437
0.954258 436
0.954254 435
0.954246 434
0.954245 433
0.954231 432
0.954177 431
0.954169 430
0.954143 429
0.954115 428
0.954098 427
0.953916 426
0.953851 425
0.953815 424
0.953793 423
0.953786 422
0.953754 421
0.953636 420
0.953624 419
0.953589 419
0.953583 418
0.953561 417
0.953535 416
0.953509 415
0.953484 414
0.953474 413
0.953442 412
0.953442 411
0.953397 410
0.953396 409
0.953340 409
0.953318 409
0.953258 408
0.953171 407
0.953158 406
0.953047 405
0.953043 405
0.953011 404
0.952998 403
0.952961 402
0.952944 402
0.952913 402
0.952911 402
0.952855 402
0.952826 401
0.952800 400
0.952757 399
0.952732 399
0.952690 398
0.952675 397
0.952658 396
0.952626 395
0.952580 394
0.952386 393
0.952331 392
0.952230 391
0.952201 390
0.952154 389
0.952125 388
0.952111 387
0.952106 387
0.952052 387
0.952028 386
0.952010 385
0.952004 384
0.951998 383
0.951905 383
0.951798 382
0.951786 382
0.951782 382
0.951770 381
0.951749 380
0.951734 380
0.951706 379
0.951626 379
0.951595 378
0.951465 377
0.951436 376
0.951369 375
0.951210 374
0.951210 373
0.951194 372
0.951056 371
0.951056 370
0.951055 369
0.951035 367
0.950977 366
0.950886 366
0.950872 365
0.950867 364
0.950841 363
0.950837 362
0.950778 361
0.950766 361
0.950765 360
0.950736 359
0.950683 359
0.950677 358
0.950592 357
0.950564 356
0.950560 355
0.950535 354
0.950514 354
0.950471 353
0.950377 353
0.950339 353
0.950320 352
0.950320 351
0.950314 350
0.950291 349
0.950200 348
0.950150 347
0.950099 346
0.950087 345
0.950060 344
0.950023 343
0.950016 342
0.949936 341
0.949928 341
0.949846 340
0.949692 339
0.949685 338
0.949645 338
0.949630 337
0.949623 337
0.949590 336
0.949569 335
0.949468 334
0.949429 334
0.949411 333
0.949393 333
0.949375 332
0.949315 331
0.949213 331
0.949166 330
0.949133 329
0.949077 328
0.949061 327
0.948950 326
0.948933 326
0.948843 326
0.948773 325
0.948719 324
0.948674 323
0.948654 322
0.948593 322
0.948506 321
0.948479 320
0.948454 320
0.948231 319
0.948224 318
0.948196 317
0.948192 316
0.948086 315
0.947969 314
0.947962 313
0.947768 313
0.947761 313
0.947708 312
0.947699 311
0.947659 310
0.947637 309
0.947562 308
0.947536 307
0.947513 306
0.947481 305
0.947466 304
0.947398 304
0.947352 303
0.947335 302
0.947292 301
0.947239 300
0.946987 300
0.946970 299
0.946877 299
0.946835 298
0.946833 297
0.946789 297
0.946641 296
0.946618 295
0.946594 294
0.946562 294
0.946531 293
0.946480 292
0.946439 291
0.946333 290
0.946328 289
0.946292 288
0.946212 287
0.946109 286
0.946071 285
0.946030 284
0.946013 283
0.946004 282
0.945898 281
0.945864 280
0.945828 280
0.945738 280
0.945735 279
0.945675 279
0.945537 278
0.945388 277
0.945386 277
0.945377 276
0.945344 276
0.945332 275
0.945273 274
0.945273 274
0.945187 274
0.945092 273
0.945074 273
0.945011 272
0.944999 271
0.944921 270
0.944801 270
0.944736 270
0.944642 270
0.944573 270
0.944388 270
0.944381 269
0.944373 269
0.944352 268
0.944335 267
0.944273 267
0.944159 266
0.944149 265
0.944035 264
0.943846 263
0.943797 263
0.943776 263
0.943548 262
0.943524 261
0.943522 260
0.943481 259
0.943412 258
0.943394 257
0.943357 256
0.943344 255
0.943269 254
0.943154 253
0.943125 252
0.943077 252
0.943042 252
0.943010 251
0.943002 251
0.942930 251
0.942892 250
0.942879 249
0.942779 248
0.942724 248
0.942704 247
0.942582 246
0.942439 245
0.942343 244
0.942222 243
0.942169 243
0.942056 243
0.941928 242
0.941912 241
0.941907 240
0.941886 239
0.941874 239
0.941869 238
0.941841 237
0.941815 236
0.941683 235
0.941637 234
0.941604 233
0.941595 233
0.941563 233
0.941522 232
0.941513 231
0.941323 231
0.941322 231
0.941267 230
0.941203 229
0.941161 229
0.941062 228
0.940738 228
0.940523 228
0.940517 227
0.940426 226
0.940217 225
0.940167 225
0.940093 225
0.940064 225
0.940055 224
0.940047 223
0.940037 223
0.939940 222
0.939734 222
0.939662 222
0.939651 222
0.939605 221
0.939545 220
0.939494 219
0.939469 219
0.939350 218
0.939062 217
0.939045 216
0.939011 215
0.938822 215
0.938751 214
0.938682 213
0.938582 212
0.938541 211
0.938368 210
0.938280 209
0.938260 209
0.938245 209
0.938158 208
0.938099 207
0.938015 207
0.937906 206
0.937905 206
0.937903 205
0.937740 205
0.937679 204
0.937598 203
0.937541 202
0.937513 202
0.937363 201
0.937050 200
0.937007 199
0.936778 199
0.936663 199
0.936614 198
0.936560 198
0.936468 198
0.936426 197
0.936424 196
0.936317 195
0.936074 194
0.936041 194
0.935991 193
0.935987 193
0.935861 193
0.935774 193
0.935638 193
0.935592 193
0.935463 192
0.935439 191
0.935328 191
0.935260 190
0.935177 190
0.935174 189
0.935157 188
0.935021 187
0.934998 186
0.934983 185
0.934942 184
0.934915 183
0.934756 182
0.934743 181
0.934727 181
0.934521 180
0.934512 180
0.934497 180
0.934344 180
0.934328 179
0.934239 178
0.934229 177
0.934197 177
0.934170 177
0.934142 176
0.934126 175
0.934107 175
0.934039 175
0.934033 174
0.933901 173
0.933859 172
0.933826 171
0.933815 170
0.933628 169
0.933442 168
0.933414 168
0.933174 167
0.933165 166
0.932992 165
0.932458 165
0.932457 165
0.932378 164
0.932276 164
0.932228 164
0.932093 164
0.932013 163
0.931969 162
0.931714 161
0.931651 160
0.931433 159
0.931373 159
0.931118 159
0.930953 158
0.930912 158
0.930860 158
0.930820 158
0.930817 158
0.930775 158
0.930733 158
0.930589 157
0.930585 157
0.930568 156
0.930494 155
0.930195 154
0.930095 154
0.929999 154
0.929993 154
0.929885 153
0.929820 152
0.929719 152
0.929667 151
0.929643 150
0.929639 150
0.929601 149
0.929493 148
0.929475 148
0.929276 147
0.929157 146
0.928968 145
0.928718 145
0.928706 145
0.928705 144
0.928668 144
0.928617 144
0.928533 144
0.928391 143
0.928221 143
0.928201 142
0.928152 141
0.927996 140
0.927958 140
0.927910 139
0.927756 138
0.927736 138
0.927632 138
0.927630 138
0.927494 138
0.927337 138
0.927254 138
0.927083 138
0.926436 137
0.926406 136
0.926344 135
0.926285 134
0.926271 134
0.926209 134
0.925824 133
0.925661 133
0.925648 133
0.925496 133
0.925361 132
0.925336 132
0.925317 131
0.925282 131
0.925174 131
0.925025 130
0.924974 130
0.924957 130
0.924914 130
0.924882 130
0.924779 129
0.924747 129
0.924558 128
0.924542 128
0.924526 127
0.924426 126
0.924375 126
0.924343 125
0.924342 124
0.924333 124
0.924291 124
0.924241 123
0.924183 122
0.924152 121
0.924093 120
0.924089 120
0.924072 120
0.923807 120
0.923595 120
0.923554 120
0.923475 119
0.923455 118
0.923418 117
0.923402 116
0.922924 115
0.922685 114
0.922662 113
0.922606 113
0.922374 113
0.922310 112
0.922268 112
0.922199 111
0.922132 110
0.921911 109
0.921849 108
0.921562 108
0.921491 108
0.921171 107
0.921168 106
0.921149 105
0.921078 105
0.920863 104
0.920781 104
0.920666 103
0.920563 103
0.920304 102
0.920186 101
0.920159 101
0.920040 100
0.919804 100
0.919715 99
0.919649 99
0.919545 99
0.919525 99
0.919448 98
0.919352 98
0.919239 98
0.919232 98
0.919218 98
0.919178 98
0.918546 98
0.918438 98
0.918437 98
0.918430 97
0.918393 97
0.918255 97
0.918071 97
0.917935 96
0.917801 95
0.917678 94
0.917657 94
0.917519 94
0.917488 94
0.917453 93
0.917432 93
0.917288 93
0.917197 93
0.917190 92
0.917103 92
0.917101 92
0.916619 92
0.916529 91
0.916524 91
0.916439 90
0.916411 90
0.916165 90
0.916138 90
0.915887 90
0.915780 90
0.915619 90
0.915594 89
0.915579 88
0.915489 88
0.915367 87
0.915242 87
0.914971 87
0.914796 87
0.914649 87
0.914440 87
0.914406 87
0.914307 87
0.914169 87
0.914162 86
0.914060 86
0.913925 86
0.913164 85
0.912915 85
0.912810 85
0.912610 85
0.912545 85
0.912447 85
0.911761 85
0.911704 85
0.911653 85
0.911479 85
0.911105 85
0.911022 85
0.910602 85
0.910412 85
0.910023 85
0.909993 85
0.909920 85
0.909614 85
0.909602 85
0.909280 85
0.908944 85
0.908940 84
0.908919 84
0.908674 84
0.908580 84
0.908556 84
0.908391 84
0.908300 83
0.908049 83
0.907728 83
0.907676 83
0.907186 83
0.907008 82
0.906953 81
0.906852 80
0.906641 80
0.906595 79
0.906389 79
0.906305 79
0.906208 79
0.906057 79
0.905957 79
0.905454 78
0.905388 77
0.905384 77
0.905130 77
0.904841 77
0.904386 77
0.904255 77
0.903822 77
0.903624 77
0.903528 76
0.903465 75
0.903436 75
0.903395 75
0.903291 75
0.903213 74
0.902968 74
0.902841 74
0.902812 74
0.902723 74
0.902611 74
0.902503 74
0.902193 74
0.902065 74
0.901454 73
0.901437 73
0.901297 73
0.901256 73
0.901255 73
0.901073 72
0.901012 72
0.900999 72
0.900883 71
0.900595 71
0.900487 71
0.900310 71
0.900273 70
0.900167 70
0.900057 70
0.899939 70
0.899835 70
0.899702 70
0.899676 70
0.899006 70
0.898421 69
0.898200 69
0.898109 69
0.897971 69
0.897951 69
0.897814 69
0.897658 69
0.897570 68
0.897511 68
0.897441 68
0.897413 68
0.897231 68
0.896966 68
0.896962 68
0.896902 68
0.896874 68
0.896772 68
0.896741 68
0.896671 68
0.896660 68
0.896636 67
0.896339 67
0.896137 67
0.896028 66
0.895969 66
0.895613 66
0.895523 65
0.895477 65
0.895410 65
0.895160 65
0.895040 65
0.894889 65
0.894194 65
0.894046 65
0.893867 64
0.893701 64
0.893582 64
0.893532 64
0.893333 64
0.893219 63
0.892897 63
0.892802 63
0.892714 63
0.892673 63
0.892096 62
0.891995 62
0.891947 62
0.891934 62
0.891681 62
0.891563 62
0.891522 62
0.891483 62
0.891362 62
0.890943 62
0.890821 62
0.890716 61
0.890641 60
0.890554 60
0.890373 60
0.889900 59
0.889860 59
0.889849 58
0.889571 57
0.889499 57
0.888975 56
0.888866 56
0.888545 56
0.888524 56
0.888254 56
0.888126 55
0.887935 54
0.887159 53
0.887135 53
0.887119 53
0.887039 53
0.887036 53
0.887006 53
0.886712 53
0.886694 53
0.886691 53
0.886366 52
0.886346 52
0.886195 52
0.886057 52
0.885974 52
0.885903 52
0.885832 52
0.885727 52
0.885720 52
0.885541 52
0.885025 52
0.884982 51
0.884944 51
0.884809 51
0.884792 51
0.884709 51
0.884236 51
0.884046 51
0.883938 51
0.883743 51
0.883530 51
0.883364 51
0.883302 51
0.882940 51
0.882633 51
0.882322 51
0.881986 51
0.881977 51
0.881793 51
0.881629 50
0.881541 50
0.881336 50
0.881270 50
0.881158 50
0.881088 50
0.881047 50
0.880795 50
0.880641 50
0.880549 50
0.880452 50
0.880441 50
0.880412 50
0.880303 50
0.880191 50
0.880082 50
0.879804 50
0.879778 50
0.879632 50
0.879536 50
0.879520 50
0.879350 50
0.879254 49
0.878758 49
0.878473 49
0.878448 49
0.877582 49
0.877246 49
0.877132 48
0.876896 47
0.876628 47
0.876568 47
0.876004 47
0.875903 47
0.875886 47
0.875755 47
0.875522 47
0.875323 47
0.875268 47
0.875042 47
0.874873 47
0.874844 47
0.874746 47
0.874696 47
0.874189 47
0.874081 47
0.873468 47
0.873240 46
0.872990 46
0.872980 46
0.872894 46
0.872837 46
0.872240 46
0.872038 46
0.871825 45
0.871806 45
0.871759 45
0.871681 45
0.871501 45
0.871477 45
0.871362 45
0.871008 45
0.871000 44
0.870658 44
0.870619 44
0.870359 43
0.870248 43
0.870137 43
0.870122 43
0.869944 43
0.869920 43
0.869892 43
0.869750 43
0.869510 43
0.869170 43
0.869049 42
0.868780 42
0.868128 42
0.867733 42
0.867616 42
0.867551 42
0.867536 41
0.867389 41
0.867287 41
0.867228 40
0.866847 40
0.866798 40
0.866726 40
0.866649 40
0.865720 40
0.865498 39
0.865250 39
0.865050 39
0.864606 39
0.864532 39
0.864468 39
0.864464 39
0.864145 39
0.863880 39
0.863792 39
0.863695 38
0.863348 38
0.863140 38
0.862939 38
0.862861 38
0.862837 38
0.862631 38
0.862386 37
0.862345 37
0.862237 37
0.861883 36
0.861860 36
0.861589 36
0.861526 36
0.861415 36
0.861254 36
0.861037 36
0.861036 36
0.860836 35
0.860836 35
0.860671 35
0.860669 35
0.860651 35
0.860005 35
0.859864 35
0.859252 35
0.859230 35
0.859117 35
0.858739 35
0.858610 35
0.858521 35
0.858455 35
0.858360 35
0.858255 35
0.858150 35
0.858137 35
0.857594 35
0.857554 35
0.857225 35
0.857216 35
0.856900 34
0.856823 34
0.856821 34
0.856682 34
0.856491 34
0.856270 33
0.855733 33
0.855580 32
0.855563 32
0.855450 31
0.855195 31
0.855113 31
0.855043 31
0.854979 31
0.854675 31
0.854620 31
0.854373 31
0.853666 30
0.853241 30
0.853114 30
0.853099 30
0.853024 30
0.852959 30
0.852861 30
0.852816 30
0.852484 30
0.852120 30
0.851916 30
0.851843 30
0.851813 30
0.851797 30
0.851787 29
0.851749 29
0.851679 28
0.851458 28
0.851195 28
0.851015 28
0.850972 27
0.850914 27
0.850341 27
0.850194 27
0.850009 27
0.849542 27
0.849330 27
0.849173 27
0.849110 27
0.848935 26
0.848258 26
0.848228 26
0.847914 26
0.847882 26
0.847106 26
0.846988 25
0.846522 24
0.846440 24
0.846427 24
0.846425 24
0.846363 24
0.846252 24
0.846052 24
0.846047 23
0.845452 23
0.845408 23
0.845007 23
0.844929 23
0.844644 23
0.844628 23
0.844505 23
0.844260 23
0.844140 23
0.844083 23
0.843669 23
0.843653 23
0.843649 23
0.843582 23
0.843139 23
0.842571 23
0.842481 23
0.842450 22
0.842331 22
0.842229 22
0.841987 22
0.841969 22
0.841939 22
0.841904 22
0.841819 22
0.841692 22
0.841324 22
0.841252 21
0.841092 21
0.840756 20
0.840687 20
0.840583 20
0.840417 20
0.839894 20
0.839401 20
0.839328 20
0.839307 20
0.839275 20
0.839261 20
0.838533 20
0.838125 20
0.838115 20
0.838001 20
0.837483 20
0.837427 20
0.837212 20
0.837021 20
0.836921 20
0.836882 20
0.836804 20
0.836639 20
0.836587 20
0.836463 20
0.836433 20
0.836371 20
0.836328 20
0.836061 20
0.835959 20
0.835652 20
0.835267 20
0.835077 19
0.834884 19
0.834624 19
0.834624 19
0.834615 19
0.834534 19
0.834410 19
0.834185 19
0.834029 19
0.833498 19
0.833486 19
0.833258 19
0.833088 19
0.832823 19
0.832715 19
0.832583 19
0.832484 19
0.832149 19
0.832099 19
0.831233 19
0.830897 19
0.830814 19
0.830580 19
0.830288 19
0.830130 19
0.830122 19
0.830013 19
0.829894 19
0.829703 19
0.829085 19
0.828902 19
0.828845 19
0.828402 19
0.828210 19
0.828136 19
0.827971 19
0.827748 19
0.827695 19
0.827660 19
0.827649 19
0.827524 19
0.827365 19
0.827351 19
0.827335 19
0.827198 19
0.827065 19
0.826972 19
0.826545 19
0.826492 18
0.826473 18
0.826410 18
0.826363 18
0.826278 18
0.825982 18
0.825943 18
0.825896 18
0.825849 18
0.825461 18
0.825134 18
0.825100 18
0.824855 18
0.824342 18
0.824209 18
0.824121 18
0.824104 18
0.823994 18
0.823765 18
0.823275 18
0.823219 18
0.822945 18
0.822910 17
0.822891 17
0.822597 17
0.821015 17
0.820875 17
0.820694 17
0.820395 17
0.820285 17
0.820233 17
0.820082 17
0.819676 17
0.819622 17
0.819593 17
0.819532 17
0.819366 17
0.819346 17
0.819136 17
0.818948 17
0.818907 17
0.818729 17
0.818696 17
0.817934 17
0.817910 17
0.817615 17
0.817475 17
0.817252 17
0.817235 17
0.816980 17
0.816882 17
0.816824 16
0.816684 16
0.816631 16
0.816357 16
0.814994 16
0.814656 16
0.814627 16
0.814600 16
0.814492 16
0.814362 16
0.813985 16
0.813859 16
0.813781 16
0.813579 16
0.813035 16
0.812978 16
0.812470 16
0.812412 16
0.812324 16
0.811984 16
0.811918 16
0.811746 16
0.811722 16
0.811379 16
0.811356 16
0.810777 16
0.810751 16
0.810583 16
0.810529 15
0.810475 15
0.810168 15
0.809882 15
0.809874 15
0.809812 15
0.809518 15
0.809274 15
0.809096 15
0.809045 15
0.808943 15
0.808494 15
0.808236 15
0.808170 15
0.808134 15
0.808058 15
0.807783 15
0.807745 15
0.807308 15
0.807245 15
0.807214 15
0.807040 15
0.806744 15
0.806736 15
0.806602 15
0.806388 15
0.806373 15
0.806370 15
0.806210 15
0.805547 15
0.805471 15
0.805397 15
0.805244 15
0.804250 15
0.804092 15
0.803857 15
0.803533 15
0.803521 15
0.803113 15
0.802965 15
0.802468 15
0.802204 15
0.801925 15
0.801863 15
0.801797 15
0.801675 15
0.801608 15
0.801557 15
0.801525 15
0.801310 15
0.801170 15
0.801016 15
0.800937 15
0.800796 15
0.800672 15
0.800507 15
0.800121 15
0.799932 15
0.799749 14
0.799562 14
0.799439 14
0.799306 14
0.799280 14
0.798883 14
0.798710 14
0.798507 14
0.798418 14
0.798344 14
0.798179 14
0.798101 14
0.798005 14
0.796563 14
0.796181 14
0.796153 14
0.795885 14
0.795858 14
0.795722 14
0.795503 14
0.795447 14
0.795325 14
0.795164 14
0.795118 14
0.795031 14
0.794868 14
0.794138 14
0.794087 13
0.793779 13
0.793597 13
0.793456 13
0.793362 13
0.793303 13
0.793112 13
0.792959 13
0.792891 13
0.792868 13
0.792849 13
0.792083 13
0.792068 13
0.791509 13
0.791440 13
0.791253 13
0.790916 13
0.790394 13
0.790340 13
0.790224 13
0.790213 13
0.790007 13
0.789949 13
0.789909 13
0.789835 13
0.789785 13
0.789562 13
0.789558 13
0.789454 13
0.789353 13
0.789062 13
0.788576 13
0.788419 13
0.788379 13
0.788238 13
0.787944 13
0.787656 13
0.787545 13
0.787284 13
0.787278 13
0.787234 13
0.786895 13
0.786409 13
0.786256 13
0.786135 13
0.786090 13
0.786041 13
0.785983 13
0.785525 13
0.785148 13
0.784750 13
0.784677 13
0.784637 13
0.784094 13
0.783213 13
0.783150 13
0.783026 13
0.783007 13
0.782887 13
0.782837 13
0.781955 13
0.781235 13
0.781035 13
0.780941 13
0.780926 13
0.780855 13
0.780471 13
0.780426 13
0.780229 13
0.779973 13
0.779912 13
0.779705 13
0.779626 13
0.779435 13
0.779420 13
0.779061 13
0.779050 13
0.778913 13
0.778778 13
0.778759 13
0.778733 13
0.778582 13
0.778557 13
0.778514 13
0.778494 13
0.778157 13
0.777528 13
0.777512 13
0.777282 13
0.777267 13
0.777163 13
0.776481 13
0.776342 13
0.776270 13
0.776208 13
0.776049 13
0.775982 13
0.775767 13
0.775481 13
0.775469 13
0.775394 13
0.775368 13
0.775338 13
0.775192 13
0.774989 13
0.774897 13
0.774769 13
0.774761 13
0.774137 13
0.774119 13
0.773974 13
0.773837 13
0.773550 13
0.773464 13
0.773371 13
0.773285 13
0.773150 13
0.773040 13
0.772728 13
0.772666 13
0.772127 13
0.772032 13
0.771935 13
0.771693 13
0.771616 13
0.770394 13
0.769964 13
0.769782 13
0.769726 12
0.769546 12
0.769342 12
0.769258 12
0.768563 12
0.768289 12
0.768117 12
0.767947 12
0.767550 12
0.767423 12
0.767083 12
0.767058 12
0.766917 12
0.766617 12
0.766550 12
0.766432 12
0.766376 12
0.766125 12
0.765782 12
0.765769 12
0.765640 12
0.765633 12
0.765480 12
0.765368 12
0.765178 12
0.764942 12
0.764424 12
0.764150 12
0.763175 12
0.762505 12
0.762170 12
0.762091 12
0.762048 12
0.762027 12
0.761836 12
0.761810 12
0.761778 12
0.761218 12
0.761217 12
0.761173 12
0.761075 12
0.761026 12
0.760992 12
0.760727 12
0.760205 12
0.760109 12
0.759949 12
0.759849 12
0.759748 12
0.759353 12
0.759211 12
0.758804 12
0.758710 12
0.758361 12
0.758355 12
0.758219 12
0.758056 12
0.757912 12
0.757826 12
0.757808 12
0.757683 12
0.757669 11
0.757105 11
0.756903 11
0.756810 11
0.756713 11
0.756438 11
0.756345 11
0.755904 11
0.755669 11
0.755210 11
0.754941 11
0.754565 11
0.754366 11
0.754271 11
0.754181 11
0.754130 11
0.754118 11
0.754031 11
0.753946 11
0.753877 11
0.753670 11
0.753492 11
0.753013 11
0.752578 11
0.752071 11
0.752028 11
0.751792 11
0.751501 11
0.751490 11
0.751115 11
0.751050 11
0.750932 11
0.750664 11
0.750540 11
0.750516 11
0.750085 11
0.749979 11
0.749924 11
0.749663 11
0.749472 11
0.748977 11
0.748918 11
0.748857 11
0.748636 11
0.748585 11
0.748296 11
0.747830 11
0.747579 11
0.747222 11
0.747185 11
0.747086 11
0.747021 11
0.746657 11
0.746622 11
0.746375 11
0.746354 11
0.746250 11
0.746134 11
0.745636 11
0.745320 11
0.745051 11
0.744715 11
0.744698 11
0.744480 11
0.744253 11
0.744199 11
0.743927 11
0.743676 11
0.743539 11
0.743425 11
0.743405 11
0.743271 11
0.743242 11
0.743127 11
0.743115 11
0.743055 11
0.742845 11
0.742814 11
0.742808 11
0.742458 11
0.742338 11
0.742186 11
0.741936 11
0.741780 11
0.741577 11
0.741558 11
0.741210 11
0.741003 11
0.740927 11
0.740767 11
0.740448 11
0.740412 11
0.740258 11
0.739815 11
0.739744 11
0.739686 11
0.739478 11
0.739431 11
0.739357 11
0.738236 11
0.738084 11
0.737414 11
0.737221 11
0.737205 11
0.737171 11
0.737141 11
0.736708 11
0.736664 11
0.736545 11
0.736174 11
0.735996 11
0.735805 11
0.735313 11
0.735004 11
0.734923 11
0.734881 11
0.734673 11
0.734414 11
0.734368 11
0.734285 11
0.734167 11
0.734074 11
0.733182 11
0.732946 11
0.732626 11
0.732464 11
0.732374 11
0.732294 11
0.732038 11
0.731702 11
0.731356 11
0.731265 11
0.731061 11
0.730788 11
0.730776 11
0.730568 11
0.730504 11
0.730341 11
0.730230 11
0.729887 10
0.729771 10
0.729383 10
0.728904 10
0.728784 10
0.728690 10
0.728619 10
0.728525 10
0.728389 10
0.728186 10
0.728142 10
0.728079 10
0.728035 10
0.727707 10
0.727334 10
0.726819 10
0.726816 10
0.726802 10
0.726315 10
0.726217 10
0.725874 10
0.725736 10
0.725538 10
0.725520 10
0.725405 10
0.725389 10
0.725309 10
0.725180 10
0.724935 10
0.724878 10
0.724699 10
0.724478 10
0.724349 10
0.724165 10
0.724040 10
0.723947 10
0.723922 10
0.723888 10
0.723819 10
0.723776 10
0.723686 10
0.723595 10
0.723500 10
0.723128 10
0.722549 10
0.722063 10
0.722041 10
0.721533 10
0.720931 10
0.720245 10
0.719857 10
0.719806 10
0.719397 10
0.719117 10
0.718904 10
0.718832 10
0.718822 10
0.718491 10
0.718415 10
0.718289 10
0.718270 10
0.718039 10
0.717952 10
0.717255 10
0.717164 10
0.717102 10
0.716562 10
0.716344 10
0.715880 10
0.715869 10
0.715803 10
0.715402 10
0.714775 10
0.714052 10
0.713925 10
0.713864 10
0.713099 9
0.713050 9
0.712592 9
0.712527 9
0.712315 9
0.712162 9
0.711964 9
0.711902 9
0.711692 9
0.711664 9
0.710861 9
0.710790 9
0.710787 9
0.710627 9
0.710020 9
0.709986 9
0.709907 9
0.709599 9
0.709433 9
0.709301 9
0.709263 9
0.709215 9
0.709024 9
0.708974 9
0.708864 9
0.708800 9
0.708599 9
0.708398 9
0.708326 9
0.708288 9
0.708267 9
0.707934 9
0.707807 9
0.707696 9
0.707579 9
0.707495 9
0.707347 9
0.707164 9
0.707068 9
0.706898 9
0.706445 9
0.706194 9
0.705893 9
0.705673 9
0.705548 9
0.705512 9
0.705469 9
0.705335 9
0.705311 9
0.704633 9
0.704518 9
0.704201 9
0.703613 9
0.703435 9
0.703395 9
0.702821 9
0.702475 9
0.702426 9
0.702311 9
0.702205 9
0.702131 9
0.701747 9
0.701645 9
0.701489 9
0.701444 9
0.701421 9
0.701304 9
0.700869 9
0.700865 9
0.700859 9
0.700270 9
0.699752 9
0.699610 9
0.699491 9
0.699429 9
0.699359 9
0.699057 9
0.699022 9
0.698919 9
0.698811 9
0.698417 9
0.698387 9
0.698250 9
0.697886 9
0.697874 9
0.697856 9
0.697654 9
0.697048 9
0.697010 9
0.696892 9
0.696807 9
0.696540 9
0.696498 9
0.696322 9
0.696180 9
0.696031 9
0.695962 9
0.695743 9
0.695682 9
0.695191 9
0.694745 9
0.694705 9
0.694633 9
0.694541 9
0.694512 9
0.694428 9
0.693958 9
0.693596 9
0.693382 9
0.693336 9
0.693326 9
0.692406 9
0.692300 9
0.692142 9
0.691812 9
0.691721 9
0.691662 9
0.691545 9
0.691137 9
0.690007 9
0.689975 9
0.689846 9
0.689733 9
0.689526 9
0.689434 9
0.689300 9
0.689259 9
0.689240 9
0.689047 9
0.688791 9
0.688067 9
0.688007 9
0.686909 9
0.686890 9
0.686858 9
0.686651 9
0.686415 9
0.686399 9
0.686287 9
0.686165 9
0.685890 9
0.685879 9
0.685731 9
0.685578 9
0.685449 9
0.684708 9
0.684552 9
0.684300 9
0.684124 9
0.683763 9
0.683586 9
0.683059 9
0.682951 9
0.682861 9
0.682744 9
0.682587 9
0.682495 9
0.682373 9
0.681998 9
0.681763 9
0.681645 9
0.681583 9
0.681475 9
0.681462 9
0.681124 9
0.681067 9
0.681049 9
0.680055 9
0.679969 9
0.679872 9
0.679678 9
0.679548 9
0.679451 9
0.679285 9
0.679259 9
0.679237 9
0.679156 9
0.678987 9
0.678975 9
0.678913 9
0.678879 9
0.678299 9
0.678244 9
0.678220 9
0.678158 9
0.677368 9
0.677061 9
0.676981 9
0.675806 9
0.675698 9
0.675649 9
0.675338 9
0.675038 9
0.674825 9
0.674558 9
0.674399 9
0.673753 9
0.673590 9
0.673383 9
0.673098 9
0.673078 9
0.672817 9
0.672793 9
0.672515 9
0.672166 9
0.672079 9
0.672026 9
0.672024 9
0.671351 9
0.671195 9
0.671176 9
0.670640 9
0.670566 9
0.670498 9
0.670360 9
0.670189 9
0.669831 9
0.669715 9
0.669688 9
0.669173 9
0.669108 9
0.668984 9
0.668956 9
0.668899 9
0.668862 9
0.668846 9
0.668732 9
0.668035 9
0.667794 9
0.667769 9
0.667535 9
0.667535 9
0.667323 9
0.667167 9
0.666867 9
0.666841 9
0.666564 9
0.666545 9
0.666318 9
0.665570 9
0.665368 9
0.665177 9
0.665132 9
0.665121 9
0.665105 9
0.664812 9
0.664748 9
0.664724 9
0.664471 9
0.664357 9
0.664246 9
0.664161 9
0.663868 9
0.663752 9
0.663699 9
0.663620 9
0.662943 9
0.662812 9
0.662693 9
0.661990 9
0.661729 9
0.661355 9
0.661339 9
0.661156 9
0.660930 9
0.660917 9
0.660754 9
0.660478 9
0.660093 9
0.659935 9
0.659399 9
0.659244 9
0.658869 9
0.658805 9
0.658596 9
0.658475 9
0.658272 9
0.658258 9
0.658068 9
0.657594 9
0.657572 9
0.657544 9
0.657457 9
0.657061 9
0.656590 9
0.656270 9
0.656197 9
0.656087 9
0.655643 9
0.655408 9
0.655148 9
0.654996 9
0.654533 9
0.654333 9
0.654249 9
0.654185 9
0.654109 9
0.653909 9
0.653377 9
0.653068 9
0.652565 9
0.652562 9
0.652536 9
0.652530 9
0.652486 9
0.652198 9
0.652106 9
0.651924 9
0.651461 9
0.651322 9
0.651156 9
0.650987 9
0.650850 9
0.650831 9
0.650616 9
0.650546 9
0.649916 9
0.649827 9
0.649647 9
0.649561 9
0.649539 9
0.649500 9
0.649407 9
0.649066 9
0.648821 9
0.648651 9
0.648640 9
0.648623 9
0.647922 9
0.647908 9
0.647714 9
0.647406 9
0.647204 9
0.647160 9
0.647060 9
0.646898 9
0.646716 9
0.646637 9
0.646485 9
0.646355 9
0.646085 9
0.645675 9
0.645635 9
0.645521 9
0.645188 9
0.645010 9
0.645008 9
0.644998 9
0.644926 9
0.644785 9
0.644598 9
0.643573 9
0.643251 9
0.643140 9
0.643124 9
0.642573 9
0.642307 9
0.641991 9
0.641894 9
0.641862 9
0.641799 9
0.641743 9
0.641416 9
0.641344 9
0.641332 9
0.640991 9
0.640950 9
0.640832 9
0.640565 9
0.640020 9
0.640017 9
0.639901 9
0.639894 9
0.639802 9
0.639767 9
0.639682 9
0.638674 9
0.638415 9
0.638143 9
0.638063 9
0.637844 9
0.637819 9
0.637801 9
0.637727 9
0.637621 9
0.637432 9
0.637423 9
0.637060 9
0.636941 9
0.636603 9
0.636348 9
0.636295 9
0.636207 8
0.636127 8
0.635703 8
0.635298 8
0.634941 8
0.634877 8
0.634848 8
0.633925 8
0.633823 8
0.633815 8
0.633622 8
0.633515 8
0.633357 8
0.633346 8
0.633285 8
0.633158 8
0.632982 8
0.632825 8
0.632528 8
0.631942 8
0.631740 8
0.631693 8
0.631578 8
0.631541 8
0.631175 8
0.631172 8
0.630806 8
0.630452 8
0.630173 8
0.629448 8
0.628999 8
0.628815 8
0.628269 8
0.627996 8
0.627715 8
0.627609 8
0.627606 8
0.627437 8
0.627424 8
0.627414 8
0.627267 8
0.627105 8
0.626923 8
0.626894 8
0.626535 8
0.625881 8
0.625622 8
0.625544 8
0.625514 8
0.625357 8
0.625275 8
0.625233 8
0.625217 8
0.625152 8
0.625119 8
0.625064 8
0.625054 8
0.624788 8
0.624774 8
0.624643 8
0.624637 8
0.624501 8
0.624268 8
0.623633 8
0.623553 8
0.623443 8
0.623208 8
0.622776 8
0.622445 8
0.622409 8
0.622392 8
0.622294 8
0.622172 8
0.621922 8
0.621469 8
0.620472 8
0.620395 8
0.620075 8
0.619837 8
0.619599 8
0.619495 8
0.619338 8
0.618807 8
0.618727 8
0.618614 8
0.618533 8
0.618422 8
0.617656 8
0.617577 8
0.617415 8
0.617395 8
0.617206 8
0.616914 8
0.616297 8
0.616295 8
0.616209 8
0.616113 8
0.615497 8
0.615444 8
0.615353 8
0.615230 8
0.615222 8
0.615179 8
0.614755 8
0.614245 8
0.613838 8
0.613751 8
0.613739 8
0.613383 8
0.613309 8
0.613204 8
0.613153 8
0.612865 8
0.612671 8
0.612470 8
0.612443 8
0.612220 8
0.612057 8
0.611880 8
0.611514 8
0.611054 8
0.610826 8
0.610273 8
0.610207 8
0.610169 8
0.610135 8
0.609780 8
0.609631 8
0.609479 8
0.609156 8
0.609100 8
0.609053 8
0.608965 8
0.608418 8
0.608162 8
0.607997 8
0.607707 8
0.607536 8
0.607400 8
0.607284 8
0.607223 8
0.606955 8
0.606898 8
0.606396 8
0.606198 8
0.606072 8
0.605436 8
0.605409 8
0.605216 8
0.605047 8
0.605025 8
0.604934 7
0.604775 7
0.604609 7
0.604304 7
0.604185 7
0.603914 7
0.603760 7
0.603701 7
0.603546 7
0.603535 7
0.603282 7
0.602692 7
0.602606 7
0.602333 7
0.602149 7
0.602145 7
0.601863 7
0.601848 7
0.601466 7
0.600912 7
0.600713 7
0.600552 7
0.600363 7
0.599936 7
0.599885 7
0.599849 7
0.599811 7
0.599456 7
0.599396 7
0.598980 7
0.598854 7
0.598708 7
0.598524 7
0.598266 7
0.598243 7
0.598101 7
0.597387 7
0.597355 7
0.597032 7
0.596940 6
0.596887 6
0.596723 6
0.596599 6
0.596497 6
0.596477 6
0.596118 6
0.596086 6
0.595806 6
0.595755 6
0.595647 6
0.595520 6
0.595356 6
0.595323 6
0.594872 6
0.594862 6
0.594823 6
0.594588 6
0.594584 6
0.594068 6
0.593954 6
0.593881 6
0.593457 6
0.593430 6
0.593415 6
0.593102 6
0.592385 6
0.592165 6
0.591874 6
0.591758 6
0.591575 6
0.591465 6
0.590971 6
0.590843 6
0.590725 6
0.590381 6
0.590199 6
0.590014 6
0.589601 6
0.589500 6
0.588766 6
0.588074 6
0.588023 6
0.587774 6
0.587180 6
0.586925 6
0.586817 6
0.586726 6
0.586705 6
0.586476 6
0.586322 6
0.586258 6
0.585955 6
0.584887 6
0.584857 6
0.584753 6
0.584684 6
0.584542 6
0.584440 6
0.583825 6
0.583675 6
0.583653 6
0.583301 6
0.583292 6
0.583136 6
0.583111 6
0.583043 6
0.582997 6
0.582907 6
0.582824 6
0.582448 6
0.582377 6
0.582355 6
0.582052 6
0.582044 6
0.582015 6
0.581793 6
0.581583 6
0.581513 6
0.580869 6
0.580727 6
0.580295 6
0.580176 6
0.580083 6
0.580040 6
0.579614 6
0.579402 6
0.579346 6
0.579331 6
0.579322 6
0.579189 6
0.579150 6
0.578927 6
0.578755 6
0.578607 6
0.578320 6
0.578228 6
0.578111 6
0.577882 6
0.577554 6
0.577352 6
0.576876 6
0.576524 6
0.576258 6
0.575860 6
0.575514 6
0.575403 6
0.574995 6
0.574879 6
0.574785 6
0.574728 6
0.574722 6
0.574671 6
0.574620 6
0.574562 6
0.573962 6
0.573874 6
0.573304 6
0.573288 6
0.573118 6
0.573073 6
0.572808 6
0.572431 6
0.572292 6
0.571777 6
0.571763 6
0.571489 6
0.571204 6
0.571139 6
0.571097 6
0.570870 6
0.570708 6
0.570455 6
0.570380 6
0.570372 6
0.570174 6
0.569589 6
0.569566 6
0.568891 6
0.568876 6
0.568867 6
0.568679 6
0.567878 6
0.567829 6
0.567585 6
0.567404 6
0.567302 6
0.566484 6
0.566257 6
0.566253 6
0.565961 6
0.565906 6
0.565751 6
0.565736 6
0.565365 6
0.565302 6
0.564132 6
0.564078 6
0.564038 6
0.564036 6
0.563993 6
0.563976 6
0.563476 6
0.563400 6
0.563349 6
0.563196 6
0.562682 6
0.562332 6
0.562262 6
0.562001 6
0.561890 6
0.561721 6
0.561372 6
0.560942 6
0.560475 6
0.560366 6
0.560356 6
0.560292 6
0.559528 6
0.559501 6
0.559384 6
0.559341 6
0.559085 6
0.559034 6
0.558926 6
0.558455 6
0.558391 6
0.558319 6
0.557941 6
0.557798 6
0.557747 6
0.557646 6
0.557520 6
0.557508 6
0.557455 6
0.557417 6
0.557282 6
0.556490 6
0.556065 6
0.555733 6
0.555694 6
0.555662 6
0.555321 6
0.555306 6
0.555029 6
0.555022 6
0.554824 6
0.554443 6
0.554181 6
0.553719 6
0.553611 6
0.553535 6
0.552369 6
0.552330 6
0.552022 6
0.551868 6
0.551633 6
0.551559 6
0.551389 6
0.551148 6
0.550852 6
0.550796 6
0.550615 6
0.550380 6
0.550376 6
0.549919 6
0.549916 6
0.549596 6
0.549230 6
0.549049 6
0.548793 6
0.548656 6
0.548494 6
0.548251 6
0.548035 6
0.548004 6
0.547694 6
0.547589 6
0.547362 6
0.547251 6
0.547240 6
0.546825 6
0.546522 6
0.546481 6
0.546106 6
0.546103 6
0.545938 6
0.545450 6
0.545350 6
0.545136 6
0.545051 6
0.545047 6
0.545037 6
0.545009 6
0.544951 6
0.544942 6
0.544618 6
0.544611 6
0.544445 6
0.544421 6
0.544073 6
0.544068 6
0.543881 6
0.543874 6
0.543215 6
0.543150 6
0.542839 6
0.542813 6
0.542532 6
0.542317 6
0.542202 6
0.541351 6
0.541200 6
0.541164 6
0.541053 6
0.540935 6
0.540909 6
0.540704 6
0.540561 6
0.540242 6
0.540059 6
0.539595 6
0.539557 6
0.539367 6
0.538998 6
0.538820 6
0.538613 6
0.538487 6
0.537586 6
0.537415 6
0.537225 6
0.537144 6
0.536916 6
0.536907 6
0.536809 6
0.536261 6
0.536247 6
0.536237 6
0.536160 6
0.536111 6
0.535922 6
0.535869 6
0.535548 6
0.535128 6
0.535094 6
0.534804 6
0.534355 6
0.534269 6
0.534094 6
0.533659 6
0.533654 6
0.533638 6
0.533364 6
0.533113 6
0.532952 6
0.532420 6
0.532305 6
0.531777 6
0.531772 6
0.531561 6
0.531362 6
0.531275 6
0.531186 6
0.531078 6
0.530734 6
0.530448 6
0.530289 6
0.530066 6
0.529111 6
0.528903 6
0.528720 6
0.528685 6
0.528445 6
0.528403 6
0.528398 6
0.528386 6
0.528381 6
0.527752 6
0.527631 6
0.527153 6
0.527075 6
0.526930 6
0.526861 6
0.526687 6
0.526642 6
0.526134 6
0.525949 6
0.525821 6
0.525607 6
0.524634 6
0.524415 6
0.524389 6
0.524298 6
0.524182 6
0.524026 6
0.523929 6
0.523665 6
0.523425 6
0.523299 6
0.523245 6
0.523191 6
0.523146 6
0.522895 6
0.522667 6
0.522197 6
0.522179 6
0.522115 6
0.521770 6
0.521762 6
0.521719 6
0.521501 6
0.521480 6
0.521315 6
0.521194 6
0.521179 6
0.521120 6
0.520141 6
0.520037 6
0.519498 6
0.518867 6
0.518746 6
0.518116 6
0.517989 6
0.517935 6
0.517824 6
0.517742 6
0.517663 6
0.517603 6
0.517355 6
0.517150 6
0.517057 6
0.517045 6
0.516967 6
0.516316 6
0.516229 5
0.515729 5
0.515716 5
0.515605 5
0.515582 5
0.515457 5
0.514940 5
0.514673 5
0.514495 5
0.514282 5
0.514096 5
0.513696 5
0.513593 5
0.513499 5
0.512505 5
0.512434 5
0.512299 5
0.512250 5
0.511910 5
0.511871 5
0.511198 5
0.511103 5
0.510982 5
0.510902 5
0.510857 5
0.510538 5
0.510502 5
0.510291 5
0.510178 5
0.510083 5
0.510029 5
0.509974 5
0.509940 5
0.509919 5
0.509693 5
0.509659 5
0.509612 5
0.509259 5
0.508800 5
0.508791 5
0.508629 5
0.508270 5
0.508103 5
0.508082 5
0.507477 5
0.507469 5
0.507054 5
0.507000 5
0.506415 5
0.506056 5
0.505706 5
0.505669 5
0.505559 5
0.505466 5
0.505356 5
0.505185 5
0.505160 5
0.505043 5
0.505032 5
0.504978 5
0.504432 5
0.504033 5
0.503923 5
0.503827 5
0.503697 5
0.503686 5
0.503673 5
0.503659 5
0.503561 5
0.503337 5
0.503085 5
0.502729 5
0.502508 5
0.501833 5
0.501549 5
0.500568 5
0.500298 5
0.500127 5
0.499914 5
0.499424 5
0.499356 5
0.499289 5
0.499032 5
0.498888 5
0.498833 5
0.498809 5
0.498531 5
0.498523 5
0.498316 5
0.497936 5
0.497224 5
0.496517 5
0.496326 5
0.496050 5
0.495915 5
0.495500 5
0.495193 5
0.495182 5
0.495163 5
0.495050 5
0.494501 5
0.494460 5
0.494445 5
0.494374 5
0.494028 5
0.493793 5
0.493699 5
0.493589 5
0.493500 5
0.493377 5
0.493009 5
0.492658 5
0.492596 5
0.492573 5
0.492483 5
0.492204 5
0.492139 5
0.491507 5
0.491349 5
0.491265 5
0.491066 5
0.490806 5
0.490705 5
0.490611 5
0.490070 5
0.490018 5
0.489905 5
0.489890 5
0.489887 5
0.489587 5
0.489578 5
0.489274 5
0.488834 5
0.488822 5
0.488713 5
0.488405 5
0.488131 5
0.487879 5
0.487808 5
0.487359 5
0.487153 5
0.487043 5
0.486661 5
0.486342 5
0.486105 5
0.486027 5
0.486017 5
0.485903 5
0.485643 5
0.485459 5
0.485330 5
0.485104 5
0.484940 5
0.484892 5
0.484871 5
0.484403 5
0.483998 5
0.483897 5
0.483800 5
0.483079 5
0.482643 5
0.482638 5
0.482278 5
0.481967 5
0.481757 5
0.481645 5
0.481340 5
0.481304 5
0.481216 5
0.481095 5
0.481028 5
0.481025 5
0.480880 5
0.480590 5
0.480514 5
0.480508 5
0.479580 5
0.479463 5
0.479400 5
0.478752 5
0.478484 5
0.478369 5
0.478294 5
0.477915 5
0.477825 5
0.476995 5
0.476820 5
0.476616 5
0.476303 5
0.476190 5
0.476185 5
0.476115 5
0.475933 5
0.475928 5
0.475801 5
0.475523 5
0.475485 5
0.475048 5
0.474805 5
0.474666 5
0.474338 5
0.474153 5
0.473757 5
0.473756 5
0.473634 5
0.473561 5
0.472994 5
0.472756 5
0.472219 5
0.471949 5
0.471805 5
0.471505 5
0.470884 5
0.470827 5
0.470824 5
0.470660 5
0.470455 5
0.470191 5
0.469865 5
0.469818 5
0.469816 5
0.469646 5
0.469515 5
0.468842 5
0.468735 5
0.468580 5
0.468520 5
0.468473 5
0.468329 5
0.468286 5
0.468237 5
0.468181 5
0.468033 5
0.467833 5
0.467641 5
0.467046 5
0.466488 5
0.466461 5
0.466365 5
0.466250 5
0.465877 5
0.465877 5
0.465756 5
0.465330 5
0.465106 5
0.465024 5
0.464937 5
0.464766 5
0.464337 5
0.464248 5
0.463537 5
0.463519 5
0.463215 5
0.463206 5
0.461849 5
0.461566 5
0.461565 5
0.461485 5
0.461051 5
0.460571 5
0.460204 5
0.460163 5
0.459873 5
0.459860 5
0.459786 5
0.459687 5
0.459640 5
0.459634 5
0.459365 5
0.458887 5
0.458694 5
0.458124 5
0.458026 5
0.457883 5
0.457769 5
0.457617 5
0.457436 5
0.457387 5
0.457267 5
0.456882 5
0.456740 5
0.456485 5
0.456452 5
0.456448 5
0.456056 5
0.455847 5
0.455760 5
0.455757 5
0.455606 5
0.455080 5
0.455080 5
0.454952 5
0.454801 5
0.454486 5
0.454302 5
0.453842 5
0.453821 5
0.453139 5
0.453054 5
0.452910 5
0.452786 5
0.452285 5
0.452051 5
0.452016 5
0.451851 5
0.451449 5
0.451446 5
0.451402 5
0.451391 5
0.451300 5
0.450863 5
0.450743 5
0.450156 5
0.450131 5
0.450004 5
0.450004 5
0.449481 5
0.448990 5
0.448662 5
0.448497 5
0.448338 5
0.448331 5
0.448318 5
0.447830 5
0.447795 5
0.447734 5
0.447340 5
0.447327 5
0.447153 5
0.446977 5
0.446952 5
0.446816 5
0.446621 5
0.446447 5
0.446363 5
0.446075 5
0.445914 5
0.445671 5
0.445666 5
0.445495 5
0.444456 5
0.444320 5
0.444213 5
0.444106 5
0.443893 5
0.443825 5
0.443224 5
0.442975 5
0.442672 5
0.442486 5
0.442475 5
0.442319 5
0.442317 5
0.442290 5
0.442218 5
0.442215 5
0.441880 5
0.441495 5
0.440828 5
0.440739 5
0.440535 5
0.440261 5
0.439943 5
0.439920 5
0.439773 5
0.439765 5
0.439050 5
0.438876 5
0.438766 5
0.438616 5
0.438342 5
0.438336 5
0.438181 5
0.437952 5
0.437712 5
0.437519 5
0.437475 5
0.437446 5
0.437109 5
0.436834 5
0.436812 5
0.436695 5
0.436160 5
0.436100 5
0.436013 5
0.435965 5
0.435862 5
0.435795 5
0.435655 5
0.435493 5
0.435436 5
0.434847 5
0.434812 5
0.434753 5
0.434626 5
0.434458 5
0.434065 5
0.433978 5
0.433880 5
0.433792 5
0.433692 5
0.433340 5
0.432782 5
0.432289 5
0.431858 5
0.431544 5
0.431375 5
0.430948 5
0.430822 5
0.430594 5
0.430287 5
0.430165 5
0.430135 5
0.429938 5
0.429830 5
0.429063 5
0.429061 5
0.429041 5
0.428975 5
0.428652 5
0.428609 5
0.428428 5
0.428366 5
0.428326 5
0.427883 5
0.427740 5
0.427637 5
0.427420 5
0.427329 5
0.427107 5
0.427001 5
0.426941 5
0.426934 5
0.426860 5
0.426609 5
0.426159 5
0.426002 5
0.425996 5
0.425705 5
0.425522 5
0.425205 5
0.425198 5
0.425137 5
0.425105 5
0.425024 5
0.424887 5
0.424676 5
0.424494 5
0.424480 5
0.424245 5
0.423373 5
0.423264 5
0.423243 5
0.422057 5
0.422003 5
0.421894 5
0.421833 5
0.421468 5
0.421225 5
0.421185 5
0.421057 5
0.420841 5
0.420615 5
0.420395 5
0.420048 5
0.419867 5
0.419452 5
0.418862 5
0.418370 5
0.418318 5
0.417891 5
0.417636 5
0.417575 5
0.417542 5
0.417468 5
0.417403 5
0.416935 5
0.416617 5
0.416372 5
0.416346 5
0.416048 5
0.416023 5
0.416013 5
0.415964 5
0.415879 5
0.415428 5
0.415141 5
0.415040 5
0.414348 5
0.414049 5
0.413822 5
0.413440 5
0.413364 5
0.413236 5
0.413084 5
0.412973 5
0.412913 5
0.412889 5
0.412628 5
0.412532 5
0.412488 5
0.412208 5
0.411993 5
0.411956 5
0.411910 5
0.411901 5
0.411482 5
0.411222 5
0.411070 5
0.411022 5
0.410978 5
0.410826 5
0.410460 5
0.410279 5
0.410208 4
0.409945 4
0.409652 4
0.409449 4
0.408806 4
0.408741 4
0.408712 4
0.408689 4
0.408267 4
0.408261 4
0.408065 4
0.408019 4
0.408009 4
0.407606 4
0.407466 4
0.407192 4
0.407114 4
0.406771 4
0.406669 4
0.406287 4
0.406093 4
0.405755 4
0.405596 4
0.405269 4
0.405156 4
0.405077 4
0.404818 4
0.404680 4
0.404418 4
0.404166 4
0.403959 4
0.403827 4
0.403793 4
0.403607 4
0.403498 4
0.403439 4
0.403432 4
0.403353 4
0.402345 4
0.402060 4
0.401466 4
0.401456 4
0.401196 4
0.401190 4
0.401007 4
0.401001 4
0.400310 4
0.400165 4
0.400011 4
0.399962 4
0.399939 4
0.399653 4
0.399561 4
0.398918 4
0.398573 4
0.398469 4
0.398410 4
0.398335 4
0.398183 4
0.398167 4
0.397917 4
0.397891 4
0.397842 4
0.397802 4
0.397772 4
0.397578 4
0.397393 4
0.397261 4
0.397239 4
0.396911 4
0.396690 4
0.396629 4
0.396612 4
0.396567 4
0.395479 4
0.395385 4
0.395363 4
0.394641 4
0.394637 4
0.394476 4
0.394298 4
0.394035 4
0.393784 4
0.393769 4
0.393708 4
0.393279 4
0.393217 4
0.393062 4
0.392967 4
0.392912 4
0.392888 4
0.392810 4
0.392592 4
0.392581 4
0.392382 4
0.391355 4
0.391218 4
0.391120 4
0.390821 4
0.390653 4
0.390043 4
0.389704 4
0.389368 4
0.389361 4
0.389331 4
0.389105 4
0.388801 4
0.388730 4
0.388265 4
0.388141 4
0.387961 4
0.387796 4
0.387753 4
0.387666 4
0.387636 4
0.387569 4
0.387081 4
0.387004 4
0.386420 4
0.386247 4
0.386077 4
0.385964 4
0.385803 4
0.385800 4
0.385786 4
0.385260 4
0.385225 4
0.385202 4
0.385195 4
0.385066 4
0.384936 4
0.384886 4
0.384560 4
0.384485 4
0.384316 4
0.384316 4
0.384013 4
0.383608 4
0.383361 4
0.382859 4
0.382590 4
0.382379 4
0.382323 4
0.382269 4
0.382235 4
0.381769 4
0.381609 4
0.381177 4
0.380729 4
0.380587 4
0.379899 4
0.379877 4
0.379841 4
0.379730 4
0.379697 4
0.379648 4
0.379352 4
0.379064 4
0.378962 4
0.378936 4
0.378324 4
0.378108 4
0.378063 4
0.377960 4
0.377651 4
0.377223 4
0.377219 4
0.376971 4
0.376923 4
0.376693 4
0.376674 4
0.376319 4
0.375779 4
0.375469 4
0.375399 4
0.375262 4
0.374911 4
0.374286 4
0.374056 4
0.373855 4
0.373760 4
0.373535 4
0.373272 4
0.372986 4
0.372981 4
0.372939 4
0.372613 4
0.372591 4
0.372557 4
0.372140 4
0.371804 4
0.371744 4
0.371588 4
0.371134 4
0.371105 4
0.370909 4
0.370351 4
0.370320 4
0.370176 4
0.370003 4
0.369850 4
0.369635 4
0.369543 4
0.369241 4
0.369217 4
0.369195 4
0.368864 4
0.368756 4
0.368655 4
0.368616 4
0.368531 4
0.367867 4
0.367701 4
0.367471 4
0.367362 4
0.367266 4
0.366846 4
0.366264 4
0.366211 4
0.365943 4
0.365907 4
0.365518 4
0.365224 4
0.365211 4
0.365196 4
0.364954 4
0.364744 4
0.364433 4
0.364399 4
0.364344 4
0.363910 4
0.363841 4
0.363540 4
0.363366 4
0.363181 4
0.362787 4
0.362736 4
0.362630 4
0.362191 4
0.361852 4
0.361501 4
0.361415 4
0.361296 4
0.361103 4
0.361004 4
0.360671 4
0.360669 4
0.360632 4
0.360443 4
0.360168 4
0.359981 4
0.359725 4
0.359657 4
0.359350 4
0.358782 4
0.358738 4
0.358705 4
0.358654 4
0.358460 4
0.358426 4
0.358422 4
0.358366 4
0.358355 4
0.357917 4
0.357618 4
0.357574 4
0.357409 4
0.356866 4
0.356610 4
0.356482 4
0.356310 4
0.356148 4
0.356032 4
0.355305 4
0.354505 4
0.354498 4
0.354187 4
0.354148 4
0.353769 4
0.353742 4
0.353737 4
0.353540 4
0.353534 4
0.353534 4
0.353471 4
0.353407 4
0.353349 4
0.353130 4
0.352731 4
0.352667 4
0.352611 4
0.352466 4
0.352334 4
0.351643 4
0.351591 4
0.351499 4
0.351104 4
0.351097 4
0.351027 4
0.350598 4
0.350492 4
0.350489 4
0.350291 4
0.350275 4
0.350086 4
0.349990 4
0.349969 4
0.349898 4
0.349893 4
0.349804 4
0.349529 4
0.349487 4
0.348779 4
0.348319 4
0.348188 4
0.347809 4
0.347801 4
0.347273 4
0.345759 4
0.345642 4
0.345520 4
0.345492 4
0.345327 4
0.345223 4
0.345217 4
0.345163 4
0.345029 4
0.344950 4
0.344603 4
0.344515 4
0.344503 4
0.344141 4
0.343897 4
0.343480 4
0.342997 4
0.342903 4
0.342768 4
0.342492 4
0.342366 4
0.342075 4
0.341948 4
0.341655 4
0.341092 4
0.340596 4
0.340584 4
0.340520 4
0.340473 4
0.340339 4
0.340249 4
0.339801 4
0.339473 4
0.339438 4
0.339337 4
0.339115 4
0.339109 4
0.339062 4
0.338946 4
0.338824 4
0.338745 4
0.338107 4
0.337392 4
0.336968 4
0.336885 4
0.336860 4
0.336849 4
0.336840 4
0.336743 4
0.336709 4
0.336485 4
0.336448 4
0.336266 4
0.335723 4
0.335423 4
0.335412 4
0.334968 4
0.334963 4
0.334782 4
0.334522 4
0.334124 4
0.334082 4
0.333475 4
0.333318 4
0.333088 4
0.333067 4
0.332850 4
0.332610 4
0.332442 4
0.332367 4
0.332330 4
0.332171 4
0.332118 4
0.332054 4
0.331715 4
0.331431 4
0.331414 4
0.331411 4
0.330714 4
0.330652 4
0.330254 4
0.330234 4
0.330159 4
0.330140 4
0.330103 4
0.330047 4
0.329671 4
0.329626 4
0.329430 4
0.329137 4
0.329064 4
0.328907 4
0.328777 4
0.327856 4
0.327520 4
0.327272 4
0.327239 4
0.327167 4
0.326987 4
0.326900 4
0.326557 4
0.326538 4
0.325987 4
0.325836 4
0.325757 4
0.325395 4
0.325383 4
0.325193 4
0.325130 4
0.324969 4
0.324882 4
0.324869 4
0.324776 4
0.324301 4
0.324189 4
0.324127 4
0.323816 4
0.322851 4
0.322704 4
0.322348 4
0.322131 4
0.322066 4
0.321587 4
0.321475 4
0.321461 4
0.321399 4
0.321072 4
0.321012 4
0.320876 4
0.320653 4
0.320568 4
0.320446 4
0.319996 4
0.319944 4
0.319754 4
0.319143 4
0.319136 4
0.319044 4
0.318886 4
0.318761 4
0.318757 4
0.318719 4
0.318698 4
0.318386 4
0.318268 4
0.317876 4
0.317448 4
0.317395 4
0.316526 4
0.316500 4
0.316200 4
0.316058 4
0.316010 4
0.315906 4
0.315751 4
0.315424 4
0.315245 4
0.315221 4
0.315076 4
0.314783 4
0.314198 4
0.313623 4
0.313489 4
0.313403 4
0.313177 4
0.312785 4
0.312570 4
0.311902 4
0.311814 4
0.311757 4
0.311668 4
0.311662 4
0.311627 4
0.311440 4
0.311397 4
0.311303 4
0.311196 4
0.311053 4
0.311000 4
0.310993 4
0.310956 4
0.310791 4
0.310682 3
0.310453 3
0.310183 3
0.309917 3
0.309811 3
0.309608 3
0.309529 3
0.308752 3
0.308707 3
0.308657 3
0.308082 3
0.308054 3
0.308021 3
0.307831 3
0.307825 3
0.307777 3
0.307633 3
0.307203 3
0.306706 3
0.305936 3
0.305592 3
0.304891 3
0.304810 3
0.304685 3
0.304511 3
0.304503 3
0.304410 3
0.304389 3
0.304252 3
0.304115 3
0.303991 3
0.303934 3
0.303783 3
0.303510 3
0.303332 3
0.303123 3
0.302927 3
0.302822 3
0.302807 3
0.302751 3
0.302681 3
0.302380 3
0.302342 3
0.302031 3
0.301688 3
0.301517 3
0.301231 3
0.301170 3
0.301113 3
0.300580 3
0.300531 3
0.299835 3
0.299716 3
0.299500 3
0.299295 3
0.299293 3
0.298975 3
0.298595 3
0.298122 3
0.298033 3
0.297906 3
0.297508 3
0.297254 3
0.296783 3
0.296664 3
0.296598 3
0.296391 3
0.296306 3
0.295839 3
0.294922 3
0.294505 3
0.294311 3
0.294195 3
0.293955 3
0.293896 3
0.293826 3
0.293497 3
0.293460 3
0.293417 3
0.293414 3
0.293412 3
0.292781 3
0.292612 3
0.292089 3
0.291961 3
0.291957 3
0.291922 3
0.291872 3
0.291071 3
0.290908 3
0.290708 3
0.290527 3
0.289978 3
0.289123 3
0.289073 3
0.288993 3
0.288844 3
0.288771 3
0.288529 3
0.288495 3
0.288287 3
0.288035 3
0.287709 3
0.287609 3
0.287574 3
0.287369 3
0.286994 3
0.286934 3
0.286934 3
0.286593 3
0.286415 3
0.286349 3
0.286295 3
0.285925 3
0.285767 3
0.285659 3
0.285478 3
0.285145 3
0.284640 3
0.284586 3
0.284557 3
0.284438 3
0.284366 3
0.284346 3
0.284312 3
0.284309 3
0.284164 3
0.284136 3
0.284020 3
0.283663 3
0.283094 3
0.282790 3
0.282760 3
0.282275 3
0.282242 3
0.282064 3
0.281961 3
0.281420 3
0.281389 3
0.281190 3
0.281029 3
0.280902 3
0.280868 3
0.280857 3
0.280713 3
0.280356 3
0.279903 3
0.279819 3
0.279806 3
0.279475 3
0.279347 3
0.279317 3
0.279147 3
0.279056 3
0.278779 3
0.278692 3
0.278652 3
0.278593 3
0.277547 3
0.277438 3
0.277291 3
0.277201 3
0.276861 3
0.276836 3
0.276709 3
0.276654 3
0.276615 3
0.276342 3
0.276276 3
0.276227 3
0.276184 3
0.276017 3
0.275667 3
0.275483 3
0.275347 3
0.275164 3
0.275143 3
0.274776 3
0.274727 3
0.274512 3
0.274149 3
0.273928 3
0.273558 3
0.273482 3
0.273124 3
0.273006 3
0.272782 3
0.272608 3
0.272239 3
0.272006 3
0.271919 3
0.271802 3
0.271710 3
0.271677 3
0.271156 3
0.270839 3
0.270799 3
0.270452 3
0.270424 3
0.270338 3
0.270316 3
0.270077 3
0.270040 3
0.269121 3
0.268567 3
0.268550 3
0.268421 3
0.268410 3
0.268135 3
0.268129 3
0.267897 3
0.267804 3
0.267355 3
0.267252 3
0.267101 3
0.266310 3
0.265820 3
0.265722 3
0.265511 3
0.265324 3
0.265317 3
0.265294 3
0.265135 3
0.265047 3
0.265040 3
0.264965 3
0.264769 3
0.264559 3
0.264366 3
0.264115 3
0.263408 3
0.263382 3
0.263230 3
0.263112 3
0.262670 3
0.262608 3
0.262282 3
0.262240 3
0.262135 3
0.262066 3
0.261854 2
0.261794 2
0.261633 2
0.261240 2
0.261210 2
0.261194 2
0.261039 2
0.260904 2
0.260751 2
0.260650 2
0.260402 2
0.260220 2
0.260160 2
0.260121 2
0.259861 2
0.259848 2
0.259776 2
0.259595 2
0.259545 2
0.259506 2
0.259379 2
0.258947 2
0.258883 2
0.258865 2
0.258730 2
0.258572 2
0.257789 2
0.257293 2
0.257104 2
0.257038 2
0.256604 2
0.256554 2
0.256429 2
0.256342 2
0.256261 2
0.256251 2
0.255382 2
0.255378 2
0.254817 2
0.254652 2
0.254587 2
0.254455 2
0.254347 2
0.254227 2
0.253989 2
0.253749 2
0.253591 2
0.253490 2
0.253094 2
0.252883 2
0.252789 2
0.252580 2
0.252560 2
0.252450 2
0.252419 2
0.251668 2
0.251504 2
0.251273 2
0.251198 2
0.251151 2
0.250752 2
0.250717 2
0.250429 2
0.250347 2
0.249935 2
0.249360 2
0.249018 2
0.248900 2
0.248412 2
0.248371 2
0.248316 2
0.248254 2
0.248161 2
0.247242 2
0.247017 2
0.247012 2
0.246449 2
0.246278 2
0.245923 2
0.245829 2
0.245759 2
0.245733 2
0.245729 2
0.245203 2
0.244557 2
0.244532 2
0.244465 2
0.244265 2
0.244176 2
0.244139 2
0.244139 2
0.243720 2
0.243311 2
0.243026 2
0.242717 2
0.242137 2
0.242132 2
0.242085 2
0.241978 2
0.241938 2
0.241924 2
0.241745 2
0.241656 2
0.241584 2
0.241506 2
0.241380 2
0.241183 2
0.240986 2
0.240802 2
0.240758 2
0.240647 2
0.239939 2
0.239883 2
0.239756 2
0.239153 2
0.238915 2
0.238722 2
0.238698 2
0.238609 2
0.238532 2
0.238108 2
0.237650 2
0.237418 2
0.237234 2
0.237208 2
0.237094 2
0.236970 2
0.236770 2
0.236603 2
0.236600 2
0.236304 2
0.235810 2
0.235638 2
0.235615 2
0.235287 2
0.235284 2
0.235284 2
0.235206 2
0.234939 2
0.234357 2
0.233783 2
0.233615 2
0.233370 2
0.233359 2
0.233298 2
0.232735 2
0.232615 2
0.232410 2
0.232280 2
0.232168 2
0.231756 2
0.230724 2
0.230393 2
0.230036 2
0.229839 2
0.229837 2
0.229089 2
0.229036 2
0.228765 2
0.228648 2
0.228588 2
0.228449 2
0.228427 2
0.228414 2
0.228316 2
0.228288 2
0.228113 2
0.228091 2
0.228086 2
0.228053 2
0.227949 2
0.227881 2
0.227835 2
0.227786 2
0.227743 2
0.227529 2
0.227443 2
0.227221 2
0.227000 2
0.226846 2
0.226123 2
0.225984 2
0.225938 2
0.225821 2
0.225812 2
0.225799 2
0.225491 2
0.225468 2
0.225281 2
0.225177 2
0.224411 2
0.223660 2
0.222977 2
0.222699 2
0.222543 2
0.222430 2
0.222362 2
0.222032 2
0.221944 2
0.221860 2
0.221476 2
0.220904 2
0.220898 2
0.220626 2
0.220444 2
0.220436 2
0.220392 2
0.220161 2
0.220082 2
0.220044 2
0.219840 2
0.219569 2
0.219338 2
0.219182 2
0.218847 2
0.218752 2
0.218697 2
0.218380 2
0.218349 2
0.217882 2
0.217749 2
0.217731 2
0.217435 2
0.217109 2
0.216976 2
0.216955 2
0.216921 2
0.216833 2
0.216131 2
0.216050 2
0.215806 2
0.215799 2
0.215641 2
0.214884 2
0.214721 2
0.214617 2
0.214410 2
0.214396 2
0.214394 2
0.214381 2
0.214170 2
0.214115 2
0.213898 2
0.213891 2
0.213795 2
0.213616 2
0.213532 2
0.212867 2
0.212778 2
0.212550 2
0.212234 2
0.212168 2
0.212102 2
0.211843 2
0.210976 2
0.210699 2
0.210179 2
0.210096 2
0.210062 2
0.209644 2
0.209524 2
0.209050 2
0.209031 2
0.208981 2
0.208747 2
0.208673 2
0.208029 2
0.207456 2
0.207372 2
0.206911 2
0.206875 2
0.206747 2
0.206577 2
0.206393 2
0.206329 2
0.206168 2
0.206009 2
0.205993 2
0.205492 2
0.205348 2
0.205250 2
0.205028 2
0.204948 2
0.204765 2
0.204535 2
0.203783 2
0.203499 2
0.203458 2
0.203404 2
0.203193 2
0.203064 2
0.201883 2
0.201784 2
0.201755 2
0.201679 2
0.201667 2
0.201226 2
0.201162 2
0.200996 2
0.200850 2
0.200793 2
0.200727 2
0.200624 2
0.200601 2
0.200376 2
0.200137 2
0.200131 2
0.200048 2
0.199977 2
0.199897 2
0.199760 2
0.199537 2
0.199152 2
0.199149 2
0.199102 2
0.198824 2
0.198719 2
0.198662 2
0.198111 2
0.198000 2
0.197966 2
0.197930 2
0.197822 2
0.197465 2
0.197452 2
0.197146 2
0.197050 2
0.195988 2
0.195899 2
0.195783 2
0.195739 2
0.195541 2
0.195325 2
0.195030 2
0.194988 2
0.193922 2
0.193846 2
0.193734 2
0.192876 2
0.192806 2
0.192629 2
0.192455 2
0.192162 2
0.191465 2
0.191379 2
0.191110 2
0.190929 2
0.190726 2
0.190707 2
0.190686 2
0.190598 2
0.190342 2
0.190308 2
0.190013 2
0.189894 2
0.189634 2
0.189547 2
0.189382 2
0.189032 2
0.188844 2
0.188660 2
0.188435 2
0.188246 2
0.187996 2
0.187868 2
0.187708 2
0.187250 2
0.187065 2
0.187049 2
0.186756 2
0.186583 2
0.186541 2
0.186513 2
0.186238 2
0.185993 2
0.185732 2
0.185651 2
0.185362 2
0.185334 2
0.185147 2
0.184729 2
0.184724 2
0.184117 2
0.184001 2
0.183930 2
0.183684 2
0.183573 2
0.183507 2
0.183383 2
0.183312 2
0.183099 2
0.182820 2
0.182405 2
0.182400 2
0.182115 2
0.181953 2
0.181892 2
0.181651 2
0.181522 2
0.180771 2
0.180394 2
0.180324 2
0.180012 2
0.179681 2
0.179554 2
0.179487 2
0.179364 2
0.179127 2
0.178747 2
0.177892 2
0.177718 2
0.177594 2
0.177303 2
0.177249 2
0.176713 2
0.176641 2
0.176291 2
0.176152 2
0.176023 2
0.175954 2
0.175924 2
0.175870 2
0.175478 2
0.175265 2
0.175258 2
0.175248 2
0.175183 2
0.174968 2
0.174943 2
0.174357 2
0.174061 2
0.173911 2
0.173573 2
0.173560 2
0.173275 2
0.172673 2
0.172587 2
0.172418 2
0.172399 2
0.172390 2
0.171888 2
0.171704 2
0.171579 2
0.171237 2
0.171233 2
0.170888 2
0.170851 2
0.170443 2
0.170409 2
0.170274 2
0.170248 2
0.169938 2
0.169662 2
0.169580 2
0.169076 2
0.168961 2
0.168615 2
0.168496 2
0.168406 2
0.168392 2
0.168024 2
0.167933 2
0.167900 2
0.167733 2
0.167551 2
0.167527 2
0.167374 2
0.167144 2
0.166785 2
0.166682 2
0.166014 2
0.164921 2
0.164643 2
0.164369 2
0.164345 2
0.164175 2
0.164083 2
0.163613 2
0.163572 2
0.163188 2
0.163115 2
0.163064 2
0.162938 2
0.162915 2
0.162826 2
0.162611 2
0.162544 2
0.162270 2
0.162260 2
0.162177 2
0.162118 2
0.162056 2
0.161645 2
0.161612 2
0.161291 2
0.161248 2
0.160966 2
0.160930 2
0.160103 2
0.159514 2
0.159304 2
0.159013 2
0.158939 2
0.158854 2
0.158831 2
0.158794 2
0.158346 2
0.158211 2
0.158026 2
0.157750 2
0.157330 2
0.157252 2
0.157179 2
0.156931 2
0.156655 2
0.156561 2
0.156467 2
0.156403 2
0.156390 2
0.156202 2
0.155768 2
0.155635 2
0.155500 2
0.155473 2
0.155390 2
0.155240 2
0.155148 2
0.155116 2
0.154871 2
0.154860 2
0.154483 2
0.153410 2
0.152716 2
0.152565 2
0.152526 2
0.152385 2
0.152131 2
0.151955 2
0.151955 2
0.151635 2
0.151507 2
0.151320 2
0.151250 2
0.151101 2
0.150924 2
0.150293 2
0.150134 2
0.149906 2
0.149812 2
0.149773 2
0.149684 2
0.149305 2
0.149238 2
0.149098 2
0.148729 2
0.148548 2
0.148403 2
0.148397 2
0.148187 2
0.147747 2
0.147292 2
0.147062 2
0.146746 2
0.146705 2
0.146436 2
0.146414 2
0.146187 2
0.146092 2
0.145787 2
0.145691 2
0.145618 2
0.145493 2
0.145374 2
0.145358 2
0.144911 2
0.144702 2
0.144649 2
0.144646 2
0.144490 2
0.144413 2
0.144079 2
0.143599 2
0.143138 2
0.143055 2
0.142515 2
0.142488 2
0.142201 2
0.142024 2
0.141807 2
0.141549 2
0.141524 2
0.141087 2
0.140716 2
0.140085 2
0.139919 2
0.139804 2
0.139521 2
0.139365 2
0.139238 2
0.139190 2
0.139154 2
0.138923 2
0.138534 2
0.138080 2
0.138054 2
0.137974 2
0.137781 2
0.137755 2
0.137557 2
0.137516 2
0.136919 2
0.136873 2
0.136666 2
0.136231 2
0.136211 2
0.135772 2
0.135638 2
0.135196 2
0.135151 2
0.134762 2
0.134448 2
0.134384 2
0.134258 2
0.134039 2
0.134017 2
0.133989 2
0.133917 2
0.133395 2
0.133361 2
0.133017 2
0.132939 2
0.132908 2
0.132867 2
0.132714 2
0.132431 2
0.131937 2
0.131850 2
0.131849 2
0.131527 2
0.131283 2
0.130961 2
0.130824 2
0.130671 2
0.130607 2
0.130517 2
0.130231 2
0.130110 2
0.130093 2
0.130063 2
0.129006 2
0.128606 2
0.128523 2
0.128484 2
0.128121 2
0.127987 2
0.127878 2
0.127538 2
0.126720 2
0.126708 2
0.126698 2
0.126126 2
0.125780 2
0.125759 2
0.125622 2
0.125560 2
0.125552 2
0.125189 2
0.125188 2
0.125047 2
0.124923 2
0.124155 2
0.124001 2
0.123974 2
0.123830 2
0.123774 2
0.123536 2
0.123279 2
0.123132 2
0.123117 2
0.123112 2
0.123035 2
0.122973 2
0.122382 2
0.121930 2
0.121893 2
0.121880 2
0.121858 2
0.121353 2
0.121340 2
0.121014 2
0.120928 2
0.120876 2
0.120831 2
0.120704 2
0.120516 2
0.120348 2
0.120229 2
0.120087 2
0.120028 2
0.120007 2
0.119712 2
0.119282 2
0.118837 2
0.118286 2
0.118170 2
0.118121 2
0.117970 2
0.117779 2
0.117638 2
0.117349 2
0.117300 2
0.116819 2
0.116516 2
0.116512 2
0.116261 2
0.116180 2
0.115889 2
0.115839 2
0.115806 2
0.115790 2
0.115513 2
0.115451 2
0.115167 2
0.114229 2
0.114163 2
0.114160 2
0.114106 2
0.113742 2
0.113567 2
0.113371 2
0.113142 2
0.113005 2
0.112929 2
0.112834 2
0.112677 2
0.112656 2
0.112575 2
0.112493 2
0.112198 2
0.111620 2
0.111489 2
0.111268 2
0.110966 2
0.110864 2
0.110852 2
0.110758 2
0.110660 2
0.110100 2
0.110085 2
0.109824 2
0.109643 2
0.109577 2
0.109461 2
0.108728 2
0.108673 2
0.108303 2
0.108161 2
0.107484 2
0.107038 2
0.106746 2
0.106403 2
0.105792 2
0.105412 2
0.105380 2
0.105096 2
0.104982 2
0.104953 2
0.104844 2
0.104783 2
0.104559 2
0.104516 2
0.104474 2
0.104429 2
0.104011 2
0.103540 2
0.103413 2
0.103400 2
0.103372 2
0.103253 2
0.103124 2
0.103020 2
0.102695 2
0.102651 2
0.102573 2
0.102284 2
0.102134 2
0.102053 2
0.101347 2
0.101314 2
0.101052 2
0.100814 2
0.100778 2
0.100762 2
0.100553 2
0.100528 2
0.100386 2
0.100025 2
0.099930 2
0.099441 2
0.099429 2
0.099350 2
0.099266 2
0.099188 2
0.099055 2
0.099018 2
0.098940 2
0.098891 2
0.098750 2
0.098439 2
0.098104 2
0.098081 2
0.097750 2
0.097598 2
0.097557 2
0.097368 2
0.097288 2
0.097093 2
0.096563 2
0.096533 2
0.096518 2
0.096498 2
0.096441 2
0.095993 2
0.095458 2
0.095234 2
0.094768 2
0.094661 2
0.094614 2
0.094491 2
0.094094 2
0.093541 2
0.093227 2
0.092768 2
0.092742 2
0.092580 2
0.092349 2
0.092220 2
0.091690 2
0.091450 2
0.091156 2
0.090948 2
0.090396 2
0.089970 2
0.089900 2
0.089497 2
0.089297 2
0.089180 2
0.089127 2
0.088888 2
0.088362 2
0.088259 2
0.088149 2
0.088113 2
0.088069 2
0.087889 2
0.087887 2
0.087657 2
0.087602 2
0.087592 2
0.087532 2
0.087333 2
0.087023 2
0.086963 2
0.086836 2
0.086664 2
0.086484 2
0.086356 2
0.086353 2
0.086118 2
0.085942 2
0.085871 2
0.085800 2
0.084874 2
0.084738 2
0.084503 2
0.084465 2
0.084406 2
0.084357 2
0.084294 2
0.084115 2
0.083991 2
0.083898 2
0.083843 2
0.083747 2
0.083717 2
0.083591 2
0.083357 2
0.083155 2
0.082900 2
0.082604 2
0.082068 2
0.081933 2
0.081536 2
0.081508 2
0.081228 2
0.081211 2
0.080789 2
0.080295 2
0.080263 2
0.080157 2
0.080155 2
0.080150 2
0.079611 2
0.079453 2
0.078914 2
0.078575 2
0.078544 2
0.078087 2
0.077731 2
0.077573 2
0.077468 2
0.077270 2
0.077246 2
0.077006 2
0.076924 2
0.076880 2
0.076742 2
0.076147 2
0.076105 2
0.076070 2
0.075443 2
0.075403 2
0.074999 2
0.074958 2
0.074697 2
0.074578 2
0.074548 2
0.074496 2
0.074412 2
0.074233 2
0.074020 2
0.073425 2
0.073263 2
0.072975 2
0.072577 2
0.072456 2
0.072314 2
0.072307 2
0.072288 2
0.071805 2
0.071777 2
0.071748 2
0.071726 2
0.071661 2
0.071503 2
0.071315 2
0.070980 2
0.070932 2
0.070719 2
0.070417 2
0.069944 2
0.069623 2
0.069564 2
0.069399 2
0.069030 2
0.068832 2
0.068537 2
0.068305 2
0.068131 2
0.068007 2
0.067991 2
0.067880 2
0.067570 2
0.066797 2
0.066581 2
0.066258 2
0.066192 2
0.066097 2
0.066093 2
0.066073 2
0.066049 2
0.065859 2
0.065374 2
0.065165 2
0.064976 2
0.064896 2
0.064890 2
0.064665 2
0.064631 2
0.064490 2
0.064369 2
0.063822 2
0.063793 2
0.063697 2
0.063357 2
0.062805 2
0.061924 2
0.061728 2
0.061699 2
0.061690 2
0.061581 2
0.061366 2
0.061261 2
0.061162 2
0.061068 2
0.060655 2
0.060606 2
0.060399 2
0.060264 2
0.060234 2
0.059986 2
0.059857 2
0.059611 2
0.059575 2
0.059208 2
0.059197 2
0.057869 2
0.057851 2
0.057768 2
0.057365 2
0.057227 2
0.057196 2
0.056850 2
0.056838 2
0.056765 2
0.056745 2
0.056443 2
0.055369 2
0.055007 2
0.054987 2
0.054864 2
0.054687 2
0.054584 2
0.054506 2
0.054421 2
0.054316 2
0.054280 2
0.054059 2
0.054055 2
0.054029 2
0.054027 2
0.053704 2
0.053571 2
0.053303 2
0.053280 2
0.053166 2
0.053052 2
0.052746 2
0.052555 2
0.052393 2
0.052229 2
0.052202 2
0.052014 2
0.051885 2
0.051420 2
0.051406 2
0.050528 2
0.050489 2
0.050434 2
0.050066 2
0.050048 2
0.049927 2
0.049672 2
0.049369 2
0.049033 2
0.048766 2
0.048399 2
0.048372 2
0.048165 2
0.048157 2
0.048152 2
0.048136 2
0.048040 2
0.047930 2
0.047910 2
0.047881 2
0.047715 2
0.047265 2
0.047039 2
0.046970 2
0.046636 2
0.046548 2
0.046051 2
0.046043 2
0.045869 2
0.045722 2
0.045668 2
0.045644 2
0.045352 2
0.045260 2
0.045213 2
0.044909 2
0.044219 2
0.044079 2
0.043977 2
0.043781 2
0.043696 2
0.043614 2
0.043323 2
0.043321 2
0.043261 2
0.043054 2
0.042737 2
0.042711 2
0.042608 2
0.042490 2
0.041319 2
0.041033 2
0.040614 2
0.040400 2
0.040384 2
0.040136 2
0.040014 2
0.039846 2
0.039729 2
0.039443 2
0.039272 2
0.039234 2
0.039109 2
0.039083 2
0.038933 2
0.038896 2
0.038558 2
0.038412 2
0.037704 2
0.037591 2
0.037591 2
0.037509 2
0.036832 2
0.036458 2
0.036295 2
0.036151 2
0.035922 2
0.035864 2
0.035856 2
0.035518 2
0.035078 2
0.034877 2
0.034815 2
0.034374 2
0.033881 2
0.033788 2
0.033678 2
0.033287 2
0.033263 2
0.033146 2
0.033123 2
0.033102 2
0.032857 2
0.032667 2
0.032538 2
0.032308 2
0.032015 2
0.031556 2
0.031180 2
0.030909 2
0.030783 2
0.030322 2
0.030076 2
0.029986 2
0.029933 2
0.029679 2
0.029459 2
0.029352 2
0.029330 2
0.029300 2
0.029118 2
0.028923 2
0.028899 2
0.028853 2
0.028495 2
0.027921 2
0.027892 2
0.027759 1
0.027752 1
0.027656 1
0.027610 1
0.027586 1
0.027493 1
0.027320 1
0.026986 1
0.026819 1
0.026630 1
0.026571 1
0.025985 1
0.025389 1
0.025287 1
0.025152 1
0.025141 1
0.024694 1
0.024669 1
0.024336 1
0.024057 1
0.023809 1
0.023189 1
0.023053 1
0.023028 1
0.022990 1
0.022937 1
0.022853 1
0.022744 1
0.022559 1
0.022509 1
0.022330 1
0.022203 1
0.022105 1
0.021776 1
0.021736 1
0.021189 1
0.020979 1
0.020964 1
0.020641 1
0.020449 1
0.020272 1
0.020245 1
0.020056 1
0.019937 1
0.019921 1
0.018977 1
0.018911 1
0.018726 1
0.018612 1
0.018359 1
0.017980 1
0.017454 1
0.017359 1
0.017090 1
0.017021 1
0.016662 1
0.016426 1
0.016132 1
0.016097 1
0.015916 1
0.015557 1
0.015419 1
0.015306 1
0.015190 1
0.014971 1
0.014845 1
0.014204 1
0.013857 1
0.013622 1
0.013531 1
0.013478 1
0.013403 1
0.013205 1
0.013071 1
0.012778 1
0.012689 1
0.012569 1
0.011774 1
0.011084 1
0.010730 1
0.010579 1
0.010225 1
0.010101 1
0.009827 1
0.009787 1
0.009645 1
0.009541 1
0.009471 1
0.009426 1
0.009392 1
0.009230 1
0.008922 1
0.008740 1
0.008731 1
0.008551 1
0.008273 1
0.008196 1
0.007982 1
0.007799 1
0.007678 1
0.007659 1
0.007647 1
0.007640 1
0.006959 1
0.006761 1
0.006256 1
0.006032 1
0.005983 1
0.005946 1
0.005758 1
0.005622 1
0.005515 1
0.005502 1
0.005025 1
0.005024 1
0.004885 1
0.004713 1
0.004683 1
0.004662 1
0.004599 1
0.004440 1
0.004152 1
0.004107 1
0.004107 1
0.003701 1
0.003516 1
0.003149 1
0.002901 1
0.002866 1
0.002712 1
0.002574 1
0.002273 1
0.002266 1
0.002131 1
0.001771 1
0.001556 1
0.001327 1
0.000624 1
0.000220 1
0.000159 1
0.000074 1
0.000072 1
0.000064 1
0.000038 0
0.000035 0
0.000032 0
