0.970605 956 0.00100194
0.970605 955 0.00100758
0.970605 954 0.00100762
0.970605 953 0.00102048
0.970605 952 0.00102407
0.970605 951 0.00102585
0.970605 950 0.00104796
0.970605 949 0.00104931
0.970605 948 0.00105234
0.970412 948 0.00105592
0.970412 947 0.00106601
0.970412 946 0.00106612
0.970412 945 0.00107147
0.970412 944 0.00107262
0.970412 943 0.00107772
0.970412 942 0.00108273
0.970412 941 0.00109889
0.970219 941 0.00110111
0.970219 940 0.00110316
0.970219 939 0.00110373
0.970219 938 0.00110518
0.970219 937 0.001111
0.970219 936 0.0011119
0.970219 935 0.00111491
0.970219 934 0.0011153
0.970219 933 0.00111906
0.970219 932 0.00112301
0.970219 931 0.00112466
0.970219 930 0.0011292
0.970219 929 0.00113611
0.970219 928 0.0011443
0.970219 927 0.00114512
0.970219 926 0.00115065
0.970219 925 0.00115354
0.970219 924 0.00115362
0.970219 923 0.00116794
0.970219 922 0.00116959
0.970219 921 0.00117262
0.970219 920 0.00117639
0.970219 919 0.00117708
0.970219 918 0.00120606
0.970219 917 0.00121167
0.970219 916 0.0012275
0.970219 915 0.00123972
0.970219 914 0.00125543
0.970219 913 0.00126018
0.970219 912 0.00127832
0.970219 911 0.00128419
0.970219 910 0.00128667
0.970219 909 0.00129575
0.970219 908 0.00131409
0.970219 907 0.00131552
0.970219 906 0.00131889
0.970219 905 0.0013234
0.970219 904 0.00132922
0.970219 903 0.00133154
0.970219 902 0.00133171
0.970219 901 0.0013406
0.970219 900 0.00134611
0.970219 899 0.00136107
0.970219 898 0.00136421
0.970219 897 0.00140437
0.970219 896 0.00142759
0.970219 895 0.00143651
0.970219 894 0.00144027
0.970219 893 0.00144244
0.970219 892 0.0014482
0.970219 891 0.00147237
0.970219 890 0.0014768
0.970219 889 0.00148033
0.970219 888 0.00149257
0.970025 888 0.00150131
0.970025 887 0.0015067
0.970025 886 0.00153254
0.970025 885 0.00154279
0.970025 884 0.00154881
0.970025 883 0.00155329
0.969832 883 0.001566
0.969832 882 0.00156957
0.969832 881 0.00157354
0.969832 880 0.00157972
0.969832 879 0.00158257
0.969832 878 0.00158852
0.969832 877 0.0016001
0.969832 876 0.00161844
0.969832 875 0.00162666
0.969832 874 0.00164022
0.969832 873 0.00165428
0.969832 872 0.0016878
0.969832 871 0.00169507
0.969832 870 0.00169936
0.969832 869 0.0017269
0.969832 868 0.00172723
0.969832 867 0.00172729
0.969832 866 0.00173112
0.969832 865 0.00177306
0.969832 864 0.00177906
0.969832 863 0.00182908
0.969832 862 0.00186533
0.969832 861 0.00187536
0.969832 860 0.00188928
0.969832 859 0.00189347
0.969832 858 0.00190555
0.969832 857 0.00193292
0.969832 856 0.00194499
0.969832 855 0.00195839
0.969832 854 0.0019628
0.969832 853 0.00196567
0.969832 852 0.00197185
0.969832 851 0.001982
0.969832 850 0.00198309
0.969832 849 0.00199579
0.969832 848 0.00199966
0.969832 847 0.0020049
0.969638 847 0.00202182
0.969638 846 0.00204636
0.969638 845 0.00204691
0.969638 844 0.00204784
0.969638 843 0.00205199
0.969638 842 0.00206476
0.969638 841 0.00206568
0.969638 840 0.00206702
0.969638 839 0.00208482
0.969638 838 0.00208809
0.969638 837 0.0020922
0.969638 836 0.00209566
0.969638 835 0.00210963
0.969638 834 0.00211796
0.969638 833 0.00211915
0.969638 832 0.00214362
0.969638 831 0.00217016
0.969638 830 0.00218437
0.969638 829 0.00219114
0.969638 828 0.00221159
0.969638 827 0.00222267
0.969638 826 0.0022244
0.969638 825 0.0022331
0.969638 824 0.00224496
0.969638 823 0.00225629
0.969638 822 0.00225873
0.969638 821 0.0022666
0.969638 820 0.00227552
0.969638 819 0.00232219
0.969638 818 0.00233427
0.969638 817 0.00233985
0.969638 816 0.00234654
0.969638 815 0.00236522
0.969638 814 0.00237863
0.969638 813 0.0023918
0.969638 812 0.00242364
0.969638 811 0.00242958
0.969638 810 0.00245178
0.969638 809 0.00249526
0.969638 808 0.00257287
0.969638 807 0.00257532
0.969638 806 0.00258101
0.969638 805 0.00265054
0.969638 804 0.00267101
0.969638 803 0.00267838
0.969638 802 0.00268287
0.969638 801 0.00268947
0.969638 800 0.00270892
0.969638 799 0.0027147
0.969638 798 0.00271861
0.969638 797 0.00271903
0.969638 796 0.00272608
0.969638 795 0.00272698
0.969638 794 0.00274106
0.969638 793 0.00274233
0.969638 792 0.00274575
0.969638 791 0.00274868
0.969638 790 0.00278319
0.969638 789 0.00279189
0.969638 788 0.00279874
0.969638 787 0.00281678
0.969638 786 0.00281973
0.969638 785 0.00282417
0.969445 785 0.00283376
0.969445 784 0.00284574
0.969445 783 0.00285429
0.969445 782 0.00287159
0.969445 781 0.00288055
0.969445 780 0.00288164
0.969445 779 0.00289224
0.969445 778 0.00289812
0.969445 777 0.00290112
0.969445 776 0.00292943
0.969445 775 0.00294317
0.969445 774 0.00297308
0.969445 773 0.00298315
0.969445 772 0.0029981
0.969445 771 0.00300525
0.969445 770 0.00307049
0.969445 769 0.00308278
0.969445 768 0.003095
0.969445 767 0.00310699
0.969445 766 0.00311805
0.969445 765 0.00313863
0.969445 764 0.00316039
0.969445 763 0.00317215
0.969445 762 0.0031876
0.969445 761 0.00322338
0.969445 760 0.00322624
0.969445 759 0.00323632
0.969445 758 0.00332081
0.969445 757 0.00336698
0.969445 756 0.00338265
0.969445 755 0.00338514
0.969445 754 0.00342696
0.969445 753 0.00342759
0.969445 752 0.00343923
0.969445 751 0.00349697
0.969445 750 0.0035052
0.969445 749 0.00353002
0.969445 748 0.0035591
0.969445 747 0.00358125
0.969445 746 0.00359011
0.969445 745 0.0036112
0.969445 744 0.00363818
0.969252 744 0.00364034
0.969252 743 0.00373004
0.969252 742 0.00374025
0.969252 741 0.0037572
0.969252 740 0.00376811
0.969252 739 0.00380189
0.969252 738 0.00383636
0.969252 737 0.0038909
0.969252 736 0.00390094
0.969252 735 0.00398058
0.969252 734 0.00398125
0.969058 734 0.00398228
0.969058 733 0.00398815
0.969058 732 0.0040219
0.969058 731 0.00403693
0.969058 730 0.00404642
0.969058 729 0.00406302
0.969058 728 0.00410663
0.969058 727 0.0041144
0.969058 726 0.00412094
0.969058 725 0.0041504
0.968865 725 0.00415225
0.968865 724 0.00415614
0.968671 724 0.00420688
0.968671 723 0.00428788
0.968671 722 0.00438471
0.968671 721 0.00440178
0.968671 720 0.00442435
0.968671 719 0.00458428
0.968671 718 0.0045906
0.968671 717 0.00469325
0.968671 716 0.00469948
0.968671 715 0.00470586
0.968671 714 0.00477159
0.968671 713 0.00479482
0.968671 712 0.00488342
0.968671 711 0.00489665
0.968671 710 0.00491172
0.968671 709 0.00510032
0.968671 708 0.00511718
0.968671 707 0.00518031
0.968671 706 0.005208
0.968671 705 0.00528636
0.968671 704 0.00531009
0.968671 703 0.00531462
0.968671 702 0.0053205
0.968671 701 0.00533708
0.968671 700 0.00534915
0.968671 699 0.00536342
0.968671 698 0.00538433
0.968671 697 0.00539132
0.968671 696 0.00544363
0.968671 695 0.00547605
0.968671 694 0.00551105
0.968671 693 0.00556095
0.968671 692 0.00560821
0.968671 691 0.00564802
0.968671 690 0.00570355
0.968671 689 0.00575191
0.968671 688 0.00576712
0.968671 687 0.00580091
0.968671 686 0.00590704
0.968671 685 0.00591294
0.968671 684 0.00602671
0.968671 683 0.00607268
0.968671 682 0.00607441
0.968671 681 0.00622506
0.968671 680 0.00625966
0.968671 679 0.00630424
0.968671 678 0.00630819
0.968671 677 0.00647039
0.968671 676 0.00647545
0.968671 675 0.00648321
0.968671 674 0.00649936
0.968671 673 0.00654716
0.968671 672 0.00661715
0.968671 671 0.00662781
0.968671 670 0.00664026
0.968671 669 0.00684733
0.968671 668 0.00684781
0.968671 667 0.00694378
0.968671 666 0.00694473
0.968671 665 0.00715101
0.968671 664 0.00720597
0.968671 663 0.00721497
0.968671 662 0.00723207
0.968671 661 0.00733953
0.968671 660 0.00739604
0.968671 659 0.00740645
0.968671 658 0.00742131
0.968671 657 0.00747131
0.968671 656 0.00749269
0.968478 656 0.00750902
0.968478 655 0.00762039
0.968478 654 0.00763826
0.968478 653 0.00767431
0.968478 652 0.00768031
0.968478 651 0.00770274
0.968478 650 0.00781793
0.968478 649 0.00784231
0.968478 648 0.00787247
0.968478 647 0.00788204
0.968478 646 0.00791298
0.968478 645 0.0079542
0.968478 644 0.00797619
0.968478 643 0.00798518
0.968478 642 0.00809971
0.968478 641 0.00813319
0.968478 640 0.00818031
0.968478 639 0.00821933
0.968478 638 0.00822263
0.968478 637 0.00825842
0.968478 636 0.00839456
0.968478 635 0.00845322
0.968478 634 0.00854407
0.968478 633 0.00870567
0.968478 632 0.00873502
0.968478 631 0.00873728
0.968478 630 0.00875759
0.968478 629 0.00876969
0.968478 628 0.00880886
0.968478 627 0.00897928
0.968478 626 0.00911102
0.968478 625 0.00918247
0.968478 624 0.00921886
0.968478 623 0.00923853
0.968478 622 0.00925758
0.968478 621 0.00932767
0.968478 620 0.00935338
0.968478 619 0.00942725
0.968478 618 0.00953619
0.968478 617 0.00955045
0.968478 616 0.00958016
0.968478 615 0.0096207
0.968478 614 0.00962412
0.968478 613 0.0096454
0.968478 612 0.00964958
0.968478 611 0.0096833
0.968478 610 0.00970499
0.968478 609 0.00971
0.968478 608 0.00972583
0.968478 607 0.00996054
0.968285 607 0.00998544
0.968285 606 0.0100091
0.968285 605 0.0100323
0.968285 604 0.0100743
0.968285 603 0.0100764
0.968091 603 0.0100968
0.968091 602 0.0101387
0.967898 602 0.0102269
0.967898 601 0.0102929
0.967898 600 0.0103403
0.967898 599 0.0103807
0.967898 598 0.0104406
0.967898 597 0.0106351
0.967898 596 0.0106567
0.967898 595 0.0108037
0.967705 595 0.0112337
0.967705 594 0.0112756
0.967705 593 0.0113458
0.967705 592 0.0115607
0.967705 591 0.0117975
0.967705 590 0.0119012
0.967705 589 0.0120166
0.967705 588 0.0121333
0.967705 587 0.0122047
0.967705 586 0.0122276
0.967705 585 0.0123184
0.967705 584 0.0124357
0.967511 584 0.01245
0.967511 583 0.0125245
0.967511 582 0.0125856
0.967511 581 0.0126077
0.967511 580 0.0126153
0.967511 579 0.012674
0.967511 578 0.0129248
0.967511 577 0.0129812
0.967511 576 0.0134519
0.967318 576 0.0135151
0.967318 575 0.0135292
0.967318 574 0.0135749
0.967318 573 0.0136483
0.967318 572 0.0137504
0.967318 571 0.0137547
0.967318 570 0.0138271
0.967318 569 0.0139924
0.967124 569 0.014134
0.967124 568 0.0141818
0.967124 567 0.0144376
0.967124 566 0.0144395
0.967124 565 0.0144595
0.967124 564 0.0144737
0.967124 563 0.0145375
0.967124 562 0.0148654
0.967124 561 0.0148788
0.966931 561 0.0149617
0.966931 560 0.015077
0.966931 559 0.0152372
0.966931 558 0.0152604
0.966931 557 0.0152876
0.966931 556 0.0153916
0.966931 555 0.0153982
0.966931 554 0.0154015
0.966931 553 0.015424
0.966931 552 0.0154277
0.966931 551 0.0154833
0.966931 550 0.0155748
0.966738 550 0.0156789
0.966738 549 0.0157525
0.966738 548 0.0158471
0.966738 547 0.0158619
0.966738 546 0.0159126
0.966738 545 0.0162648
0.966738 544 0.0166353
0.966738 543 0.0170451
0.966738 542 0.0171705
0.966738 541 0.0173292
0.966544 541 0.0174011
0.966544 540 0.0174572
0.966544 539 0.0175721
0.966544 538 0.017621
0.966544 537 0.017674
0.966544 536 0.0176988
0.966351 536 0.0178924
0.966351 535 0.0179128
0.966351 534 0.0180554
0.966351 533 0.0182599
0.966351 532 0.0183821
0.966351 531 0.0191596
0.966351 530 0.0192784
0.966157 530 0.0193722
0.966157 529 0.0195117
0.966157 528 0.0196101
0.966157 527 0.0197285
0.965964 527 0.0199998
0.965964 526 0.0201899
0.965964 525 0.0202792
0.965964 524 0.0206862
0.965964 523 0.020915
0.965964 522 0.0209219
0.965964 521 0.0210692
0.965771 521 0.0214651
0.965771 520 0.0215221
0.965771 519 0.0218628
0.965771 518 0.021878
0.965771 517 0.0219724
0.965771 516 0.0222002
0.965771 515 0.022203
0.965771 514 0.0222295
0.965771 513 0.022342
0.965771 512 0.022604
0.965771 511 0.0228481
0.965771 510 0.0232013
0.965771 509 0.0234509
0.965577 509 0.0235239
0.965384 509 0.0236199
0.965384 508 0.0238951
0.965384 507 0.0239631
0.965384 506 0.0240715
0.965384 505 0.024282
0.965384 504 0.0243662
0.965384 503 0.0246864
0.965384 502 0.0248573
0.965384 501 0.0253133
0.965384 500 0.0254456
0.965384 499 0.0254767
0.965384 498 0.025521
0.96519 498 0.0255982
0.96519 497 0.0258084
0.96519 496 0.0261401
0.96519 495 0.0263155
0.96519 494 0.0264295
0.96519 493 0.0267157
0.96519 492 0.0268047
0.96519 491 0.0268242
0.96519 490 0.027275
0.96519 489 0.0276602
0.96519 488 0.0282266
0.96519 487 0.0285444
0.96519 486 0.0286663
0.96519 485 0.0288141
0.96519 484 0.0289733
0.96519 483 0.0293704
0.96519 482 0.029511
0.96519 481 0.0295648
0.96519 480 0.0300172
0.96519 479 0.0303202
0.96519 478 0.031135
0.96519 477 0.0313259
0.96519 476 0.0317837
0.96519 475 0.0319117
0.96519 474 0.0320182
0.96519 473 0.0320286
0.96519 472 0.0321206
0.96519 471 0.0325867
0.96519 470 0.0331426
0.96519 469 0.0336961
0.96519 468 0.0339202
0.96519 467 0.0344818
0.96519 466 0.0348101
0.96519 465 0.034938
0.96519 464 0.0353677
0.964997 464 0.0357281
0.964997 463 0.0359367
0.964997 462 0.0363118
0.964997 461 0.0369066
0.964997 460 0.0369971
0.964997 459 0.0371935
0.964997 458 0.0372217
0.964997 457 0.0383446
0.964804 457 0.0385287
0.964804 456 0.0387337
0.964804 455 0.0388996
0.964804 454 0.0392927
0.964804 453 0.0395284
0.964804 452 0.0404853
0.964804 451 0.0408048
0.964804 450 0.0423812
0.964804 449 0.0425608
0.964804 448 0.0428867
0.964804 447 0.0439419
0.964804 446 0.0443276
0.964804 445 0.0445751
0.964804 444 0.0449458
0.964804 443 0.0459121
0.964804 442 0.0463689
0.96461 442 0.0464697
0.96461 441 0.0475146
0.96461 440 0.0475383
0.96461 439 0.0482007
0.96461 438 0.048271
0.96461 437 0.0486592
0.964417 437 0.0487192
0.964417 436 0.0488569
0.964417 435 0.0499644
0.964417 434 0.0501279
0.964417 433 0.0517294
0.964417 432 0.0526917
0.964417 431 0.0527616
0.964417 430 0.053257
0.964417 429 0.0549039
0.964417 428 0.057087
0.964417 427 0.0578725
0.964417 426 0.0579614
0.964417 425 0.058346
0.964417 424 0.058741
0.964417 423 0.0590636
0.964417 422 0.0590989
0.964417 421 0.0604891
0.964417 420 0.0605674
0.964417 419 0.0606122
0.964224 419 0.0607489
0.964224 418 0.0614042
0.964224 417 0.0640283
0.964224 416 0.064088
0.964224 415 0.0646639
0.964224 414 0.0647426
0.964224 413 0.0653203
0.964224 412 0.0653346
0.964224 411 0.0653603
0.964224 410 0.0663533
0.964224 409 0.06795
0.96403 409 0.0683648
0.96403 408 0.068686
0.96403 407 0.0693881
0.96403 406 0.0706854
0.963837 406 0.0707246
0.963837 405 0.0715957
0.963837 404 0.0715966
0.963837 403 0.0733247
0.963837 402 0.0733805
0.963837 401 0.0736753
0.963837 400 0.0741721
0.963643 400 0.0748333
0.963643 399 0.0750596
0.963643 398 0.0750814
0.963643 397 0.0751867
0.963643 396 0.0757421
0.963643 395 0.0765048
0.963643 394 0.0782404
0.963643 393 0.0796818
0.96345 393 0.0811116
0.96345 392 0.0828896
0.96345 391 0.0829748
0.96345 390 0.0858074
0.96345 389 0.0865772
0.96345 388 0.0885691
0.96345 387 0.0893887
0.96345 386 0.0893903
0.963257 386 0.0896079
0.963257 385 0.0904394
0.963257 384 0.0908806
0.963063 384 0.0916766
0.96287 384 0.0922161
0.96287 383 0.0926062
0.96287 382 0.092873
0.96287 381 0.093377
0.962676 381 0.0941802
0.962676 380 0.0948333
0.962676 379 0.0960663
0.962676 378 0.098163
0.962676 377 0.0984149
0.962676 376 0.098555
0.962676 375 0.099151
0.962676 374 0.0993829
0.962676 373 0.0994509
0.962676 372 0.0996795
0.962483 372 0.10054
0.962483 371 0.100663
0.962483 370 0.10186
0.962483 369 0.102307
0.962483 368 0.10239
0.962483 367 0.103873
0.962483 366 0.103975
0.962483 365 0.104148
0.962483 364 0.104385
0.962483 363 0.105745
0.962483 362 0.105815
0.962483 361 0.108026
0.962483 360 0.109741
0.96229 360 0.113196
0.96229 359 0.114659
0.962096 359 0.117235
0.962096 358 0.117431
0.962096 357 0.11924
0.962096 356 0.121493
0.962096 355 0.123109
0.962096 354 0.125551
0.961903 354 0.126192
0.961903 353 0.130681
0.961903 352 0.133165
0.961903 351 0.133788
0.96171 351 0.134039
0.96171 350 0.134257
0.961516 350 0.134468
0.961516 349 0.136438
0.961323 349 0.137404
0.961323 348 0.138446
0.961323 347 0.139352
0.961129 347 0.140333
0.961129 346 0.146953
0.961129 345 0.148414
0.961129 344 0.15059
0.961129 343 0.153623
0.961129 342 0.155643
0.961129 341 0.155898
0.961129 340 0.156318
0.961129 339 0.159926
0.960936 339 0.161391
0.960936 338 0.164553
0.960936 337 0.164992
0.960936 336 0.165245
0.960936 335 0.165376
0.960743 335 0.166435
0.960743 334 0.17095
0.960743 333 0.17338
0.960743 332 0.174093
0.960743 331 0.178442
0.960743 330 0.179417
0.960743 329 0.1844
0.960743 328 0.186246
0.960743 327 0.189279
0.960743 326 0.189589
0.960743 325 0.190228
0.960743 324 0.190244
0.960743 323 0.195147
0.960743 322 0.201262
0.960549 322 0.203087
0.960549 321 0.203341
0.960549 320 0.205532
0.960356 320 0.209975
0.960356 319 0.210181
0.960356 318 0.210582
0.960356 317 0.211078
0.960356 316 0.211369
0.960356 315 0.216127
0.960356 314 0.216568
0.960356 313 0.220565
0.960162 313 0.222777
0.960162 312 0.227959
0.960162 311 0.231123
0.959969 311 0.231736
0.959969 310 0.232615
0.959969 309 0.234669
0.959776 309 0.238457
0.959776 308 0.238878
0.959776 307 0.240392
0.959582 307 0.240856
0.959582 306 0.243646
0.959582 305 0.245308
0.959582 304 0.252241
0.959582 303 0.257782
0.959582 302 0.258435
0.959582 301 0.25874
0.959582 300 0.259591
0.959389 300 0.259653
0.959389 299 0.260988
0.959389 298 0.261145
0.959389 297 0.261968
0.959196 297 0.265085
0.959196 296 0.268948
0.959196 295 0.270266
0.959002 295 0.274292
0.959002 294 0.276669
0.959002 293 0.280862
0.959002 292 0.281121
0.958809 292 0.285745
0.958809 291 0.289868
0.958809 290 0.290015
0.958809 289 0.2914
0.958809 288 0.291577
0.958809 287 0.297444
0.958809 286 0.302354
0.958615 286 0.30263
0.958615 285 0.302699
0.958615 284 0.306731
0.958422 284 0.306869
0.958422 283 0.311532
0.958422 282 0.313504
0.958422 281 0.314954
0.958422 280 0.316512
0.958422 279 0.316576
0.958422 278 0.321416
0.958422 277 0.328872
0.958422 276 0.32905
0.958229 276 0.33571
0.958229 275 0.336441
0.958035 275 0.348975
0.958035 274 0.352034
0.958035 273 0.354066
0.958035 272 0.355038
0.958035 271 0.360541
0.957842 271 0.364235
0.957842 270 0.367569
0.957842 269 0.370719
0.957648 269 0.374197
0.957648 268 0.376045
0.957455 268 0.376626
0.957455 267 0.386833
0.957455 266 0.388402
0.957262 266 0.389927
0.957068 266 0.390369
0.957068 265 0.393345
0.957068 264 0.393444
0.957068 263 0.404409
0.957068 262 0.40456
0.957068 261 0.405505
0.957068 260 0.408004
0.956875 260 0.413233
0.956681 260 0.422379
0.956681 259 0.423905
0.956681 258 0.427162
0.956681 257 0.43008
0.956681 256 0.431211
0.956488 256 0.431217
0.956488 255 0.433468
0.956488 254 0.433698
0.956488 253 0.435976
0.956295 253 0.439962
0.956101 253 0.442179
0.956101 252 0.443195
0.956101 251 0.444477
0.956101 250 0.447058
0.956101 249 0.4489
0.956101 248 0.44954
0.956101 247 0.451276
0.956101 246 0.454522
0.956101 245 0.45748
0.955908 245 0.459749
0.955715 245 0.470578
0.955715 244 0.475306
0.955715 243 0.481874
0.955521 243 0.483279
0.955521 242 0.485299
0.955521 241 0.488135
0.955521 240 0.489343
0.955328 240 0.490316
0.955134 240 0.491255
0.955134 239 0.492964
0.954941 239 0.496543
0.954941 238 0.501724
0.954941 237 0.501936
0.954748 237 0.506376
0.954554 237 0.506688
0.954361 237 0.509179
0.954361 236 0.515336
0.954361 235 0.521116
0.954361 234 0.521131
0.954361 233 0.522164
0.954361 232 0.523946
0.954361 231 0.525454
0.954361 230 0.530916
0.954361 229 0.532573
0.954361 228 0.533409
0.954167 228 0.533612
0.954167 227 0.536829
0.953974 227 0.537319
0.953974 226 0.539208
0.953974 225 0.542191
0.953974 224 0.544124
0.953974 223 0.544963
0.953781 223 0.547494
0.953781 222 0.548741
0.953781 221 0.550224
0.953781 220 0.556832
0.953781 219 0.562165
0.953587 219 0.563744
0.953587 218 0.569238
0.953587 217 0.57322
0.953587 216 0.574521
0.953394 216 0.575916
0.953394 215 0.576926
0.953394 214 0.588023
0.953394 213 0.590045
0.953394 212 0.591624
0.953394 211 0.592656
0.953394 210 0.593165
0.953394 209 0.593479
0.953394 208 0.599797
0.953201 208 0.600472
0.953201 207 0.603411
0.953201 206 0.605794
0.953201 205 0.607288
0.953007 205 0.607757
0.952814 205 0.618655
0.95262 205 0.620838
0.952427 205 0.626165
0.952234 205 0.626179
0.95204 205 0.63362
0.951847 205 0.638729
0.951847 204 0.640909
0.951847 203 0.641344
0.951847 202 0.647803
0.951847 201 0.648556
0.951653 201 0.651591
0.951653 200 0.653928
0.95146 200 0.659793
0.95146 199 0.66185
0.95146 198 0.663839
0.95146 197 0.675584
0.951267 197 0.677421
0.951073 197 0.677829
0.951073 196 0.677866
0.951073 195 0.679953
0.951073 194 0.681457
0.951073 193 0.684927
0.95088 193 0.689232
0.95088 192 0.690184
0.95088 191 0.690852
0.95088 190 0.691704
0.95088 189 0.696882
0.95088 188 0.69838
0.95088 187 0.702076
0.95088 186 0.705083
0.95088 185 0.705121
0.950687 185 0.707019
0.950687 184 0.71669
0.950687 183 0.71672
0.950687 182 0.718601
0.950687 181 0.71975
0.950687 180 0.724177
0.950687 179 0.726376
0.950493 179 0.728302
0.950493 178 0.73122
0.950493 177 0.731627
0.950493 176 0.732054
0.950493 175 0.733251
0.9503 175 0.734405
0.950106 175 0.734854
0.950106 174 0.737602
0.949913 174 0.737832
0.949913 173 0.745848
0.949913 172 0.749144
0.94972 172 0.757772
0.94972 171 0.759541
0.949526 171 0.761896
0.949526 170 0.762869
0.949526 169 0.765167
0.949526 168 0.767028
0.949526 167 0.769697
0.949526 166 0.772484
0.949526 165 0.774436
0.949333 165 0.775205
0.949139 165 0.775884
0.949139 164 0.777859
0.949139 163 0.781323
0.948946 163 0.78245
0.948753 163 0.785157
0.948753 162 0.786442
0.948559 162 0.788525
0.948559 161 0.795029
0.948366 161 0.799034
0.948173 161 0.801718
0.948173 160 0.802764
0.948173 159 0.804486
0.948173 158 0.808581
0.948173 157 0.811072
0.948173 156 0.811382
0.947979 156 0.812968
0.947979 155 0.813614
0.947786 155 0.814811
0.947786 154 0.815205
0.947592 154 0.821893
0.947592 153 0.826527
0.947592 152 0.827636
0.947592 151 0.828582
0.947592 150 0.831661
0.947399 150 0.834085
0.947399 149 0.83635
0.947399 148 0.842778
0.947206 148 0.843008
0.947206 147 0.843285
0.947012 147 0.845825
0.946819 147 0.84709
0.946625 147 0.848403
0.946432 147 0.848748
0.946239 147 0.850803
0.946045 147 0.850987
0.945852 147 0.85276
0.945852 146 0.853391
0.945658 146 0.854295
0.945658 145 0.856578
0.945658 144 0.862765
0.945658 143 0.863799
0.945465 143 0.864065
0.945272 143 0.8642
0.945272 142 0.864274
0.945272 141 0.864872
0.945078 141 0.865793
0.944885 141 0.865817
0.944885 140 0.866846
0.944498 140 0.87142
0.944498 139 0.874084
0.944305 139 0.874716
0.944305 138 0.875224
0.944111 138 0.875419
0.944111 137 0.87794
0.943918 137 0.87925
0.943918 136 0.882244
0.943918 135 0.884168
0.943725 135 0.885637
0.943725 134 0.889771
0.943725 133 0.890095
0.943531 133 0.89155
0.943531 132 0.89176
0.943338 132 0.89275
0.943144 132 0.895647
0.943144 131 0.896254
0.942951 131 0.896608
0.942758 131 0.901868
0.942758 130 0.903252
0.942758 129 0.90329
0.942758 128 0.908227
0.942758 127 0.910491
0.942564 127 0.910903
0.942371 127 0.912406
0.942371 126 0.913503
0.942178 126 0.913716
0.942178 125 0.914808
0.942178 124 0.91513
0.942178 123 0.916146
0.942178 122 0.917757
0.941984 122 0.917941
0.941791 122 0.919937
0.941597 122 0.921918
0.941404 122 0.922389
0.941404 121 0.922467
0.941404 120 0.923749
0.941404 119 0.925295
0.941211 119 0.925689
0.941017 119 0.927663
0.941017 118 0.92824
0.940824 118 0.928413
0.940824 117 0.929378
0.940824 116 0.931137
0.940824 115 0.931787
0.94063 115 0.932278
0.940437 115 0.932621
0.940437 114 0.933886
0.940244 114 0.935172
0.94005 114 0.935252
0.939857 114 0.935517
0.939857 113 0.936175
0.93947 113 0.937158
0.939277 113 0.939005
0.939083 113 0.93939
0.939083 112 0.939912
0.93889 112 0.941146
0.93889 111 0.941159
0.93889 110 0.941641
0.938697 110 0.941739
0.938503 110 0.941908
0.93831 110 0.942211
0.93831 109 0.942405
0.93831 108 0.942936
0.938116 108 0.943996
0.937923 108 0.944612
0.937923 107 0.944898
0.937923 106 0.945162
0.937923 105 0.945243
0.937923 104 0.945584
0.93773 104 0.945879
0.93773 103 0.946679
0.93773 102 0.946943
0.937536 102 0.947142
0.937343 102 0.947351
0.937149 102 0.947459
0.936956 102 0.948429
0.936956 101 0.94874
0.936763 101 0.9489
0.936763 100 0.949024
0.936763 99 0.949834
0.936569 99 0.95041
0.936569 98 0.950606
0.936376 98 0.951055
0.936376 97 0.951217
0.936376 96 0.951648
0.936183 96 0.95178
0.935989 96 0.952059
0.935989 95 0.952074
0.935796 95 0.953333
0.935796 94 0.953443
0.935602 94 0.9535
0.935409 94 0.953589
0.935216 94 0.953836
0.935216 93 0.954977
0.935022 93 0.955847
0.935022 92 0.956743
0.934829 92 0.956916
0.934829 91 0.958668
0.934829 90 0.960166
0.934829 89 0.960427
0.934635 89 0.960662
0.934635 88 0.960736
0.934442 88 0.96089
0.934249 88 0.962302
0.934055 88 0.962501
0.933862 88 0.963509
0.933862 87 0.964149
0.933862 86 0.964969
0.933669 86 0.965045
0.933669 85 0.965314
0.933475 85 0.966023
0.933475 84 0.9661
0.933282 84 0.966584
0.933088 84 0.966685
0.932895 84 0.966747
0.932702 84 0.966843
0.932508 84 0.966992
0.932315 84 0.967595
0.932121 84 0.967655
0.931928 84 0.967695
0.931928 83 0.96788
0.931735 83 0.968127
0.931541 83 0.968441
0.931541 82 0.96891
0.931348 82 0.969339
0.931155 82 0.969637
0.931155 81 0.970293
0.930961 81 0.970375
0.930768 81 0.971473
0.930768 80 0.972476
0.930768 79 0.972572
0.930574 79 0.97341
0.930574 78 0.973772
0.930381 78 0.974113
0.930188 78 0.974867
0.929994 78 0.975304
0.929801 78 0.975607
0.929607 78 0.975686
0.929414 78 0.975777
0.929221 78 0.975889
0.929221 77 0.976242
0.929027 77 0.976629
0.929027 76 0.976854
0.928834 76 0.977628
0.92864 76 0.977713
0.928447 76 0.977816
0.928254 76 0.978009
0.92806 76 0.978332
0.927867 76 0.978334
0.927674 76 0.978463
0.92748 76 0.979206
0.927287 76 0.979235
0.927093 76 0.979236
0.9269 76 0.979623
0.926707 76 0.980113
0.926513 76 0.980121
0.92632 76 0.98026
0.926126 76 0.980268
0.925933 76 0.980406
0.92574 76 0.980965
0.925546 76 0.981091
0.925353 76 0.981255
0.925353 75 0.981405
0.92516 75 0.981692
0.924966 75 0.981771
0.924773 75 0.981773
0.924579 75 0.982171
0.924386 75 0.982589
0.924386 74 0.982598
0.924193 74 0.982689
0.923999 74 0.982726
0.923806 74 0.982863
0.923612 74 0.98326
0.923419 74 0.983262
0.923419 73 0.983273
0.923419 72 0.98328
0.923226 72 0.983295
0.923032 72 0.983473
0.922839 72 0.983836
0.922646 72 0.984039
0.922646 71 0.984046
0.922452 71 0.984181
0.922452 70 0.984307
0.922259 70 0.984365
0.922259 69 0.984462
0.922259 68 0.984574
0.922065 68 0.984591
0.922065 67 0.984653
0.921872 67 0.984787
0.921679 67 0.985215
0.921485 67 0.985293
0.921292 67 0.985451
0.921098 67 0.985642
0.920905 67 0.985665
0.920712 67 0.985703
0.920712 66 0.985859
0.920518 66 0.985994
0.920518 65 0.986276
0.920325 65 0.986389
0.920132 65 0.986401
0.919938 65 0.986509
0.919938 64 0.986678
0.919938 63 0.98668
0.919745 63 0.986748
0.919551 63 0.98727
0.919551 62 0.987346
0.919551 61 0.987469
0.919358 61 0.987487
0.919165 61 0.987576
0.918971 61 0.987631
0.918971 60 0.987754
0.918971 59 0.987772
0.918778 59 0.987801
0.918584 59 0.987833
0.918584 58 0.987854
0.918391 58 0.987982
0.918198 58 0.988083
0.918004 58 0.988167
0.917811 58 0.988381
0.917617 58 0.988436
0.917424 58 0.988595
0.917231 58 0.988757
0.917037 58 0.988922
0.916844 58 0.988983
0.916651 58 0.989009
0.916457 58 0.989028
0.916264 58 0.989095
0.91607 58 0.9893
0.915877 58 0.989333
0.915684 58 0.989384
0.91549 58 0.989418
0.915297 58 0.989612
0.915103 58 0.989801
0.915103 57 0.989922
0.915103 56 0.989948
0.915103 55 0.990021
0.915103 54 0.990123
0.91491 54 0.990267
0.914717 54 0.990312
0.914717 53 0.990363
0.914523 53 0.990394
0.91433 53 0.990395
0.914137 53 0.990528
0.913943 53 0.990664
0.913943 52 0.990719
0.913943 51 0.990756
0.91375 51 0.990836
0.91375 50 0.990888
0.913556 50 0.990892
0.913363 50 0.990911
0.91317 50 0.990926
0.912976 50 0.990947
0.912783 50 0.991055
0.912589 50 0.991059
0.912396 50 0.99109
0.912396 49 0.991095
0.912203 49 0.99121
0.912009 49 0.991262
0.912009 48 0.991341
0.911816 48 0.991362
0.911623 48 0.991369
0.911429 48 0.991439
0.911236 48 0.991451
0.911236 47 0.991572
0.911042 47 0.99159
0.910849 47 0.991629
0.910656 47 0.991706
0.910462 47 0.991829
0.910269 47 0.99185
0.910269 46 0.991854
0.910075 46 0.99188
0.909882 46 0.991891
0.909689 46 0.991989
0.909495 46 0.992104
0.909495 45 0.992136
0.909302 45 0.992225
0.909108 45 0.992228
0.908915 45 0.992233
0.908915 44 0.992273
0.908722 44 0.992291
0.908528 44 0.992335
0.908335 44 0.992429
0.908335 43 0.992548
0.908142 43 0.992574
0.907948 43 0.99264
0.907948 42 0.992673
0.907755 42 0.992742
0.907561 42 0.992773
0.907368 42 0.992794
0.907175 42 0.992989
0.907175 41 0.99301
0.906981 41 0.993071
0.906981 40 0.993207
0.906981 39 0.993254
0.906788 39 0.993282
0.906401 39 0.993284
0.906208 39 0.993307
0.906014 39 0.993313
0.905821 39 0.993374
0.905628 39 0.993404
0.905628 38 0.993427
0.905434 38 0.993485
0.905241 38 0.993509
0.905047 38 0.993521
0.904854 38 0.993552
0.904661 38 0.993592
0.904467 38 0.993614
0.904467 37 0.993639
0.904274 37 0.993725
0.90408 37 0.993727
0.90408 36 0.993747
0.903887 36 0.993808
0.903694 36 0.993809
0.9035 36 0.993831
0.903307 36 0.993878
0.903114 36 0.993882
0.90292 36 0.994009
0.902727 36 0.994027
0.902727 35 0.994087
0.902533 35 0.994141
0.902533 34 0.99418
0.90234 34 0.994193
0.902147 34 0.994225
0.901953 34 0.994235
0.90176 34 0.994377
0.901566 34 0.994386
0.901373 34 0.994398
0.90118 34 0.994423
0.900986 34 0.994444
0.900793 34 0.994457
0.900599 34 0.994484
0.900406 34 0.994664
0.900213 34 0.994765
0.900019 34 0.994831
0.899826 34 0.994847
0.899633 34 0.994857
0.899439 34 0.994861
0.899246 34 0.994884
0.899246 33 0.99489
0.899052 33 0.99492
0.898859 33 0.994988
0.898666 33 0.994995
0.898472 33 0.995019
0.898279 33 0.99503
0.898085 33 0.995043
0.897892 33 0.995073
0.897699 33 0.995096
0.897505 33 0.995113
0.897312 33 0.995137
0.897119 33 0.995152
0.896732 33 0.995188
0.896538 33 0.995192
0.896345 33 0.995194
0.896152 33 0.995203
0.895958 33 0.995227
0.895765 33 0.995315
0.895571 33 0.995323
0.895378 33 0.995342
0.895185 33 0.995378
0.894991 33 0.99542
0.894798 33 0.995433
0.894605 33 0.995513
0.894411 33 0.995576
0.894218 33 0.995581
0.894024 33 0.995635
0.893831 33 0.995638
0.893638 33 0.995659
0.893444 33 0.995664
0.893251 33 0.99576
0.893057 33 0.995762
0.892864 33 0.995835
0.892671 33 0.995856
0.892477 33 0.995877
0.892284 33 0.995912
0.892284 32 0.995963
0.892091 32 0.995995
0.891897 32 0.996009
0.891704 32 0.996012
0.89151 32 0.996039
0.891317 32 0.99607
0.891317 31 0.996073
0.891124 31 0.996144
0.89093 31 0.996161
0.890737 31 0.99617
0.890543 31 0.996181
0.89035 31 0.996184
0.890157 31 0.996188
0.889963 31 0.996212
0.88977 31 0.996287
0.889576 31 0.996294
0.889576 30 0.996305
0.889383 30 0.996314
0.88919 30 0.996358
0.888996 30 0.996359
0.88861 30 0.996376
0.888416 30 0.996388
0.888223 30 0.996403
0.888029 30 0.996412
0.887836 30 0.996439
0.887643 30 0.996505
0.887449 30 0.996545
0.887256 30 0.996567
0.887256 29 0.996585
0.887062 29 0.996595
0.886869 29 0.996601
0.886482 29 0.996632
0.886289 29 0.996757
0.886096 29 0.996765
0.885902 29 0.996769
0.885709 29 0.996784
0.885515 29 0.996797
0.885322 29 0.996808
0.885129 29 0.996816
0.884935 29 0.99685
0.884742 29 0.996882
0.884548 29 0.99689
0.884548 28 0.99691
0.884355 28 0.99693
0.884162 28 0.996942
0.883968 28 0.996956
0.883968 27 0.996957
0.883968 26 0.996977
0.883775 26 0.996998
0.883582 26 0.996999
0.883388 26 0.997003
0.883195 26 0.997004
0.883001 26 0.997005
0.882808 26 0.997038
0.882808 25 0.997049
0.882615 25 0.997066
0.882421 25 0.997067
0.882228 25 0.997089
0.882034 25 0.997103
0.881841 25 0.997104
0.881648 25 0.99711
0.881454 25 0.997145
0.881261 25 0.997146
0.881067 25 0.997148
0.880874 25 0.997156
0.880681 25 0.99716
0.880487 25 0.997173
0.880294 25 0.997179
0.880101 25 0.997195
0.879907 25 0.997204
0.879714 24 0.997208
0.87952 24 0.997215
0.87952 23 0.997232
0.879327 23 0.997239
0.879134 23 0.997268
0.879134 22 0.997286
0.879134 21 0.997295
0.879134 20 0.997296
0.87894 20 0.997309
0.87894 19 0.997321
0.878747 19 0.997334
0.878553 19 0.997339
0.87836 19 0.997344
0.878167 19 0.997346
0.877973 19 0.997356
0.87778 19 0.997378
0.877587 19 0.997379
0.877393 19 0.997402
0.8772 19 0.997403
0.877006 19 0.997421
0.876813 19 0.997431
0.87662 19 0.997445
0.876426 19 0.997455
0.876426 18 0.997456
0.876233 18 0.997482
0.876039 18 0.997485
0.875846 18 0.997491
0.875653 18 0.997497
0.875459 18 0.997506
0.875266 18 0.997517
0.875073 18 0.997521
0.874879 18 0.997526
0.874686 18 0.99753
0.874492 18 0.997535
0.874299 18 0.99755
0.874106 18 0.997555
0.873912 18 0.997561
0.873719 18 0.997564
0.873525 18 0.997584
0.873332 18 0.9976
0.873139 18 0.997612
0.872945 18 0.997615
0.872945 17 0.997618
0.872752 17 0.997644
0.872558 17 0.997658
0.872558 16 0.997679
0.872365 16 0.997701
0.872365 15 0.997721
0.872172 15 0.997733
0.871978 15 0.997752
0.871785 15 0.997753
0.871592 15 0.997759
0.871592 14 0.997781
0.871398 14 0.997784
0.871205 14 0.997813
0.871011 14 0.997846
0.870818 14 0.997856
0.870625 14 0.997875
0.870431 14 0.99788
0.870238 14 0.997883
0.870044 14 0.997891
0.869851 14 0.997894
0.869658 14 0.997896
0.869464 14 0.997908
0.869271 14 0.997922
0.869078 14 0.997959
0.868884 14 0.997973
0.868691 14 0.997974
0.868691 13 0.99798
0.868497 13 0.997986
0.868304 13 0.99799
0.868111 13 0.997994
0.867917 13 0.998007
0.86753 13 0.998013
0.867337 13 0.998021
0.867144 13 0.998065
0.86695 13 0.998074
0.866757 13 0.99808
0.866564 13 0.998083
0.86637 13 0.998087
0.866177 13 0.998091
0.865983 13 0.998099
0.86579 13 0.9981
0.865597 13 0.998111
0.86521 13 0.998128
0.865016 13 0.998131
0.864823 13 0.998133
0.864823 12 0.998145
0.86463 12 0.998161
0.864436 12 0.998169
0.864243 12 0.998187
0.864243 11 0.99819
0.86405 11 0.998193
0.863856 11 0.998194
0.863663 11 0.998197
0.863469 11 0.998216
0.863469 10 0.998218
0.863276 10 0.998235
0.863083 10 0.998237
0.863083 9 0.99824
0.863083 8 0.998244
0.862889 8 0.998259
0.862696 8 0.998277
0.862696 7 0.998282
0.862502 7 0.998289
0.862309 7 0.998292
0.862116 7 0.998293
0.861535 7 0.998295
0.861342 7 0.998298
0.861149 7 0.99832
0.860955 7 0.998326
0.860762 7 0.998339
0.860569 7 0.998342
0.860375 7 0.998348
0.860182 7 0.99835
0.859988 7 0.998354
0.859795 7 0.998356
0.859602 7 0.998367
0.859408 7 0.998371
0.859215 7 0.998374
0.859021 7 0.998377
0.858635 7 0.998382
0.858441 7 0.998385
0.858248 7 0.998399
0.858055 7 0.9984
0.857861 7 0.998406
0.857668 7 0.998425
0.857474 7 0.998429
0.857281 7 0.998431
0.857088 7 0.998432
0.856894 7 0.998435
0.856701 7 0.998436
0.856507 6 0.998443
0.856314 6 0.998455
0.856121 6 0.998457
0.855927 6 0.998463
0.855734 6 0.998469
0.855541 6 0.998475
0.855541 5 0.998491
0.855347 5 0.998499
0.855154 5 0.9985
0.854767 5 0.998502
0.854574 5 0.998505
0.85438 5 0.998506
0.854187 5 0.998507
0.853993 5 0.998509
0.8538 5 0.99851
0.853607 5 0.998512
0.853413 5 0.998513
0.85322 5 0.998514
0.853026 5 0.99852
0.852833 5 0.998524
0.85264 5 0.998538
0.852446 5 0.998553
0.852253 5 0.998554
0.85206 5 0.998561
0.851866 5 0.998562
0.851673 5 0.998571
0.851479 5 0.998579
0.851286 5 0.998582
0.851093 5 0.998592
0.850899 5 0.998595
0.850706 5 0.998597
0.850512 5 0.998598
0.850319 5 0.9986
0.849932 5 0.998608
0.849739 5 0.998622
0.849546 5 0.998628
0.849352 5 0.998629
0.848965 5 0.998635
0.848772 5 0.998636
0.848579 5 0.998644
0.848385 5 0.998658
0.848192 5 0.998661
0.847998 5 0.998663
0.847805 5 0.998664
0.847612 5 0.998667
0.847418 5 0.998669
0.847225 5 0.998689
0.847032 5 0.998692
0.846838 5 0.998694
0.846451 5 0.998696
0.846258 5 0.998714
0.846065 5 0.998718
0.845871 5 0.998724
0.845678 5 0.998726
0.845484 5 0.998728
0.845291 5 0.998737
0.845098 5 0.998738
0.844904 5 0.998739
0.844711 5 0.998747
0.844518 5 0.998757
0.844324 5 0.998758
0.844131 5 0.998759
0.843937 5 0.99876
0.843744 5 0.998767
0.843551 5 0.998771
0.843357 5 0.998772
0.843164 5 0.998779
0.84297 5 0.998782
0.842777 5 0.998786
0.842584 5 0.998792
0.84239 5 0.998797
0.842003 5 0.998799
0.84181 5 0.9988
0.841617 5 0.998801
0.841423 5 0.99881
0.84123 5 0.998813
0.841037 5 0.998816
0.840843 5 0.998822
0.84065 5 0.998825
0.840456 5 0.998826
0.840263 5 0.998832
0.84007 5 0.998834
0.839876 5 0.998837
0.839683 5 0.998844
0.839489 5 0.998846
0.839296 5 0.998849
0.839103 5 0.998851
0.838909 5 0.99886
0.838716 5 0.998861
0.838523 5 0.998863
0.838329 5 0.998868
0.838136 5 0.998869
0.837749 5 0.998874
0.837556 5 0.998876
0.837362 5 0.998878
0.837169 5 0.998885
0.836975 5 0.998906
0.836782 5 0.998916
0.836589 5 0.998919
0.836395 5 0.99892
0.836202 5 0.998926
0.836009 5 0.998935
0.835815 5 0.998937
0.835622 5 0.998938
0.835428 5 0.99894
0.835235 5 0.998941
0.835042 5 0.998943
0.834848 5 0.998946
0.834655 5 0.998947
0.834461 5 0.998948
0.834268 5 0.998949
0.834075 5 0.998951
0.833881 5 0.998952
0.833688 5 0.998969
0.833494 5 0.998973
0.833108 5 0.998977
0.832914 5 0.99898
0.832721 5 0.998981
0.832528 5 0.998982
0.832334 5 0.998992
0.832141 5 0.998996
0.831947 5 0.998997
0.831754 5 0.999008
0.831561 5 0.999009
0.831367 5 0.99901
0.831174 5 0.999013
0.83098 5 0.999014
0.830787 5 0.999016
0.830594 5 0.999018
0.8304 5 0.999026
0.830207 5 0.999027
0.830014 5 0.999039
0.82982 5 0.999044
0.829627 5 0.999045
0.829433 5 0.999049
0.82924 5 0.99905
0.829047 5 0.999051
0.828853 5 0.999052
0.82866 5 0.999053
0.828466 5 0.999054
0.82808 5 0.999055
0.827886 5 0.999061
0.827693 5 0.999063
0.8275 5 0.999066
0.827306 5 0.999068
0.827113 5 0.999069
0.827113 4 0.999072
0.826919 4 0.999074
0.826726 4 0.999077
0.826339 4 0.999083
0.826146 4 0.999089
0.825952 4 0.99909
0.825759 4 0.999091
0.825566 4 0.999092
0.825372 4 0.999098
0.825179 4 0.999104
0.824792 4 0.999111
0.824405 4 0.999116
0.824019 4 0.999117
0.823632 4 0.999124
0.823245 4 0.999125
0.823052 4 0.999131
0.822665 4 0.999133
0.822471 4 0.999134
0.822278 4 0.999138
0.822085 4 0.99914
0.821891 3 0.999141
0.821698 3 0.999143
0.821505 3 0.999147
0.821311 3 0.999151
0.821118 3 0.999153
0.820924 3 0.999155
0.820731 3 0.999156
0.820344 3 0.99916
0.820151 3 0.999161
0.819957 3 0.999164
0.819764 3 0.999165
0.819571 3 0.999169
0.818991 3 0.999171
0.818797 3 0.999173
0.818604 3 0.999174
0.81841 3 0.999175
0.818217 3 0.999177
0.818024 3 0.999178
0.81783 3 0.999183
0.817637 3 0.999184
0.817443 3 0.999186
0.81725 3 0.999189
0.817057 3 0.999197
0.81667 3 0.9992
0.816477 3 0.999203
0.816283 3 0.999209
0.81609 3 0.999213
0.815896 3 0.999214
0.815703 3 0.999216
0.815316 3 0.999218
0.815123 3 0.999223
0.814929 3 0.999225
0.814736 3 0.999226
0.814543 3 0.999228
0.814349 3 0.999231
0.814156 3 0.999232
0.813962 3 0.999238
0.813769 3 0.99924
0.813382 3 0.999245
0.813189 3 0.99925
0.812996 3 0.999253
0.812802 3 0.999263
0.812609 3 0.999264
0.812415 3 0.999265
0.812222 3 0.999266
0.811835 3 0.999269
0.811642 3 0.999271
0.811255 3 0.999275
0.810868 3 0.999276
0.810675 3 0.999278
0.810482 3 0.999279
0.810288 3 0.99928
0.810095 3 0.999282
0.809708 3 0.999285
0.809515 3 0.999288
0.809321 3 0.999291
0.809128 3 0.999292
0.808934 3 0.999298
0.808741 3 0.9993
0.808548 3 0.999303
0.808161 3 0.999307
0.807774 3 0.999308
0.807387 3 0.999309
0.806807 3 0.999313
0.80642 3 0.99932
0.806227 3 0.999321
0.806034 3 0.999327
0.805647 3 0.999328
0.805453 3 0.999329
0.805067 3 0.99933
0.804873 3 0.999331
0.804487 3 0.999332
0.8041 3 0.999333
0.803713 3 0.999334
0.80352 3 0.999336
0.803326 3 0.999341
0.803133 3 0.999342
0.802746 3 0.999346
0.802553 3 0.999347
0.802359 3 0.99935
0.802166 3 0.999351
0.801973 3 0.999353
0.801779 3 0.999354
0.801586 3 0.999355
0.801392 3 0.999356
0.801199 3 0.999357
0.801006 3 0.999358
0.800812 3 0.999359
0.800619 3 0.999362
0.800425 3 0.999364
0.800232 3 0.999366
0.799845 3 0.999367
0.799652 3 0.999368
0.799072 3 0.999369
0.798878 3 0.999371
0.798685 3 0.999375
0.798298 3 0.999383
0.797911 3 0.999384
0.797911 2 0.999386
0.797718 2 0.999388
0.797525 2 0.99939
0.797331 2 0.999391
0.797138 2 0.999394
0.796944 2 0.999395
0.796751 2 0.999403
0.796558 2 0.99941
0.796364 2 0.999411
0.796171 2 0.999413
0.795978 2 0.999414
0.795784 2 0.999415
0.795591 2 0.999417
0.795204 2 0.999423
0.795011 2 0.999427
0.794817 2 0.999428
0.79443 2 0.999429
0.794237 2 0.999431
0.794044 2 0.999433
0.79385 2 0.999434
0.793657 2 0.999435
0.79327 2 0.999436
0.793077 2 0.999438
0.79269 2 0.999439
0.792497 2 0.999444
0.791916 2 0.999447
0.791336 2 0.999449
0.79095 2 0.99945
0.790756 2 0.999451
0.790563 2 0.999452
0.790369 2 0.999453
0.789983 2 0.999454
0.789789 2 0.999455
0.789596 2 0.999457
0.789402 2 0.999461
0.789016 2 0.999463
0.788629 2 0.999464
0.788436 2 0.999466
0.788242 2 0.999467
0.788049 2 0.999468
0.787855 2 0.999469
0.787662 2 0.99947
0.787469 2 0.999472
0.786695 2 0.999473
0.786502 2 0.999474
0.786308 2 0.99948
0.786115 2 0.999481
0.785728 2 0.999482
0.785148 2 0.999483
0.784955 2 0.999487
0.784761 2 0.999488
0.784568 2 0.999489
0.784374 2 0.999494
0.784181 2 0.999495
0.783794 2 0.999498
0.783407 2 0.999501
0.783214 2 0.999502
0.783021 2 0.999503
0.782634 2 0.999506
0.782247 2 0.999511
0.782054 2 0.999512
0.78186 2 0.999513
0.781087 2 0.999514
0.7807 2 0.999515
0.780313 2 0.999516
0.779927 2 0.999519
0.779733 2 0.99952
0.77954 2 0.999523
0.779153 2 0.999526
0.77896 2 0.999527
0.778766 2 0.999531
0.778573 2 0.999534
0.778379 2 0.999535
0.777993 2 0.999536
0.777799 2 0.999539
0.777606 2 0.999542
0.777412 2 0.999543
0.777026 2 0.999544
0.776832 2 0.999546
0.776446 2 0.999547
0.776252 2 0.999549
0.776059 2 0.99955
0.775865 2 0.999552
0.775479 2 0.999553
0.775285 2 0.999554
0.774898 2 0.999556
0.774705 2 0.999557
0.774125 2 0.999558
0.773738 2 0.999559
0.773351 2 0.99956
0.772965 2 0.999562
0.772771 2 0.999563
0.772384 2 0.999564
0.771998 2 0.999565
0.771611 2 0.999566
0.771418 2 0.999567
0.771224 2 0.999569
0.771031 2 0.99957
0.770644 2 0.999571
0.770451 2 0.999572
0.770257 2 0.999574
0.770064 2 0.999576
0.769484 2 0.999577
0.76929 2 0.999578
0.76871 2 0.999579
0.768517 2 0.999581
0.76813 2 0.999582
0.767937 2 0.999583
0.767743 2 0.999584
0.76755 2 0.999585
0.76697 2 0.999586
0.766776 2 0.999587
0.766583 2 0.999588
0.766196 2 0.999589
0.765809 2 0.99959
0.765423 2 0.999591
0.765229 2 0.999592
0.764842 2 0.999593
0.764649 2 0.999594
0.764069 2 0.999595
0.763875 2 0.999597
0.763489 2 0.999598
0.763102 2 0.999599
0.762522 2 0.9996
0.762328 2 0.999601
0.762135 2 0.999602
0.761361 2 0.999603
0.760975 2 0.999604
0.760588 2 0.999605
0.760201 2 0.999606
0.759621 2 0.999607
0.759428 2 0.999608
0.759234 2 0.999609
0.758654 2 0.99961
0.758267 2 0.999611
0.75788 2 0.999612
0.7573 2 0.999613
0.757107 2 0.999614
0.756914 2 0.999616
0.75672 2 0.999617
0.756527 2 0.999619
0.75614 2 0.99962
0.755947 2 0.999622
0.755753 2 0.999623
0.755366 2 0.999626
0.75498 2 0.999627
0.754593 2 0.999628
0.754206 2 0.999629
0.753433 2 0.99963
0.753239 2 0.999631
0.752852 2 0.999632
0.752079 2 0.999634
0.751499 2 0.999635
0.751305 2 0.999636
0.750919 2 0.999637
0.750725 2 0.999638
0.750145 2 0.999639
0.749952 2 0.99964
0.749565 2 0.999641
0.749178 2 0.999642
0.748985 2 0.999643
0.748405 2 0.999645
0.748211 2 0.999647
0.747824 2 0.999648
0.747244 2 0.99965
0.746857 2 0.999651
0.746664 2 0.999652
0.746277 2 0.999654
0.745891 2 0.999655
0.745117 2 0.999658
0.74473 2 0.999659
0.743957 2 0.999661
0.74357 2 0.999662
0.74299 2 0.999663
0.742216 2 0.999664
0.742023 2 0.999665
0.741443 1 0.999666
0.741056 1 0.999667
0.740863 1 0.999668
0.740669 1 0.999669
0.740089 1 0.99967
0.739509 1 0.999671
0.739315 1 0.999672
0.738542 1 0.999673
0.738155 1 0.999674
0.737962 1 0.999675
0.737575 1 0.999676
0.737188 1 0.999677
0.736608 1 0.999678
0.736415 1 0.999679
0.735834 1 0.99968
0.735448 1 0.999681
0.734674 1 0.999682
0.733901 1 0.999683
0.733707 1 0.999684
0.733127 1 0.999685
0.732547 1 0.999686
0.731773 1 0.999687
0.731 1 0.999688
0.729839 1 0.999689
0.729259 1 0.99969
0.729066 1 0.999691
0.728486 1 0.999692
0.728292 1 0.999693
0.726939 1 0.999694
0.726552 1 0.999695
0.725778 1 0.999696
0.725198 1 0.999697
0.725005 1 0.999698
0.724425 1 0.999699
0.723845 1 0.9997
0.723651 1 0.999701
0.723458 1 0.999702
0.723071 1 0.999703
0.721524 1 0.999704
0.720944 1 0.999705
0.720557 1 0.999707
0.719783 1 0.999708
0.71959 1 0.999709
0.719203 1 0.99971
0.71901 1 0.999711
0.718623 1 0.999712
0.718623 0 0.999713
0.718236 0 0.999714
0.71785 0 0.999715
0.717269 0 0.999716
0.716302 0 0.999717
0.715916 0 0.999718
0.715529 0 0.999719
0.714562 0 0.99972
0.714175 0 0.999721
0.713595 0 0.999722
0.713015 0 0.999723
0.711855 0 0.999724
0.711468 0 0.999725
0.710888 0 0.999726
0.710307 0 0.999727
0.709727 0 0.999728
0.708954 0 0.999729
0.708567 0 0.99973
0.708374 0 0.999731
0.707987 0 0.999732
0.7076 0 0.999733
0.70702 0 0.999734
0.70644 0 0.999735
0.70586 0 0.999736
0.705473 0 0.999737
0.704893 0 0.999738
0.704506 0 0.999739
0.703926 0 0.99974
0.703539 0 0.999741
0.703346 0 0.999742
0.702572 0 0.999743
0.702379 0 0.999744
0.701605 0 0.999745
0.700638 0 0.999746
0.699865 0 0.999747
0.699671 0 0.999748
0.699091 0 0.999749
0.698318 0 0.99975
0.697544 0 0.999751
0.697157 0 0.999752
0.696384 0 0.999753
0.69561 0 0.999754
0.694837 0 0.999755
0.693096 0 0.999756
0.692129 0 0.999757
0.690969 0 0.999758
0.690582 0 0.999759
0.689809 0 0.99976
0.689422 0 0.999761
0.688455 0 0.999762
0.687101 0 0.999763
0.686714 0 0.999764
0.685747 0 0.999765
0.6842 0 0.999766
0.68304 0 0.999767
0.68188 0 0.999768
0.680719 0 0.999769
0.680333 0 0.99977
0.679172 0 0.999771
0.678592 0 0.999772
0.677819 0 0.999773
0.677238 0 0.999774
0.676658 0 0.999775
0.675498 0 0.999776
0.674918 0 0.999777
0.674338 0 0.999778
0.673951 0 0.999779
0.672984 0 0.99978
0.67221 0 0.999781
0.67163 0 0.999782
0.670663 0 0.999783
0.670083 0 0.999784
0.66931 0 0.999785
0.668536 0 0.999786
0.667376 0 0.999787
0.665249 0 0.999788
0.663895 0 0.999789
0.663508 0 0.99979
0.662154 0 0.999791
0.660607 0 0.999792
0.65964 0 0.999793
0.65848 0 0.999794
0.657513 0 0.999795
0.656159 0 0.999796
0.654999 0 0.999797
0.654419 0 0.999798
0.652678 0 0.999799
0.651905 0 0.9998
0.650551 0 0.999801
0.648811 0 0.999802
0.646103 0 0.999803
0.644556 0 0.999804
0.642622 0 0.999805
0.640688 0 0.999806
0.639528 0 0.999807
0.638561 0 0.999808
0.637208 0 0.999809
0.636627 0 0.99981
0.634887 0 0.999811
0.633727 0 0.999812
0.63276 0 0.999813
0.631599 0 0.999814
0.629472 0 0.999815
0.627925 0 0.999816
0.626184 0 0.999817
0.624057 0 0.999818
0.623477 0 0.999819
0.622123 0 0.99982
0.620383 0 0.999821
0.619223 0 0.999822
0.617289 0 0.999823
0.614775 0 0.999824
0.612261 0 0.999825
0.610714 0 0.999826
0.608586 0 0.999827
0.606072 0 0.999828
0.604138 0 0.999829
0.601238 0 0.99983
0.598337 0 0.999831
0.59679 0 0.999832
0.595436 0 0.999833
0.593115 0 0.999834
0.591955 0 0.999835
0.588087 0 0.999836
0.584606 0 0.999837
0.582479 0 0.999838
0.580545 0 0.999839
0.577451 0 0.99984
0.57455 0 0.999841
0.572423 0 0.999842
0.570102 0 0.999843
0.568169 0 0.999844
0.566041 0 0.999845
0.564301 0 0.999846
0.562174 0 0.999847
0.56024 0 0.999848
0.557919 0 0.999849
0.555405 0 0.99985
0.553858 0 0.999851
0.551537 0 0.999852
0.549217 0 0.999853
0.546123 0 0.999854
0.543222 0 0.999855
0.541868 0 0.999856
0.538194 0 0.999857
0.5351 0 0.999858
0.530652 0 0.999859
0.526397 0 0.99986
0.523303 0 0.999861
0.519629 0 0.999862
0.516728 0 0.999863
0.514214 0 0.999864
0.510346 0 0.999865
0.508992 0 0.999866
0.505318 0 0.999867
0.501837 0 0.999868
0.498163 0 0.999869
0.494682 0 0.99987
0.491201 0 0.999871
0.487527 0 0.999872
0.483272 0 0.999873
0.479598 0 0.999874
0.477084 0 0.999875
0.473409 0 0.999876
0.470509 0 0.999877
0.466641 0 0.999878
0.46374 0 0.999879
0.460066 0 0.99988
0.456198 0 0.999881
0.454264 0 0.999882
0.450396 0 0.999883
0.445368 0 0.999884
0.441887 0 0.999885
0.439567 0 0.999886
0.436666 0 0.999887
0.431251 0 0.999888
0.427383 0 0.999889
0.422355 0 0.99989
0.417521 0 0.999891
0.41346 0 0.999892
0.408625 0 0.999893
0.40379 0 0.999894
0.400503 0 0.999895
0.397602 0 0.999896
0.392381 0 0.999897
0.386192 0 0.999898
0.381358 0 0.999899
0.375749 0 0.9999
0.371108 0 0.999901
0.36608 0 0.999902
0.359892 0 0.999903
0.354284 0 0.999904
0.350416 0 0.999905
0.346161 0 0.999906
0.341327 0 0.999907
0.336105 0 0.999908
0.332044 0 0.999909
0.327983 0 0.99991
0.323922 0 0.999911
0.319667 0 0.999912
0.3158 0 0.999913
0.308064 0 0.999914
0.30323 0 0.999915
0.298202 0 0.999916
0.294914 0 0.999917
0.289693 0 0.999918
0.284471 0 0.999919
0.279636 0 0.99992
0.274222 0 0.999921
0.269774 0 0.999922
0.264166 0 0.999923
0.259524 0 0.999924
0.25527 0 0.999925
0.249662 0 0.999926
0.245794 0 0.999927
0.241733 0 0.999928
0.235544 0 0.999929
0.231677 0 0.99993
0.228582 0 0.999931
0.223554 0 0.999932
0.216979 0 0.999933
0.212338 0 0.999934
0.20557 0 0.999935
0.201508 0 0.999936
0.198027 0 0.999937
0.193386 0 0.999938
0.186424 0 0.999939
0.180816 0 0.99994
0.177142 0 0.999941
0.172694 0 0.999942
0.165925 0 0.999943
0.159544 0 0.999944
0.155289 0 0.999945
0.148907 0 0.999946
0.144459 0 0.999947
0.138851 0 0.999948
0.13421 0 0.999949
0.126861 0 0.99995
0.12164 0 0.999951
0.117192 0 0.999952
0.114291 0 0.999953
0.109457 0 0.999954
0.106556 0 0.999955
0.102688 0 0.999956
0.0972733 0 0.999957
0.0928254 0 0.999958
0.0877973 0 0.999959
0.0819957 0 0.99996
0.0783214 0 0.999961
0.0723264 0 0.999962
0.0665249 0 0.999963
0.0624637 0 0.999964
0.0582092 0 0.999965
0.0558886 0 0.999966
0.0518275 0 0.999967
0.0477664 0 0.999968
0.0435119 0 0.999969
0.0380971 0 0.99997
0.034036 0 0.999971
0.0309418 0 0.999972
0.0290079 0 0.999973
0.0266873 0 0.999974
0.02456 0 0.999975
0.0212725 0 0.999976
0.0193386 0 0.999977
0.0166312 0 0.999978
0.0123767 0 0.999979
0.00966931 0 0.99998
0.00831561 0 0.999981
0.00715529 0 0.999982
0.0056082 0 0.999983
0.0042545 0 0.999984
0.00348095 0 0.999985
0.00270741 0 0.999986
0.00251402 0 0.999987
0.00154709 0 0.999988
0.00116032 0 0.999989
0.000773545 0 0.99999
0.000386772 0 0.999991
0.000193386 0 0.999992
0 0 1.79769e+308
