0.846837 956
0.846837 955
0.846837 954
0.846837 953
0.846837 952
0.846837 951
0.846837 950
0.846837 949
0.846837 948
0.846724 948
0.846724 947
0.846724 946
0.846724 945
0.846724 944
0.846724 943
0.846724 942
0.846724 941
0.846564 941
0.846564 940
0.846564 939
0.846564 938
0.846564 937
0.846564 936
0.846564 935
0.846564 934
0.846564 933
0.846564 932
0.846564 931
0.846564 930
0.846564 929
0.846564 928
0.846564 927
0.846564 926
0.846564 925
0.846564 924
0.846564 923
0.846564 922
0.846564 921
0.846564 920
0.846564 919
0.846564 918
0.846564 917
0.846564 916
0.846564 915
0.846564 914
0.846564 913
0.846564 912
0.846564 911
0.846564 910
0.846564 909
0.846564 908
0.846564 907
0.846564 906
0.846564 905
0.846564 904
0.846564 903
0.846564 902
0.846564 901
0.846564 900
0.846564 899
0.846564 898
0.846564 897
0.846564 896
0.846564 895
0.846564 894
0.846564 893
0.846564 892
0.846564 891
0.846564 890
0.846564 889
0.846564 888
0.846415 888
0.846415 887
0.846415 886
0.846415 885
0.846415 884
0.846415 883
0.846276 883
0.846276 882
0.846276 881
0.846276 880
0.846276 879
0.846276 878
0.846276 877
0.846276 876
0.846276 875
0.846276 874
0.846276 873
0.846276 872
0.846276 871
0.846276 870
0.846276 869
0.846276 868
0.846276 867
0.846276 866
0.846276 865
0.846276 864
0.846276 863
0.846276 862
0.846276 861
0.846276 860
0.846276 859
0.846276 858
0.846276 857
0.846276 856
0.846276 855
0.846276 854
0.846276 853
0.846276 852
0.846276 851
0.846276 850
0.846276 849
0.846276 848
0.846276 847
0.846191 847
0.846191 846
0.846191 845
0.846191 844
0.846191 843
0.846191 842
0.846191 841
0.846191 840
0.846191 839
0.846191 838
0.846191 837
0.846191 836
0.846191 835
0.846191 834
0.846191 833
0.846191 832
0.846191 831
0.846191 830
0.846191 829
0.846191 828
0.846191 827
0.846191 826
0.846191 825
0.846191 824
0.846191 823
0.846191 822
0.846191 821
0.846191 820
0.846191 819
0.846191 818
0.846191 817
0.846191 816
0.846191 815
0.846191 814
0.846191 813
0.846191 812
0.846191 811
0.846191 810
0.846191 809
0.846191 808
0.846191 807
0.846191 806
0.846191 805
0.846191 804
0.846191 803
0.846191 802
0.846191 801
0.846191 800
0.846191 799
0.846191 798
0.846191 797
0.846191 796
0.846191 795
0.846191 794
0.846191 793
0.846191 792
0.846191 791
0.846191 790
0.846191 789
0.846191 788
0.846191 787
0.846191 786
0.846191 785
0.84609 785
0.84609 784
0.84609 783
0.84609 782
0.84609 781
0.84609 780
0.84609 779
0.84609 778
0.84609 777
0.84609 776
0.84609 775
0.84609 774
0.84609 773
0.84609 772
0.84609 771
0.84609 770
0.84609 769
0.84609 768
0.84609 767
0.84609 766
0.84609 765
0.84609 764
0.84609 763
0.84609 762
0.84609 761
0.84609 760
0.84609 759
0.84609 758
0.84609 757
0.84609 756
0.846087 755
0.846087 754
0.846087 753
0.846087 752
0.846087 751
0.846087 750
0.846087 749
0.846087 748
0.846087 747
0.846087 746
0.846087 745
0.846087 744
0.845938 744
0.845938 743
0.845938 742
0.845938 741
0.845938 740
0.845938 739
0.845938 738
0.845938 737
0.845938 736
0.845938 735
0.845938 734
0.845796 734
0.845796 733
0.845796 732
0.845796 731
0.845796 730
0.845796 729
0.845782 728
0.845782 727
0.845782 726
0.845782 725
0.845634 725
0.845634 724
0.845527 724
0.845527 723
0.845441 722
0.845439 721
0.845439 720
0.845439 719
0.845439 718
0.845439 717
0.845439 716
0.845439 715
0.845439 714
0.845439 713
0.845439 712
0.845439 711
0.845439 710
0.845439 709
0.845439 708
0.845439 707
0.845439 706
0.845439 705
0.845439 704
0.845439 703
0.845439 702
0.845439 701
0.845439 700
0.845439 699
0.845439 698
0.845439 697
0.845439 696
0.845439 695
0.845439 694
0.845439 693
0.845439 692
0.845439 691
0.845439 690
0.845439 689
0.845439 688
0.845439 687
0.845439 686
0.845348 685
0.845348 684
0.845348 683
0.845348 682
0.845348 681
0.845348 680
0.845348 679
0.845348 678
0.845348 677
0.845348 676
0.845348 675
0.845348 674
0.845301 673
0.845266 672
0.845266 671
0.845246 670
0.845246 669
0.845246 668
0.845246 667
0.845246 666
0.845246 665
0.845246 664
0.845246 663
0.845246 662
0.845246 661
0.845246 660
0.845246 659
0.845246 658
0.845246 657
0.845246 656
0.845136 656
0.845136 655
0.845136 654
0.845136 653
0.845136 652
0.845136 651
0.845136 650
0.845136 649
0.845136 648
0.845136 647
0.845136 646
0.845136 645
0.845125 644
0.845125 643
0.845125 642
0.845125 641
0.845125 640
0.845125 639
0.845125 638
0.845125 637
0.845125 636
0.845125 635
0.845125 634
0.845125 633
0.845125 632
0.845125 631
0.845125 630
0.845125 629
0.845125 628
0.845125 627
0.845125 626
0.845125 625
0.845125 624
0.845125 623
0.845125 622
0.845125 621
0.845125 620
0.845125 619
0.845125 618
0.845125 617
0.845125 616
0.845125 615
0.845125 614
0.845125 613
0.845125 612
0.845125 611
0.845125 610
0.845125 609
0.845125 608
0.845033 607
0.844876 607
0.844876 606
0.844876 605
0.844876 604
0.844876 603
0.844745 603
0.844745 602
0.844614 602
0.844614 601
0.844614 600
0.844614 599
0.844614 598
0.844614 597
0.84452 596
0.84452 595
0.844401 595
0.844401 594
0.844401 593
0.844401 592
0.844401 591
0.844401 590
0.844401 589
0.844401 588
0.844401 587
0.844401 586
0.844401 585
0.844401 584
0.84429 584
0.84429 583
0.84429 582
0.84429 581
0.84429 580
0.84429 579
0.84429 578
0.84429 577
0.84429 576
0.844126 576
0.844126 575
0.844126 574
0.844126 573
0.844113 572
0.844113 571
0.844113 570
0.844113 569
0.843955 569
0.843955 568
0.843955 567
0.843955 566
0.843955 565
0.843955 564
0.843955 563
0.843955 562
0.843955 561
0.843838 561
0.843838 560
0.843838 559
0.843838 558
0.843838 557
0.843838 556
0.843838 555
0.843838 554
0.843838 553
0.843838 552
0.843838 551
0.843838 550
0.843734 550
0.843734 549
0.843734 548
0.843734 547
0.843734 546
0.843734 545
0.843734 544
0.843734 543
0.843734 542
0.843734 541
0.843628 541
0.843628 540
0.843628 539
0.843628 538
0.843628 537
0.843628 536
0.843528 536
0.843528 535
0.843528 534
0.843528 533
0.843528 532
0.843528 531
0.843481 530
0.843356 530
0.843356 529
0.843356 528
0.843356 527
0.843209 527
0.843209 526
0.843209 525
0.843209 524
0.843209 523
0.843209 522
0.843209 521
0.843057 521
0.843057 520
0.843 519
0.843 518
0.843 517
0.843 516
0.843 515
0.843 514
0.843 513
0.843 512
0.843 511
0.843 510
0.843 509
0.842863 509
0.842741 509
0.842741 508
0.842741 507
0.842741 506
0.842741 505
0.842741 504
0.842741 503
0.842741 502
0.842741 501
0.842741 500
0.842741 499
0.842741 498
0.842597 498
0.842527 497
0.842527 496
0.842527 495
0.842527 494
0.842527 493
0.842527 492
0.842478 491
0.842478 490
0.842478 489
0.842478 488
0.842478 487
0.842478 486
0.842478 485
0.842478 484
0.842478 483
0.842478 482
0.842478 481
0.842478 480
0.842478 479
0.842478 478
0.842478 477
0.842478 476
0.842478 475
0.842478 474
0.842478 473
0.842478 472
0.842478 471
0.842478 470
0.842478 469
0.842478 468
0.842478 467
0.842478 466
0.842478 465
0.842478 464
0.842354 464
0.842354 463
0.842354 462
0.842354 461
0.842354 460
0.842354 459
0.842354 458
0.842354 457
0.84229 457
0.84229 456
0.84229 455
0.84229 454
0.84229 453
0.84229 452
0.84229 451
0.84229 450
0.84229 449
0.84229 448
0.84229 447
0.84229 446
0.84229 445
0.84229 444
0.842229 443
0.842229 442
0.842112 442
0.842112 441
0.842112 440
0.842112 439
0.842112 438
0.842112 437
0.841949 437
0.841949 436
0.841949 435
0.841949 434
0.841949 433
0.841949 432
0.841949 431
0.841949 430
0.841949 429
0.841949 428
0.841949 427
0.841949 426
0.841949 425
0.841949 424
0.841949 423
0.841949 422
0.841949 421
0.841949 420
0.841949 419
0.84182 419
0.84182 418
0.84182 417
0.84182 416
0.84182 415
0.84182 414
0.84182 413
0.84182 412
0.84182 411
0.84182 410
0.84182 409
0.841687 409
0.841687 408
0.841687 407
0.841687 406
0.841571 406
0.841571 405
0.841571 404
0.841571 403
0.841571 402
0.841571 401
0.841571 400
0.841434 400
0.841434 399
0.841434 398
0.841434 397
0.841434 396
0.841434 395
0.84136 394
0.84136 393
0.841227 393
0.841227 392
0.841227 391
0.841227 390
0.841227 389
0.841227 388
0.841227 387
0.841227 386
0.841081 386
0.841081 385
0.841081 384
0.840947 384
0.840834 384
0.840834 383
0.840834 382
0.840834 381
0.840702 381
0.840702 380
0.840702 379
0.840702 378
0.840702 377
0.840702 376
0.840702 375
0.840702 374
0.840702 373
0.840664 372
0.840537 372
0.840537 371
0.840537 370
0.840537 369
0.840537 368
0.840537 367
0.840537 366
0.840537 365
0.840537 364
0.840537 363
0.840537 362
0.840537 361
0.840537 360
0.840387 360
0.840387 359
0.840219 359
0.840219 358
0.840219 357
0.840219 356
0.840219 355
0.840219 354
0.840103 354
0.840103 353
0.840103 352
0.840103 351
0.839991 351
0.839991 350
0.839842 350
0.839842 349
0.839689 349
0.839689 348
0.839612 347
0.839484 347
0.839419 346
0.839419 345
0.839419 344
0.839419 343
0.839419 342
0.839419 341
0.839419 340
0.839419 339
0.839278 339
0.839278 338
0.839278 337
0.839278 336
0.839278 335
0.839114 335
0.839114 334
0.839028 333
0.839028 332
0.839028 331
0.839028 330
0.839028 329
0.839028 328
0.839028 327
0.839028 326
0.839028 325
0.839028 324
0.839028 323
0.839028 322
0.83888 322
0.838807 321
0.838807 320
0.838657 320
0.838657 319
0.838657 318
0.838657 317
0.838657 316
0.838625 315
0.838625 314
0.838625 313
0.838496 313
0.838496 312
0.838496 311
0.838347 311
0.838347 310
0.838347 309
0.838181 309
0.838181 308
0.838181 307
0.838057 307
0.838057 306
0.838057 305
0.838057 304
0.838057 303
0.838057 302
0.838057 301
0.838057 300
0.837926 300
0.837926 299
0.837926 298
0.837926 297
0.837801 297
0.837801 296
0.837801 295
0.837683 295
0.837683 294
0.837683 293
0.837683 292
0.837535 292
0.837535 291
0.837535 290
0.837535 289
0.837535 288
0.837535 287
0.837535 286
0.837407 286
0.837407 285
0.837407 284
0.83728 284
0.83728 283
0.83728 282
0.83728 281
0.83728 280
0.83728 279
0.83728 278
0.83728 277
0.83728 276
0.837142 276
0.837057 275
0.836901 275
0.836901 274
0.836901 273
0.836901 272
0.836901 271
0.83672 271
0.83672 270
0.83672 269
0.836563 269
0.836563 268
0.836404 268
0.836404 267
0.836404 266
0.8363 266
0.836165 266
0.836165 265
0.836165 264
0.836165 263
0.836165 262
0.836165 261
0.836165 260
0.83606 260
0.835904 260
0.835904 259
0.835904 258
0.835904 257
0.835904 256
0.835802 256
0.835802 255
0.835714 254
0.835714 253
0.835589 253
0.835444 253
0.835444 252
0.835444 251
0.835444 250
0.835444 249
0.835444 248
0.835444 247
0.835424 246
0.835424 245
0.835278 245
0.835167 245
0.835167 244
0.835167 243
0.835024 243
0.835024 242
0.834992 241
0.834992 240
0.83485 240
0.834711 240
0.834711 239
0.834599 239
0.834597 238
0.834597 237
0.834462 237
0.834302 237
0.834181 237
0.834181 236
0.834181 235
0.834181 234
0.834181 233
0.834181 232
0.834181 231
0.834181 230
0.834181 229
0.834181 228
0.834069 228
0.834069 227
0.833973 227
0.833973 226
0.833877 225
0.833877 224
0.833877 223
0.83374 223
0.83374 222
0.83374 221
0.83374 220
0.83374 219
0.833626 219
0.833626 218
0.8336 217
0.8336 216
0.833468 216
0.833468 215
0.833468 214
0.833468 213
0.833468 212
0.833468 211
0.833468 210
0.833468 209
0.833468 208
0.833318 208
0.833318 207
0.833318 206
0.833318 205
0.833177 205
0.83308 205
0.832936 205
0.832788 205
0.832627 205
0.832527 205
0.832394 205
0.832394 204
0.832394 203
0.832394 202
0.832394 201
0.832256 201
0.832256 200
0.832117 200
0.832117 199
0.832117 198
0.832117 197
0.831951 197
0.831841 197
0.831841 196
0.831841 195
0.831841 194
0.831841 193
0.831703 193
0.831703 192
0.831703 191
0.831703 190
0.831703 189
0.831703 188
0.831621 187
0.831621 186
0.831621 185
0.831452 185
0.831452 184
0.831452 183
0.831452 182
0.831452 181
0.831452 180
0.831452 179
0.831338 179
0.831268 178
0.831268 177
0.831268 176
0.831268 175
0.831164 175
0.831047 175
0.831047 174
0.830913 174
0.830913 173
0.830913 172
0.830773 172
0.830773 171
0.83064 171
0.83064 170
0.83064 169
0.83064 168
0.83064 167
0.83064 166
0.83064 165
0.830489 165
0.830361 165
0.830361 164
0.830361 163
0.830205 163
0.830066 163
0.830066 162
0.829943 162
0.829943 161
0.829792 161
0.829649 161
0.829649 160
0.829649 159
0.829649 158
0.829649 157
0.829649 156
0.829517 156
0.829517 155
0.8294 155
0.8294 154
0.829294 154
0.829294 153
0.829294 152
0.829294 151
0.829294 150
0.829139 150
0.829139 149
0.829139 148
0.829014 148
0.829014 147
0.82889 147
0.828732 147
0.828613 147
0.828462 147
0.828303 147
0.828144 147
0.827971 147
0.827971 146
0.827867 146
0.827867 145
0.827867 144
0.827867 143
0.827751 143
0.827604 143
0.827604 142
0.827604 141
0.827484 141
0.827318 141
0.827318 140
0.827026 140
0.827026 139
0.826896 139
0.826896 138
0.826745 138
0.826745 137
0.826602 137
0.826602 136
0.826602 135
0.826451 135
0.826451 134
0.826451 133
0.826319 133
0.826319 132
0.826192 132
0.826056 132
0.826056 131
0.825929 131
0.825785 131
0.825785 130
0.825785 129
0.825785 128
0.825785 127
0.825669 127
0.825521 127
0.825521 126
0.825362 126
0.825362 125
0.825362 124
0.825362 123
0.825362 122
0.825198 122
0.825049 122
0.824941 122
0.8248 122
0.8248 121
0.8248 120
0.8248 119
0.824698 119
0.824541 119
0.824541 118
0.824407 118
0.824362 117
0.824362 116
0.824362 115
0.824204 115
0.82406 115
0.82406 114
0.823912 114
0.823752 114
0.823623 114
0.823623 113
0.823393 113
0.823243 113
0.823115 113
0.823036 112
0.822902 112
0.822902 111
0.822902 110
0.822758 110
0.822605 110
0.822451 110
0.822451 109
0.822451 108
0.822286 108
0.822146 108
0.822146 107
0.822146 106
0.822146 105
0.822146 104
0.822038 104
0.822038 103
0.822038 102
0.821892 102
0.821723 102
0.82158 102
0.821476 102
0.821476 101
0.821315 101
0.821315 100
0.821315 99
0.821158 99
0.821158 98
0.821045 98
0.821045 97
0.821045 96
0.820882 96
0.82075 96
0.820658 95
0.820533 95
0.820533 94
0.820368 94
0.82022 94
0.820064 94
0.820064 93
0.819913 93
0.819913 92
0.819778 92
0.819778 91
0.819778 90
0.819778 89
0.819611 89
0.819611 88
0.819433 88
0.819272 88
0.81914 88
0.819024 88
0.819024 87
0.819024 86
0.818921 86
0.818921 85
0.81875 85
0.81875 84
0.818617 84
0.818499 84
0.818334 84
0.818192 84
0.818043 84
0.817903 84
0.81777 84
0.817577 84
0.817577 83
0.817444 83
0.817277 83
0.817226 82
0.817111 82
0.816956 82
0.816956 81
0.816833 81
0.816694 81
0.816694 80
0.816694 79
0.816586 79
0.816586 78
0.816473 78
0.816301 78
0.816141 78
0.815989 78
0.81584 78
0.815723 78
0.815585 78
0.815585 77
0.815442 77
0.815442 76
0.815296 76
0.815184 76
0.815035 76
0.8149 76
0.814789 76
0.814628 76
0.814475 76
0.814362 76
0.814254 76
0.814107 76
0.813988 76
0.813821 76
0.813679 76
0.813505 76
0.813364 76
0.813198 76
0.813076 76
0.81294 76
0.81278 76
0.81278 75
0.81263 75
0.81249 75
0.812357 75
0.812207 75
0.8121 75
0.8121 74
0.811943 74
0.811781 74
0.811667 74
0.811529 74
0.811398 74
0.811398 73
0.811395 72
0.811271 72
0.811163 72
0.811055 72
0.810907 72
0.810907 71
0.810793 71
0.810793 70
0.810636 70
0.810636 69
0.810636 68
0.810485 68
0.810485 67
0.81032 67
0.810148 67
0.809998 67
0.809842 67
0.809683 67
0.809537 67
0.809398 67
0.809306 66
0.809197 66
0.809197 65
0.809066 65
0.808946 65
0.808794 65
0.808794 64
0.808701 63
0.808566 63
0.808433 63
0.808433 62
0.808433 61
0.808284 61
0.808143 61
0.807997 61
0.807997 60
0.807901 59
0.807785 59
0.807645 59
0.807645 58
0.807467 58
0.807345 58
0.807238 58
0.807113 58
0.806972 58
0.806872 58
0.806753 58
0.806586 58
0.806423 58
0.806277 58
0.806125 58
0.805965 58
0.805815 58
0.805662 58
0.80552 58
0.80535 58
0.805179 58
0.805049 58
0.805049 57
0.805049 56
0.805049 55
0.805049 54
0.804899 54
0.80475 54
0.80475 53
0.804583 53
0.804432 53
0.804324 53
0.804213 53
0.804213 52
0.804213 51
0.804055 51
0.804055 50
0.803905 50
0.803737 50
0.803601 50
0.803461 50
0.803314 50
0.803162 50
0.803001 50
0.803001 49
0.802863 49
0.80274 49
0.80274 48
0.802622 48
0.802517 48
0.802363 48
0.802205 48
0.802205 47
0.802046 47
0.801925 47
0.801781 47
0.801632 47
0.801508 47
0.801426 46
0.801268 46
0.801125 46
0.80098 46
0.800863 46
0.800863 45
0.800725 45
0.800555 45
0.800415 45
0.800415 44
0.800239 44
0.800075 44
0.799902 44
0.799902 43
0.799725 43
0.799581 43
0.799581 42
0.79943 42
0.799281 42
0.799118 42
0.799 42
0.799 41
0.798838 41
0.798838 40
0.798838 39
0.798719 39
0.798403 39
0.798256 39
0.798085 39
0.797929 39
0.797785 39
0.797785 38
0.797648 38
0.797477 38
0.797323 38
0.797156 38
0.797058 38
0.796946 38
0.796946 37
0.79678 37
0.796599 37
0.796599 36
0.796444 36
0.796291 36
0.796121 36
0.795944 36
0.795776 36
0.79561 36
0.795451 36
0.795451 35
0.795286 35
0.795286 34
0.795117 34
0.794977 34
0.794808 34
0.794663 34
0.794514 34
0.794362 34
0.794217 34
0.794066 34
0.793896 34
0.793717 34
0.793571 34
0.793398 34
0.793256 34
0.793103 34
0.792945 34
0.792822 34
0.79267 34
0.792578 33
0.792411 33
0.792254 33
0.792119 33
0.791974 33
0.791814 33
0.791643 33
0.791482 33
0.791344 33
0.791207 33
0.791047 33
0.790889 33
0.790626 33
0.790457 33
0.790313 33
0.790165 33
0.790027 33
0.789888 33
0.789761 33
0.789611 33
0.789451 33
0.789301 33
0.789132 33
0.788954 33
0.788799 33
0.788637 33
0.788488 33
0.788351 33
0.788207 33
0.788044 33
0.787925 33
0.787788 33
0.787628 33
0.787484 33
0.787313 33
0.787201 33
0.787201 32
0.787017 32
0.786857 32
0.786697 32
0.786513 32
0.78637 32
0.78637 31
0.786256 31
0.786122 31
0.785986 31
0.78584 31
0.785707 31
0.785553 31
0.785415 31
0.78527 31
0.78509 31
0.78509 30
0.784935 30
0.784775 30
0.784607 30
0.784314 30
0.784175 30
0.784038 30
0.783872 30
0.783713 30
0.783585 30
0.783425 30
0.783269 30
0.783269 29
0.783092 29
0.78293 29
0.782671 29
0.782509 29
0.782374 29
0.782203 29
0.782064 29
0.781935 29
0.781826 29
0.781675 29
0.781513 29
0.781344 29
0.781181 29
0.781181 28
0.78103 28
0.780895 28
0.780735 28
0.780735 27
0.780735 26
0.780593 26
0.780442 26
0.78028 26
0.780142 26
0.779968 26
0.779835 26
0.779835 25
0.77968 25
0.779546 25
0.779428 25
0.779274 25
0.779125 25
0.778956 25
0.778795 25
0.778662 25
0.778488 25
0.778354 25
0.778211 25
0.778088 25
0.777933 25
0.777778 25
0.777649 25
0.777458 24
0.777279 24
0.777279 23
0.777151 23
0.777004 23
0.777004 22
0.777004 21
0.777004 20
0.776886 20
0.776886 19
0.776764 19
0.776593 19
0.776448 19
0.776313 19
0.776183 19
0.776066 19
0.775891 19
0.775793 19
0.775646 19
0.775484 19
0.775362 19
0.775227 19
0.775069 19
0.775069 18
0.774935 18
0.774794 18
0.774622 18
0.774441 18
0.774303 18
0.774152 18
0.773995 18
0.773859 18
0.773706 18
0.773534 18
0.773381 18
0.773211 18
0.77307 18
0.772934 18
0.772766 18
0.772594 18
0.772419 18
0.772242 18
0.772242 17
0.772121 17
0.771975 17
0.771975 16
0.771839 16
0.771839 15
0.771727 15
0.771565 15
0.771443 15
0.7713 15
0.7713 14
0.771178 14
0.771019 14
0.770883 14
0.770745 14
0.770582 14
0.770478 14
0.770306 14
0.770176 14
0.770022 14
0.769865 14
0.76972 14
0.769571 14
0.769439 14
0.769289 14
0.769128 14
0.769128 13
0.76898 13
0.768814 13
0.768664 13
0.768511 13
0.768231 13
0.768062 13
0.767911 13
0.767759 13
0.767577 13
0.767441 13
0.767296 13
0.76716 13
0.767009 13
0.766852 13
0.766705 13
0.76638 13
0.766225 13
0.766084 13
0.766084 12
0.765919 12
0.765753 12
0.76559 12
0.76559 11
0.765429 11
0.765273 11
0.765114 11
0.764947 11
0.764947 10
0.764788 10
0.76464 10
0.76464 9
0.76464 8
0.764479 8
0.764344 8
0.764344 7
0.764168 7
0.764 7
0.763842 7
0.763382 7
0.763266 7
0.763115 7
0.762949 7
0.76281 7
0.762663 7
0.762513 7
0.762365 7
0.762204 7
0.762046 7
0.761896 7
0.761731 7
0.761577 7
0.761416 7
0.761106 7
0.760942 7
0.760783 7
0.76064 7
0.760489 7
0.760319 7
0.760189 7
0.760019 7
0.759865 7
0.759755 7
0.759573 7
0.759405 6
0.759232 6
0.759083 6
0.758902 6
0.758725 6
0.758561 6
0.758561 5
0.758424 5
0.758258 5
0.757954 5
0.757803 5
0.757659 5
0.757497 5
0.757348 5
0.757192 5
0.75704 5
0.756892 5
0.756738 5
0.756564 5
0.756413 5
0.756251 5
0.75609 5
0.755948 5
0.755775 5
0.75563 5
0.755472 5
0.755326 5
0.755175 5
0.75502 5
0.75487 5
0.754708 5
0.754549 5
0.754407 5
0.754087 5
0.753928 5
0.753783 5
0.753638 5
0.753377 5
0.753241 5
0.753092 5
0.752949 5
0.752802 5
0.752678 5
0.752533 5
0.752391 5
0.752244 5
0.752088 5
0.751941 5
0.751766 5
0.751427 5
0.751267 5
0.75113 5
0.750993 5
0.750815 5
0.750659 5
0.750483 5
0.750323 5
0.750213 5
0.750074 5
0.749915 5
0.749744 5
0.749607 5
0.749454 5
0.749317 5
0.749187 5
0.749012 5
0.748879 5
0.748735 5
0.748585 5
0.748432 5
0.748298 5
0.747968 5
0.747813 5
0.747669 5
0.747504 5
0.74733 5
0.747179 5
0.747021 5
0.746849 5
0.746743 5
0.746608 5
0.74643 5
0.746289 5
0.746133 5
0.74599 5
0.745854 5
0.745703 5
0.745555 5
0.745395 5
0.745224 5
0.745073 5
0.744937 5
0.744627 5
0.744478 5
0.744347 5
0.744179 5
0.744001 5
0.743849 5
0.743672 5
0.743504 5
0.743353 5
0.743189 5
0.743038 5
0.742863 5
0.742695 5
0.742542 5
0.742383 5
0.742208 5
0.742034 5
0.741876 5
0.741712 5
0.741544 5
0.741394 5
0.741229 5
0.741065 5
0.740755 5
0.740584 5
0.740435 5
0.740276 5
0.740102 5
0.739966 5
0.73979 5
0.739659 5
0.739511 5
0.739366 5
0.739215 5
0.739078 5
0.738896 5
0.738748 5
0.738599 5
0.738448 5
0.738282 5
0.738151 5
0.738012 5
0.737872 5
0.73771 5
0.737547 5
0.737397 5
0.737232 5
0.737115 5
0.736784 5
0.736622 5
0.736459 5
0.736286 5
0.736129 5
0.735961 5
0.735961 4
0.735787 4
0.735624 4
0.735351 4
0.735215 4
0.73507 4
0.734904 4
0.734769 4
0.73461 4
0.734496 4
0.734155 4
0.733857 4
0.733558 4
0.73324 4
0.732975 4
0.732798 4
0.732456 4
0.732296 4
0.732171 4
0.732014 4
0.731874 3
0.73171 3
0.731566 3
0.731402 3
0.731227 3
0.731058 3
0.730938 3
0.730616 3
0.730453 3
0.73029 3
0.730141 3
0.729957 3
0.729472 3
0.729303 3
0.729135 3
0.728974 3
0.728802 3
0.728639 3
0.728487 3
0.728328 3
0.728166 3
0.728002 3
0.727842 3
0.727525 3
0.727369 3
0.727198 3
0.727044 3
0.726884 3
0.726707 3
0.726451 3
0.726298 3
0.726124 3
0.725975 3
0.725817 3
0.725636 3
0.725469 3
0.725294 3
0.725131 3
0.724827 3
0.724665 3
0.724485 3
0.724342 3
0.72419 3
0.724046 3
0.7239 3
0.723543 3
0.723375 3
0.723061 3
0.722785 3
0.722605 3
0.722438 3
0.722274 3
0.72211 3
0.721802 3
0.72164 3
0.721474 3
0.721316 3
0.72115 3
0.720976 3
0.720809 3
0.720498 3
0.720193 3
0.719865 3
0.719402 3
0.719068 3
0.718903 3
0.718718 3
0.718429 3
0.718265 3
0.717947 3
0.717787 3
0.717463 3
0.717123 3
0.716784 3
0.716625 3
0.716441 3
0.716286 3
0.715958 3
0.715801 3
0.715646 3
0.715509 3
0.715341 3
0.715179 3
0.715008 3
0.714839 3
0.714672 3
0.714503 3
0.714359 3
0.714176 3
0.714014 3
0.71385 3
0.713517 3
0.713348 3
0.712838 3
0.712675 3
0.712525 3
0.712222 3
0.711927 3
0.711927 2
0.711771 2
0.711601 2
0.711441 2
0.711289 2
0.711118 2
0.710952 2
0.710766 2
0.710607 2
0.710443 2
0.71028 2
0.710108 2
0.70994 2
0.709637 2
0.709489 2
0.709339 2
0.70899 2
0.708809 2
0.708639 2
0.708487 2
0.708338 2
0.708001 2
0.707847 2
0.707522 2
0.707395 2
0.706934 2
0.706424 2
0.70612 2
0.705951 2
0.705775 2
0.7056 2
0.705252 2
0.705096 2
0.704945 2
0.704776 2
0.704451 2
0.704128 2
0.703952 2
0.703797 2
0.703654 2
0.703497 2
0.703333 2
0.703183 2
0.702548 2
0.70238 2
0.702212 2
0.702059 2
0.70174 2
0.701268 2
0.701093 2
0.700913 2
0.700753 2
0.700616 2
0.700471 2
0.700151 2
0.69983 2
0.699663 2
0.699485 2
0.699156 2
0.69888 2
0.698706 2
0.698574 2
0.697959 2
0.697642 2
0.697312 2
0.697022 2
0.696837 2
0.696667 2
0.696373 2
0.696232 2
0.696069 2
0.695906 2
0.695736 2
0.695394 2
0.695238 2
0.695074 2
0.694917 2
0.694616 2
0.694455 2
0.694152 2
0.693984 2
0.693819 2
0.693654 2
0.693305 2
0.693138 2
0.692821 2
0.692663 2
0.692165 2
0.69182 2
0.691496 2
0.69118 2
0.691028 2
0.690695 2
0.690372 2
0.690036 2
0.689858 2
0.689695 2
0.68952 2
0.6892 2
0.689058 2
0.688896 2
0.688726 2
0.688213 2
0.688049 2
0.687569 2
0.687418 2
0.687079 2
0.686926 2
0.686755 2
0.686606 2
0.686124 2
0.685971 2
0.6858 2
0.685473 2
0.685135 2
0.684803 2
0.684641 2
0.684311 2
0.684146 2
0.683691 2
0.683516 2
0.683173 2
0.682864 2
0.682358 2
0.682179 2
0.682004 2
0.681413 2
0.681064 2
0.68072 2
0.68038 2
0.679889 2
0.67972 2
0.679568 2
0.679074 2
0.678761 2
0.678434 2
0.677936 2
0.67778 2
0.677625 2
0.677467 2
0.677302 2
0.676977 2
0.676802 2
0.676631 2
0.676317 2
0.675986 2
0.675654 2
0.675311 2
0.674621 2
0.674456 2
0.674103 2
0.673452 2
0.67293 2
0.672758 2
0.67243 2
0.672255 2
0.671757 2
0.671603 2
0.671283 2
0.670944 2
0.670795 2
0.670315 2
0.670141 2
0.669826 2
0.669342 2
0.668999 2
0.668832 2
0.66851 2
0.668175 2
0.667533 2
0.667195 2
0.666532 2
0.66619 2
0.66572 2
0.665072 2
0.664894 2
0.664394 1
0.664064 1
0.663926 1
0.66376 1
0.663274 1
0.662745 1
0.662577 1
0.661903 1
0.661563 1
0.661391 1
0.661062 1
0.660731 1
0.660249 1
0.660083 1
0.659647 1
0.659305 1
0.65863 1
0.657951 1
0.657775 1
0.657281 1
0.656764 1
0.656062 1
0.655365 1
0.65436 1
0.653891 1
0.653727 1
0.653224 1
0.653074 1
0.65193 1
0.651599 1
0.650938 1
0.650422 1
0.650261 1
0.649757 1
0.649226 1
0.649061 1
0.648882 1
0.648541 1
0.64721 1
0.646718 1
0.646375 1
0.645696 1
0.645522 1
0.645182 1
0.645046 1
0.644714 1
0.644714 0
0.644369 0
0.644044 0
0.643544 0
0.642701 0
0.642398 0
0.642066 0
0.641241 0
0.64089 0
0.640404 0
0.639879 0
0.638871 0
0.638557 0
0.638082 0
0.637589 0
0.637106 0
0.636435 0
0.636098 0
0.635953 0
0.635598 0
0.635273 0
0.63476 0
0.634262 0
0.633761 0
0.63342 0
0.632931 0
0.632607 0
0.632106 0
0.63178 0
0.631615 0
0.6309 0
0.63073 0
0.630067 0
0.629222 0
0.628538 0
0.628364 0
0.627863 0
0.627165 0
0.626478 0
0.626129 0
0.625477 0
0.6248 0
0.62409 0
0.622598 0
0.621767 0
0.620743 0
0.620419 0
0.619754 0
0.619429 0
0.618567 0
0.61739 0
0.617039 0
0.616239 0
0.614893 0
0.613863 0
0.612855 0
0.61181 0
0.61147 0
0.61041 0
0.60991 0
0.609231 0
0.608724 0
0.608201 0
0.607169 0
0.606649 0
0.606138 0
0.605801 0
0.604921 0
0.604225 0
0.603701 0
0.602857 0
0.602326 0
0.601636 0
0.600951 0
0.599923 0
0.598083 0
0.596918 0
0.596561 0
0.595338 0
0.593947 0
0.59307 0
0.592003 0
0.591152 0
0.589965 0
0.588959 0
0.588433 0
0.586896 0
0.58625 0
0.585065 0
0.58351 0
0.581106 0
0.579735 0
0.578024 0
0.576354 0
0.575346 0
0.574464 0
0.57329 0
0.572778 0
0.5713 0
0.570268 0
0.569428 0
0.568401 0
0.56653 0
0.565128 0
0.563624 0
0.561733 0
0.561236 0
0.560042 0
0.558492 0
0.55743 0
0.555695 0
0.553473 0
0.551244 0
0.549894 0
0.547959 0
0.545722 0
0.544039 0
0.541496 0
0.538889 0
0.537506 0
0.536324 0
0.5343 0
0.533253 0
0.529796 0
0.526694 0
0.524767 0
0.52306 0
0.520306 0
0.517699 0
0.515774 0
0.513712 0
0.511977 0
0.510089 0
0.508534 0
0.506613 0
0.504879 0
0.50281 0
0.500573 0
0.499146 0
0.497076 0
0.495009 0
0.492216 0
0.48963 0
0.488409 0
0.485155 0
0.482418 0
0.478417 0
0.474579 0
0.471792 0
0.468549 0
0.465972 0
0.463689 0
0.4602 0
0.458979 0
0.455679 0
0.452572 0
0.449277 0
0.446138 0
0.443065 0
0.439795 0
0.435958 0
0.432683 0
0.430416 0
0.427138 0
0.424534 0
0.421004 0
0.418403 0
0.415147 0
0.4117 0
0.409962 0
0.4065 0
0.402021 0
0.398938 0
0.396826 0
0.394233 0
0.389339 0
0.385818 0
0.381296 0
0.376998 0
0.3734 0
0.369104 0
0.364723 0
0.361799 0
0.359137 0
0.354437 0
0.348874 0
0.344608 0
0.33954 0
0.335355 0
0.330865 0
0.325293 0
0.320274 0
0.316811 0
0.313031 0
0.308761 0
0.304099 0
0.300461 0
0.296815 0
0.29312 0
0.28933 0
0.285832 0
0.278821 0
0.27447 0
0.269987 0
0.26706 0
0.262365 0
0.257643 0
0.253303 0
0.248371 0
0.244326 0
0.239282 0
0.235192 0
0.23136 0
0.22629 0
0.222849 0
0.219141 0
0.213545 0
0.210029 0
0.207221 0
0.202742 0
0.196835 0
0.192669 0
0.186499 0
0.182783 0
0.179632 0
0.175459 0
0.169158 0
0.164075 0
0.16079 0
0.156754 0
0.150577 0
0.144866 0
0.141046 0
0.135255 0
0.131204 0
0.126122 0
0.121904 0
0.115272 0
0.110571 0
0.106492 0
0.103864 0
0.0995213 0
0.0968834 0
0.0933574 0
0.0883853 0
0.084392 0
0.0798446 0
0.0745306 0
0.0711598 0
0.065757 0
0.0605072 0
0.0568303 0
0.0529807 0
0.0508621 0
0.0471733 0
0.0434736 0
0.0395824 0
0.034671 0
0.0309885 0
0.0282017 0
0.0264674 0
0.0243693 0
0.0224083 0
0.0194864 0
0.0176765 0
0.0151937 0
0.011316 0
0.00885064 0
0.00760984 0
0.00655159 0
0.00513675 0
0.00389147 0
0.00318132 0
0.00247306 0
0.00229487 0
0.00141455 0
0.00107678 0
0.000710301 0
0.000349974 0
0.000178369 0
0 0
