0.675934 1999
0.675934 1998
0.675934 1997
0.675934 1996
0.675934 1995
0.675934 1994
0.675934 1993
0.675934 1992
0.675934 1991
0.675934 1990
0.675934 1989
0.675934 1988
0.675934 1987
0.675934 1986
0.675934 1985
0.675934 1984
0.675877 1983
0.675877 1982
0.675877 1981
0.675877 1980
0.675877 1979
0.675877 1978
0.675877 1977
0.675877 1976
0.675877 1975
0.675877 1974
0.675877 1973
0.675877 1972
0.675877 1971
0.675877 1970
0.675877 1969
0.675877 1968
0.675877 1967
0.675877 1966
0.675877 1965
0.675877 1964
0.675877 1963
0.675877 1962
0.675877 1961
0.675877 1960
0.675877 1959
0.675877 1958
0.675877 1957
0.675877 1956
0.675877 1955
0.675877 1954
0.675877 1953
0.675877 1952
0.675877 1951
0.675877 1950
0.675877 1949
0.675877 1948
0.675877 1947
0.675877 1946
0.675877 1945
0.675877 1944
0.675877 1943
0.675877 1942
0.675873 1941
0.675873 1940
0.675873 1939
0.675873 1938
0.675867 1937
0.675867 1936
0.675867 1935
0.675867 1934
0.675867 1933
0.675867 1932
0.675867 1931
0.675867 1930
0.675867 1929
0.675867 1928
0.675867 1927
0.675867 1926
0.675867 1925
0.675867 1924
0.675867 1923
0.675867 1922
0.675867 1921
0.675867 1920
0.675867 1919
0.675867 1918
0.675867 1917
0.675867 1916
0.675867 1915
0.675867 1914
0.675867 1913
0.675867 1912
0.675867 1911
0.675867 1910
0.675867 1909
0.675867 1908
0.675867 1907
0.675867 1906
0.675867 1905
0.675867 1904
0.675867 1903
0.675867 1902
0.675867 1901
0.675867 1900
0.675867 1899
0.675785 1898
0.675785 1897
0.675785 1896
0.675785 1895
0.675785 1894
0.675785 1893
0.675785 1892
0.675775 1891
0.675775 1890
0.675775 1889
0.675775 1888
0.675775 1887
0.675660 1886
0.675660 1885
0.675660 1884
0.675660 1883
0.675660 1882
0.675660 1881
0.675660 1880
0.675660 1879
0.675660 1878
0.675660 1877
0.675660 1876
0.675660 1875
0.675660 1874
0.675660 1873
0.675583 1872
0.675583 1871
0.675583 1870
0.675583 1869
0.675583 1868
0.675583 1867
0.675583 1866
0.675583 1865
0.675583 1864
0.675583 1863
0.675583 1862
0.675583 1861
0.675583 1860
0.675583 1859
0.675583 1858
0.675583 1857
0.675583 1856
0.675583 1855
0.675583 1854
0.675583 1853
0.675583 1852
0.675583 1851
0.675583 1850
0.675583 1849
0.675583 1848
0.675583 1847
0.675583 1846
0.675583 1845
0.675583 1844
0.675583 1843
0.675583 1842
0.675583 1841
0.675583 1840
0.675583 1839
0.675583 1838
0.675583 1837
0.675583 1836
0.675446 1835
0.675446 1834
0.675446 1833
0.675446 1832
0.675446 1831
0.675446 1830
0.675446 1829
0.675446 1828
0.675446 1827
0.675446 1826
0.675446 1825
0.675446 1824
0.675446 1823
0.675446 1822
0.675446 1821
0.675446 1820
0.675446 1819
0.675446 1818
0.675446 1817
0.675446 1816
0.675446 1815
0.675446 1814
0.675446 1813
0.675446 1812
0.675446 1811
0.675446 1810
0.675446 1809
0.675446 1808
0.675446 1807
0.675446 1806
0.675438 1805
0.675292 1804
0.675292 1803
0.675292 1802
0.675225 1801
0.675225 1800
0.675225 1799
0.675225 1798
0.675225 1797
0.675225 1796
0.675225 1795
0.675225 1794
0.675124 1793
0.675124 1792
0.675124 1791
0.675124 1790
0.675090 1789
0.675090 1788
0.675090 1787
0.675090 1786
0.675090 1785
0.675090 1784
0.675090 1783
0.675090 1782
0.675090 1781
0.675090 1780
0.675090 1779
0.675090 1778
0.675090 1777
0.675090 1776
0.675090 1775
0.675090 1774
0.675090 1773
0.675090 1772
0.675090 1771
0.675090 1770
0.675090 1769
0.675090 1768
0.675090 1767
0.675090 1766
0.675090 1765
0.675090 1764
0.675090 1763
0.675090 1762
0.675090 1761
0.675090 1760
0.675090 1759
0.675090 1758
0.675090 1757
0.675090 1756
0.675090 1755
0.675090 1754
0.675090 1753
0.675090 1752
0.675090 1751
0.675090 1750
0.675090 1749
0.675090 1748
0.675090 1747
0.675090 1746
0.675090 1745
0.675090 1744
0.675090 1743
0.675090 1742
0.675090 1741
0.675090 1740
0.675078 1739
0.675078 1738
0.675078 1737
0.675078 1736
0.675078 1735
0.675078 1734
0.675078 1733
0.675078 1732
0.675078 1731
0.675078 1730
0.675078 1729
0.675078 1728
0.675078 1727
0.675078 1726
0.674973 1725
0.674973 1724
0.674973 1723
0.674973 1722
0.674973 1721
0.674973 1720
0.674929 1719
0.674929 1718
0.674929 1717
0.674929 1716
0.674929 1715
0.674929 1714
0.674929 1713
0.674929 1712
0.674929 1711
0.674929 1710
0.674929 1709
0.674929 1708
0.674929 1707
0.674929 1706
0.674929 1705
0.674929 1704
0.674929 1703
0.674929 1702
0.674929 1701
0.674929 1700
0.674929 1699
0.674929 1698
0.674929 1697
0.674929 1696
0.674929 1695
0.674929 1694
0.674857 1693
0.674835 1692
0.674835 1691
0.674835 1690
0.674835 1689
0.674835 1688
0.674835 1687
0.674835 1686
0.674835 1685
0.674835 1684
0.674835 1683
0.674835 1682
0.674835 1681
0.674835 1680
0.674835 1679
0.674835 1678
0.674786 1677
0.674786 1676
0.674786 1675
0.674786 1674
0.674786 1673
0.674786 1672
0.674786 1671
0.674786 1670
0.674786 1669
0.674786 1668
0.674786 1667
0.674786 1666
0.674786 1665
0.674786 1664
0.674786 1663
0.674784 1662
0.674784 1661
0.674784 1660
0.674722 1659
0.674722 1658
0.674722 1657
0.674722 1656
0.674722 1655
0.674722 1654
0.674722 1653
0.674722 1652
0.674722 1651
0.674722 1650
0.674722 1649
0.674722 1648
0.674722 1647
0.674722 1646
0.674722 1645
0.674722 1644
0.674722 1643
0.674722 1642
0.674722 1641
0.674722 1640
0.674722 1639
0.674722 1638
0.674722 1637
0.674722 1636
0.674722 1635
0.674722 1634
0.674722 1633
0.674722 1632
0.674722 1631
0.674722 1630
0.674722 1629
0.674722 1628
0.674722 1627
0.674722 1626
0.674722 1625
0.674722 1624
0.674722 1623
0.674722 1622
0.674722 1621
0.674722 1620
0.674722 1619
0.674722 1618
0.674722 1617
0.674722 1616
0.674722 1615
0.674722 1614
0.674722 1613
0.674722 1612
0.674722 1611
0.674722 1610
0.674722 1609
0.674722 1608
0.674722 1607
0.674722 1606
0.674722 1605
0.674722 1604
0.674722 1603
0.674722 1602
0.674722 1601
0.674722 1600
0.674722 1599
0.674722 1598
0.674722 1597
0.674722 1596
0.674722 1595
0.674722 1594
0.674722 1593
0.674722 1592
0.674722 1591
0.674722 1590
0.674722 1589
0.674722 1588
0.674722 1587
0.674722 1586
0.674722 1585
0.674722 1584
0.674722 1583
0.674722 1582
0.674722 1581
0.674722 1580
0.674722 1579
0.674722 1578
0.674722 1577
0.674722 1576
0.674722 1575
0.674722 1574
0.674722 1573
0.674722 1572
0.674722 1571
0.674722 1570
0.674722 1569
0.674722 1568
0.674722 1567
0.674722 1566
0.674688 1565
0.674688 1564
0.674688 1563
0.674688 1562
0.674688 1561
0.674688 1560
0.674688 1559
0.674688 1558
0.674686 1557
0.674686 1556
0.674686 1555
0.674686 1554
0.674686 1553
0.674686 1552
0.674686 1551
0.674677 1550
0.674677 1549
0.674677 1548
0.674658 1547
0.674658 1546
0.674658 1545
0.674658 1544
0.674658 1543
0.674658 1542
0.674658 1541
0.674658 1540
0.674658 1539
0.674658 1538
0.674658 1537
0.674658 1536
0.674658 1535
0.674658 1534
0.674658 1533
0.674658 1532
0.674658 1531
0.674658 1530
0.674658 1529
0.674658 1528
0.674658 1527
0.674658 1526
0.674658 1525
0.674531 1524
0.674531 1523
0.674531 1522
0.674531 1521
0.674531 1520
0.674531 1519
0.674509 1518
0.674509 1517
0.674509 1516
0.674421 1515
0.674421 1514
0.674421 1513
0.674421 1512
0.674421 1511
0.674421 1510
0.674421 1509
0.674421 1508
0.674421 1507
0.674421 1506
0.674421 1505
0.674421 1504
0.674421 1503
0.674421 1502
0.674421 1501
0.674421 1500
0.674421 1499
0.674421 1498
0.674421 1497
0.674421 1496
0.674421 1495
0.674421 1494
0.674421 1493
0.674421 1492
0.674421 1491
0.674421 1490
0.674421 1489
0.674421 1488
0.674421 1487
0.674421 1486
0.674421 1485
0.674421 1484
0.674421 1483
0.674421 1482
0.674421 1481
0.674421 1480
0.674421 1479
0.674421 1478
0.674421 1477
0.674421 1476
0.674421 1475
0.674421 1474
0.674421 1473
0.674421 1472
0.674421 1471
0.674421 1470
0.674421 1469
0.674421 1468
0.674421 1467
0.674421 1466
0.674421 1465
0.674421 1464
0.674421 1463
0.674421 1462
0.674421 1461
0.674421 1460
0.674421 1459
0.674421 1458
0.674421 1457
0.674421 1456
0.674420 1455
0.674420 1454
0.674420 1453
0.674420 1452
0.674420 1451
0.674420 1450
0.674420 1449
0.674340 1448
0.674340 1447
0.674340 1446
0.674340 1445
0.674340 1444
0.674340 1443
0.674340 1442
0.674340 1441
0.674340 1440
0.674333 1439
0.674333 1438
0.674333 1437
0.674333 1436
0.674333 1435
0.674333 1434
0.674333 1433
0.674333 1432
0.674333 1431
0.674333 1430
0.674333 1429
0.674333 1428
0.674333 1427
0.674333 1426
0.674333 1425
0.674333 1424
0.674333 1423
0.674333 1422
0.674333 1421
0.674333 1420
0.674333 1419
0.674333 1418
0.674314 1417
0.674314 1416
0.674314 1415
0.674314 1414
0.674314 1413
0.674314 1412
0.674314 1411
0.674314 1410
0.674314 1409
0.674314 1408
0.674314 1407
0.674314 1406
0.674314 1405
0.674314 1404
0.674314 1403
0.674314 1402
0.674303 1401
0.674303 1400
0.674303 1399
0.674303 1398
0.674303 1397
0.674303 1396
0.674303 1395
0.674303 1394
0.674303 1393
0.674303 1392
0.674303 1391
0.674303 1390
0.674303 1389
0.674259 1388
0.674259 1387
0.674259 1386
0.674259 1385
0.674259 1384
0.674259 1383
0.674259 1382
0.674259 1381
0.674259 1380
0.674259 1379
0.674147 1378
0.674147 1377
0.674147 1376
0.674147 1375
0.674147 1374
0.674147 1373
0.674147 1372
0.674147 1371
0.674147 1370
0.674040 1369
0.674040 1368
0.674040 1367
0.674040 1366
0.674040 1365
0.674027 1364
0.674027 1363
0.674027 1362
0.674027 1361
0.673906 1360
0.673906 1359
0.673905 1358
0.673905 1357
0.673905 1356
0.673905 1355
0.673905 1354
0.673905 1353
0.673827 1352
0.673827 1351
0.673827 1350
0.673827 1349
0.673827 1348
0.673827 1347
0.673827 1346
0.673827 1345
0.673827 1344
0.673827 1343
0.673827 1342
0.673827 1341
0.673827 1340
0.673827 1339
0.673820 1338
0.673820 1337
0.673803 1336
0.673803 1335
0.673803 1334
0.673803 1333
0.673803 1332
0.673803 1331
0.673737 1330
0.673737 1329
0.673737 1328
0.673737 1327
0.673737 1326
0.673737 1325
0.673737 1324
0.673737 1323
0.673737 1322
0.673737 1321
0.673737 1320
0.673737 1319
0.673737 1318
0.673737 1317
0.673737 1316
0.673737 1315
0.673737 1314
0.673737 1313
0.673737 1312
0.673737 1311
0.673737 1310
0.673737 1309
0.673737 1308
0.673737 1307
0.673737 1306
0.673737 1305
0.673737 1304
0.673737 1303
0.673737 1302
0.673737 1301
0.673737 1300
0.673705 1299
0.673705 1298
0.673705 1297
0.673705 1296
0.673705 1295
0.673585 1294
0.673585 1293
0.673585 1292
0.673585 1291
0.673585 1290
0.673577 1289
0.673577 1288
0.673577 1287
0.673577 1286
0.673577 1285
0.673577 1284
0.673577 1283
0.673577 1282
0.673500 1281
0.673500 1280
0.673498 1279
0.673498 1278
0.673498 1277
0.673453 1276
0.673453 1275
0.673453 1274
0.673377 1273
0.673377 1272
0.673377 1271
0.673377 1270
0.673377 1269
0.673377 1268
0.673377 1267
0.673377 1266
0.673377 1265
0.673377 1264
0.673377 1263
0.673377 1262
0.673377 1261
0.673377 1260
0.673377 1259
0.673320 1258
0.673320 1257
0.673320 1256
0.673320 1255
0.673270 1254
0.673270 1253
0.673270 1252
0.673270 1251
0.673270 1250
0.673270 1249
0.673270 1248
0.673270 1247
0.673270 1246
0.673270 1245
0.673270 1244
0.673270 1243
0.673270 1242
0.673270 1241
0.673270 1240
0.673270 1239
0.673270 1238
0.673270 1237
0.673270 1236
0.673270 1235
0.673270 1234
0.673270 1233
0.673270 1232
0.673270 1231
0.673270 1230
0.673270 1229
0.673270 1228
0.673270 1227
0.673270 1226
0.673270 1225
0.673270 1224
0.673270 1223
0.673270 1222
0.673270 1221
0.673270 1220
0.673270 1219
0.673270 1218
0.673270 1217
0.673270 1216
0.673270 1215
0.673250 1214
0.673250 1213
0.673250 1212
0.673250 1211
0.673250 1210
0.673250 1209
0.673128 1208
0.673128 1207
0.673128 1206
0.673128 1205
0.673128 1204
0.673043 1203
0.673043 1202
0.673042 1201
0.673042 1200
0.673042 1199
0.673042 1198
0.673042 1197
0.673042 1196
0.672979 1195
0.672979 1194
0.672979 1193
0.672979 1192
0.672979 1191
0.672977 1190
0.672977 1189
0.672977 1188
0.672977 1187
0.672961 1186
0.672961 1185
0.672961 1184
0.672961 1183
0.672938 1182
0.672938 1181
0.672938 1180
0.672938 1179
0.672938 1178
0.672938 1177
0.672830 1176
0.672823 1175
0.672823 1174
0.672823 1173
0.672823 1172
0.672823 1171
0.672823 1170
0.672823 1169
0.672823 1168
0.672823 1167
0.672823 1166
0.672823 1165
0.672823 1164
0.672819 1163
0.672819 1162
0.672819 1161
0.672819 1160
0.672819 1159
0.672819 1158
0.672819 1157
0.672819 1156
0.672819 1155
0.672819 1154
0.672819 1153
0.672819 1152
0.672819 1151
0.672819 1150
0.672819 1149
0.672819 1148
0.672819 1147
0.672727 1146
0.672727 1145
0.672727 1144
0.672727 1143
0.672679 1142
0.672679 1141
0.672679 1140
0.672678 1139
0.672678 1138
0.672678 1137
0.672678 1136
0.672678 1135
0.672678 1134
0.672678 1133
0.672678 1132
0.672678 1131
0.672678 1130
0.672678 1129
0.672678 1128
0.672678 1127
0.672678 1126
0.672678 1125
0.672678 1124
0.672678 1123
0.672678 1122
0.672678 1121
0.672669 1120
0.672669 1119
0.672556 1118
0.672556 1117
0.672556 1116
0.672556 1115
0.672556 1114
0.672556 1113
0.672556 1112
0.672556 1111
0.672556 1110
0.672556 1109
0.672556 1108
0.672556 1107
0.672556 1106
0.672556 1105
0.672556 1104
0.672556 1103
0.672556 1102
0.672556 1101
0.672556 1100
0.672551 1099
0.672474 1098
0.672474 1097
0.672474 1096
0.672474 1095
0.672474 1094
0.672474 1093
0.672474 1092
0.672474 1091
0.672474 1090
0.672474 1089
0.672326 1088
0.672326 1087
0.672326 1086
0.672326 1085
0.672326 1084
0.672326 1083
0.672212 1082
0.672212 1081
0.672212 1080
0.672212 1079
0.672212 1078
0.672212 1077
0.672212 1076
0.672060 1075
0.671991 1074
0.671991 1073
0.671991 1072
0.671991 1071
0.671991 1070
0.671991 1069
0.671991 1068
0.671991 1067
0.671991 1066
0.671991 1065
0.671991 1064
0.671991 1063
0.671885 1062
0.671885 1061
0.671885 1060
0.671871 1059
0.671871 1058
0.671871 1057
0.671871 1056
0.671871 1055
0.671852 1054
0.671852 1053
0.671852 1052
0.671852 1051
0.671852 1050
0.671852 1049
0.671852 1048
0.671852 1047
0.671852 1046
0.671852 1045
0.671852 1044
0.671852 1043
0.671852 1042
0.671852 1041
0.671852 1040
0.671717 1039
0.671717 1038
0.671717 1037
0.671717 1036
0.671717 1035
0.671717 1034
0.671717 1033
0.671717 1032
0.671717 1031
0.671717 1030
0.671717 1029
0.671717 1028
0.671717 1027
0.671717 1026
0.671717 1025
0.671717 1024
0.671717 1023
0.671691 1022
0.671691 1021
0.671691 1020
0.671691 1019
0.671691 1018
0.671676 1017
0.671676 1016
0.671676 1015
0.671676 1014
0.671676 1013
0.671676 1012
0.671676 1011
0.671628 1010
0.671628 1009
0.671628 1008
0.671606 1007
0.671606 1006
0.671606 1005
0.671606 1004
0.671606 1003
0.671606 1002
0.671606 1001
0.671606 1000
0.671606 999
0.671606 998
0.671606 997
0.671606 996
0.671606 995
0.671606 994
0.671606 993
0.671606 992
0.671606 991
0.671606 990
0.671606 989
0.671606 988
0.671606 987
0.671606 986
0.671606 985
0.671606 984
0.671606 983
0.671606 982
0.671606 981
0.671606 980
0.671606 979
0.671606 978
0.671606 977
0.671576 976
0.671576 975
0.671576 974
0.671576 973
0.671576 972
0.671576 971
0.671576 970
0.671576 969
0.671576 968
0.671564 967
0.671564 966
0.671564 965
0.671564 964
0.671564 963
0.671564 962
0.671454 961
0.671454 960
0.671454 959
0.671369 958
0.671369 957
0.671277 956
0.671277 955
0.671277 954
0.671277 953
0.671277 952
0.671277 951
0.671277 950
0.671277 949
0.671277 948
0.671277 947
0.671277 946
0.671277 945
0.671277 944
0.671277 943
0.671277 942
0.671277 941
0.671277 940
0.671277 939
0.671277 938
0.671277 937
0.671277 936
0.671277 935
0.671277 934
0.671277 933
0.671277 932
0.671277 931
0.671277 930
0.671259 929
0.671259 928
0.671259 927
0.671259 926
0.671259 925
0.671259 924
0.671259 923
0.671259 922
0.671259 921
0.671259 920
0.671259 919
0.671259 918
0.671259 917
0.671259 916
0.671259 915
0.671259 914
0.671259 913
0.671259 912
0.671259 911
0.671194 910
0.671194 909
0.671194 908
0.671194 907
0.671194 906
0.671181 905
0.671047 904
0.671047 903
0.671047 902
0.671047 901
0.671047 900
0.671047 899
0.671047 898
0.671047 897
0.671047 896
0.671047 895
0.671047 894
0.671047 893
0.671047 892
0.671047 891
0.671047 890
0.671047 889
0.671047 888
0.671047 887
0.670768 886
0.670768 885
0.670768 884
0.670755 883
0.670755 882
0.670755 881
0.670755 880
0.670755 879
0.670755 878
0.670755 877
0.670755 876
0.670755 875
0.670748 874
0.670748 873
0.670748 872
0.670748 871
0.670748 870
0.670670 869
0.670670 868
0.670670 867
0.670670 866
0.670670 865
0.670670 864
0.670670 863
0.670670 862
0.670670 861
0.670670 860
0.670670 859
0.670670 858
0.670670 857
0.670670 856
0.670670 855
0.670670 854
0.670670 853
0.670670 852
0.670670 851
0.670670 850
0.670670 849
0.670669 848
0.670669 847
0.670669 846
0.670614 845
0.670614 844
0.670504 843
0.670504 842
0.670490 841
0.670426 840
0.670426 839
0.670426 838
0.670426 837
0.670426 836
0.670426 835
0.670265 834
0.670265 833
0.670265 832
0.670265 831
0.670265 830
0.670265 829
0.670243 828
0.670243 827
0.670243 826
0.670243 825
0.670243 824
0.670243 823
0.670243 822
0.670243 821
0.670243 820
0.670243 819
0.670243 818
0.670114 817
0.670114 816
0.670114 815
0.669999 814
0.669999 813
0.669999 812
0.669999 811
0.669999 810
0.669999 809
0.669999 808
0.669909 807
0.669909 806
0.669909 805
0.669811 804
0.669811 803
0.669807 802
0.669807 801
0.669807 800
0.669807 799
0.669722 798
0.669618 797
0.669618 796
0.669504 795
0.669504 794
0.669504 793
0.669504 792
0.669434 791
0.669434 790
0.669353 789
0.669353 788
0.669353 787
0.669353 786
0.669353 785
0.669230 784
0.669230 783
0.669230 782
0.669230 781
0.669230 780
0.669185 779
0.669185 778
0.669185 777
0.669174 776
0.669174 775
0.669174 774
0.669174 773
0.669174 772
0.669166 771
0.669091 770
0.669091 769
0.669091 768
0.669091 767
0.669091 766
0.669091 765
0.669091 764
0.669091 763
0.669091 762
0.669091 761
0.669091 760
0.669091 759
0.669091 758
0.669043 757
0.669043 756
0.669043 755
0.669043 754
0.668905 753
0.668905 752
0.668792 751
0.668792 750
0.668792 749
0.668792 748
0.668792 747
0.668792 746
0.668732 745
0.668732 744
0.668732 743
0.668732 742
0.668556 741
0.668471 740
0.668471 739
0.668467 738
0.668459 737
0.668378 736
0.668378 735
0.668378 734
0.668378 733
0.668378 732
0.668378 731
0.668378 730
0.668378 729
0.668374 728
0.668374 727
0.668374 726
0.668369 725
0.668369 724
0.668369 723
0.668369 722
0.668369 721
0.668369 720
0.668265 719
0.668265 718
0.668265 717
0.668265 716
0.668265 715
0.668265 714
0.668265 713
0.668265 712
0.668265 711
0.668178 710
0.668178 709
0.668178 708
0.668178 707
0.668178 706
0.668072 705
0.668072 704
0.668072 703
0.668072 702
0.668072 701
0.668072 700
0.668072 699
0.668072 698
0.668070 697
0.668070 696
0.668070 695
0.668070 694
0.668070 693
0.668070 692
0.667966 691
0.667966 690
0.667966 689
0.667966 688
0.667966 687
0.667966 686
0.667966 685
0.667966 684
0.667912 683
0.667912 682
0.667912 681
0.667912 680
0.667830 679
0.667830 678
0.667830 677
0.667678 676
0.667678 675
0.667678 674
0.667678 673
0.667678 672
0.667678 671
0.667678 670
0.667678 669
0.667678 668
0.667678 667
0.667678 666
0.667678 665
0.667678 664
0.667678 663
0.667581 662
0.667581 661
0.667478 660
0.667478 659
0.667478 658
0.667376 657
0.667376 656
0.667376 655
0.667376 654
0.667376 653
0.667376 652
0.667298 651
0.667298 650
0.667298 649
0.667298 648
0.667191 647
0.667191 646
0.667191 645
0.667191 644
0.667191 643
0.667191 642
0.667191 641
0.667191 640
0.667191 639
0.667191 638
0.667191 637
0.667191 636
0.667191 635
0.667191 634
0.667191 633
0.667177 632
0.667177 631
0.667142 630
0.667142 629
0.667142 628
0.666996 627
0.666981 626
0.666979 625
0.666979 624
0.666944 623
0.666859 622
0.666859 621
0.666859 620
0.666859 619
0.666859 618
0.666859 617
0.666859 616
0.666859 615
0.666791 614
0.666791 613
0.666791 612
0.666791 611
0.666791 610
0.666791 609
0.666791 608
0.666791 607
0.666791 606
0.666791 605
0.666791 604
0.666718 603
0.666718 602
0.666718 601
0.666703 600
0.666703 599
0.666703 598
0.666654 597
0.666535 596
0.666436 595
0.666436 594
0.666436 593
0.666436 592
0.666420 591
0.666420 590
0.666420 589
0.666420 588
0.666420 587
0.666420 586
0.666420 585
0.666357 584
0.666357 583
0.666357 582
0.666357 581
0.666357 580
0.666357 579
0.666357 578
0.666357 577
0.666349 576
0.666349 575
0.666349 574
0.666349 573
0.666263 572
0.666263 571
0.666263 570
0.666187 569
0.666147 568
0.666147 567
0.666147 566
0.666147 565
0.666147 564
0.666147 563
0.666147 562
0.666139 561
0.666139 560
0.666060 559
0.666060 558
0.666058 557
0.666058 556
0.666057 555
0.666057 554
0.666057 553
0.666057 552
0.666057 551
0.666057 550
0.665872 549
0.665872 548
0.665872 547
0.665872 546
0.665872 545
0.665872 544
0.665872 543
0.665844 542
0.665841 541
0.665841 540
0.665827 539
0.665827 538
0.665827 537
0.665827 536
0.665827 535
0.665827 534
0.665827 533
0.665827 532
0.665827 531
0.665817 530
0.665817 529
0.665817 528
0.665817 527
0.665711 526
0.665711 525
0.665711 524
0.665694 523
0.665694 522
0.665694 521
0.665694 520
0.665694 519
0.665608 518
0.665608 517
0.665608 516
0.665503 515
0.665503 514
0.665503 513
0.665503 512
0.665503 511
0.665503 510
0.665503 509
0.665503 508
0.665503 507
0.665503 506
0.665459 505
0.665459 504
0.665459 503
0.665459 502
0.665459 501
0.665459 500
0.665454 499
0.665454 498
0.665454 497
0.665448 496
0.665448 495
0.665448 494
0.665448 493
0.665448 492
0.665448 491
0.665448 490
0.665448 489
0.665448 488
0.665385 487
0.665385 486
0.665385 485
0.665300 484
0.665300 483
0.665300 482
0.665300 481
0.665245 480
0.665245 479
0.665245 478
0.665047 477
0.664894 476
0.664894 475
0.664883 474
0.664883 473
0.664847 472
0.664810 471
0.664680 470
0.664680 469
0.664547 468
0.664502 467
0.664502 466
0.664502 465
0.664502 464
0.664502 463
0.664456 462
0.664456 461
0.664456 460
0.664403 459
0.664378 458
0.664378 457
0.664378 456
0.664378 455
0.664301 454
0.664301 453
0.664301 452
0.664301 451
0.664243 450
0.664239 449
0.664239 448
0.664239 447
0.664239 446
0.664239 445
0.664239 444
0.664117 443
0.664117 442
0.664117 441
0.664117 440
0.664117 439
0.664114 438
0.664132 437
0.664132 436
0.664075 435
0.663983 434
0.663983 433
0.663983 432
0.663983 431
0.663983 430
0.663983 429
0.663983 428
0.663934 427
0.663868 426
0.663863 425
0.663863 424
0.663863 423
0.663863 422
0.663863 421
0.663863 420
0.663936 419
0.663936 418
0.663936 417
0.663893 416
0.663892 415
0.663775 414
0.663775 413
0.663775 412
0.663775 411
0.663588 410
0.663588 409
0.663518 408
0.663503 407
0.663503 406
0.663503 405
0.663471 404
0.663471 403
0.663471 402
0.663280 401
0.663249 400
0.663249 399
0.663197 398
0.663197 397
0.663109 396
0.662953 395
0.662953 394
0.662953 393
0.662953 392
0.662953 391
0.662953 390
0.662869 389
0.662848 388
0.662527 387
0.662527 386
0.662527 385
0.662527 384
0.662527 383
0.662527 382
0.662527 381
0.662527 380
0.662527 379
0.662400 378
0.662400 377
0.662400 376
0.662400 375
0.662281 374
0.662281 373
0.662237 372
0.662334 371
0.662334 370
0.662334 369
0.662287 368
0.662223 367
0.662223 366
0.662223 365
0.662095 364
0.662095 363
0.661964 362
0.661888 361
0.661888 360
0.661888 359
0.661888 358
0.661888 357
0.661751 356
0.661751 355
0.661664 354
0.661654 353
0.661577 352
0.661577 351
0.661577 350
0.661577 349
0.661577 348
0.661577 347
0.661577 346
0.661577 345
0.661429 344
0.661339 343
0.661339 342
0.661262 341
0.661262 340
0.661146 339
0.661142 338
0.661142 337
0.661142 336
0.661142 335
0.661142 334
0.661142 333
0.661142 332
0.661142 331
0.660863 330
0.660863 329
0.660714 328
0.660714 327
0.660714 326
0.660546 325
0.660491 324
0.660491 323
0.660491 322
0.660491 321
0.660454 320
0.660325 319
0.660325 318
0.660325 317
0.660304 316
0.660184 315
0.660184 314
0.659990 313
0.659990 312
0.659990 311
0.659836 310
0.659836 309
0.659836 308
0.659672 307
0.659672 306
0.659672 305
0.659553 304
0.659553 303
0.659553 302
0.659553 301
0.659553 300
0.659494 299
0.659494 298
0.659468 297
0.659065 296
0.659065 295
0.659065 294
0.658997 293
0.658870 292
0.658870 291
0.658870 290
0.658870 289
0.658862 288
0.658862 287
0.658862 286
0.658862 285
0.658862 284
0.658739 283
0.658739 282
0.658739 281
0.658739 280
0.658739 279
0.658683 278
0.658683 277
0.658627 276
0.658593 275
0.658577 274
0.658577 273
0.658563 272
0.658563 271
0.658341 270
0.658341 269
0.658156 268
0.658156 267
0.658156 266
0.658051 265
0.657850 264
0.657850 263
0.657850 262
0.657850 261
0.657755 260
0.657755 259
0.657755 258
0.657755 257
0.657755 256
0.657588 255
0.657454 254
0.657291 253
0.657291 252
0.657288 251
0.657277 250
0.657256 249
0.657254 248
0.657253 247
0.657236 246
0.657206 245
0.657206 244
0.657196 243
0.657011 242
0.657011 241
0.657011 240
0.657011 239
0.656877 238
0.656787 237
0.656787 236
0.656787 235
0.656787 234
0.656787 233
0.656787 232
0.656623 231
0.656623 230
0.656501 229
0.656342 228
0.656182 227
0.656104 226
0.656091 225
0.656065 224
0.655810 223
0.655715 222
0.655630 221
0.655403 220
0.655403 219
0.655403 218
0.655292 217
0.655292 216
0.655161 215
0.655097 214
0.655096 213
0.655007 212
0.654926 211
0.654844 210
0.654844 209
0.654705 208
0.654655 207
0.654570 206
0.654554 205
0.654554 204
0.654410 203
0.654392 202
0.654369 201
0.654369 200
0.654295 199
0.654090 198
0.654090 197
0.653951 196
0.653945 195
0.653945 194
0.653945 193
0.653837 192
0.653478 191
0.653450 190
0.653349 189
0.653349 188
0.653349 187
0.653349 186
0.653295 185
0.653295 184
0.653295 183
0.653187 182
0.653151 181
0.653025 180
0.652891 179
0.652797 178
0.652572 177
0.652461 176
0.652461 175
0.652346 174
0.652346 173
0.652264 172
0.651987 171
0.651987 170
0.651916 169
0.651916 168
0.651916 167
0.651798 166
0.651575 165
0.651575 164
0.651274 163
0.650993 162
0.650802 161
0.650802 160
0.650802 159
0.650720 158
0.650720 157
0.650720 156
0.650624 155
0.650624 154
0.650462 153
0.650228 152
0.650228 151
0.650228 150
0.650228 149
0.650228 148
0.650003 147
0.650003 146
0.650003 145
0.649806 144
0.649806 143
0.649655 142
0.649438 141
0.649324 140
0.649324 139
0.649193 138
0.649099 137
0.648702 136
0.648574 135
0.648574 134
0.648574 133
0.648373 132
0.648254 131
0.647765 130
0.647593 129
0.647434 128
0.647353 127
0.647182 126
0.647068 125
0.647068 124
0.647068 123
0.646940 122
0.646940 121
0.646599 120
0.646470 119
0.646206 118
0.646141 117
0.646045 116
0.646045 115
0.645994 114
0.645732 113
0.645696 112
0.645586 111
0.645480 110
0.645480 109
0.645337 108
0.645337 107
0.645207 106
0.645207 105
0.645169 104
0.644847 103
0.644646 102
0.644550 101
0.644325 100
0.643887 99
0.643550 98
0.643546 97
0.643546 96
0.643264 95
0.643135 94
0.643099 93
0.642695 92
0.642334 91
0.642307 90
0.642197 89
0.642197 88
0.641918 87
0.641906 86
0.641749 85
0.641463 84
0.641337 83
0.641125 82
0.641013 81
0.640636 80
0.640527 79
0.639913 78
0.639877 77
0.639572 76
0.639433 75
0.639189 74
0.638885 73
0.638481 72
0.638159 71
0.637917 70
0.637765 69
0.637557 68
0.637399 67
0.637175 66
0.636516 65
0.636295 64
0.636157 63
0.636157 62
0.636157 61
0.636053 60
0.635688 59
0.635666 58
0.635291 57
0.635291 56
0.634773 55
0.634506 54
0.634221 53
0.633796 52
0.633335 51
0.632500 50
0.631960 49
0.631637 48
0.630432 47
0.630006 46
0.629566 45
0.629416 44
0.628732 43
0.628254 42
0.627894 41
0.627579 40
0.627032 39
0.625844 38
0.625488 37
0.624928 36
0.623801 35
0.623177 34
0.622805 33
0.622286 32
0.621883 31
0.621580 30
0.621171 29
0.620546 28
0.619640 27
0.619007 26
0.618536 25
0.617418 24
0.616823 23
0.616217 22
0.615512 21
0.614773 20
0.613361 19
0.612554 18
0.611286 17
0.610136 16
0.608900 15
0.607496 14
0.605902 13
0.604657 12
0.601625 11
0.598954 10
0.595575 9
0.593291 8
0.590850 7
0.584514 6
0.579481 5
0.568180 4
0.555880 3
0.528779 2
0.515912 1
0.462549 0
