0.917584 2499 -1.392350
0.917584 2498 -1.391950
0.917584 2497 -1.391720
0.917584 2496 -1.391660
0.917584 2495 -1.391660
0.917584 2494 -1.391150
0.917584 2493 -1.391100
0.917584 2492 -1.390990
0.917584 2491 -1.390710
0.917584 2490 -1.390650
0.917584 2489 -1.390630
0.917584 2488 -1.390610
0.917584 2487 -1.390320
0.917584 2486 -1.390220
0.917584 2485 -1.390110
0.917584 2484 -1.389970
0.917584 2483 -1.389880
0.917584 2482 -1.389870
0.917584 2481 -1.389860
0.917584 2480 -1.389830
0.917584 2479 -1.389810
0.917584 2478 -1.389730
0.917584 2477 -1.389670
0.917584 2476 -1.389640
0.917584 2475 -1.389490
0.917584 2474 -1.389490
0.917584 2473 -1.389440
0.917584 2472 -1.389430
0.917584 2471 -1.389250
0.917584 2470 -1.389250
0.917584 2469 -1.389130
0.917584 2468 -1.389080
0.917584 2467 -1.388890
0.917584 2466 -1.388700
0.917584 2465 -1.388700
0.917584 2464 -1.388670
0.917584 2463 -1.388610
0.917584 2462 -1.388530
0.917584 2461 -1.388310
0.917584 2460 -1.388300
0.917584 2459 -1.388300
0.917584 2458 -1.388250
0.917584 2457 -1.388230
0.917584 2456 -1.388200
0.917584 2455 -1.388180
0.917584 2454 -1.388140
0.917584 2453 -1.388080
0.917584 2452 -1.388040
0.917584 2451 -1.388030
0.917584 2450 -1.388010
0.917584 2449 -1.387770
0.917584 2448 -1.387560
0.917584 2447 -1.387480
0.917584 2446 -1.387120
0.917584 2445 -1.387090
0.917584 2444 -1.387070
0.917584 2443 -1.387060
0.917584 2442 -1.387000
0.917584 2441 -1.386940
0.917584 2440 -1.386840
0.917584 2439 -1.386830
0.917584 2438 -1.386130
0.917584 2437 -1.386130
0.917584 2436 -1.386120
0.917584 2435 -1.385970
0.917584 2434 -1.385710
0.917584 2433 -1.385640
0.917584 2432 -1.385460
0.917584 2431 -1.385390
0.917584 2430 -1.385320
0.917584 2429 -1.385310
0.917584 2428 -1.385300
0.917584 2427 -1.384890
0.917584 2426 -1.384820
0.917584 2425 -1.384820
0.917584 2424 -1.384530
0.917584 2423 -1.384320
0.917584 2422 -1.384280
0.917584 2421 -1.384070
0.917584 2420 -1.384030
0.917584 2419 -1.383840
0.917584 2418 -1.383820
0.917584 2417 -1.383640
0.917584 2416 -1.383630
0.917584 2415 -1.383630
0.917584 2414 -1.383610
0.917584 2413 -1.383530
0.917584 2412 -1.383400
0.917584 2411 -1.383320
0.917584 2410 -1.382940
0.917584 2409 -1.382850
0.917584 2408 -1.382760
0.917584 2407 -1.382750
0.917584 2406 -1.382630
0.917584 2405 -1.382420
0.917584 2404 -1.382220
0.917584 2403 -1.382130
0.917584 2402 -1.382100
0.917584 2401 -1.381930
0.917584 2400 -1.381890
0.917584 2399 -1.381690
0.917584 2398 -1.381660
0.917584 2397 -1.381540
0.917584 2396 -1.381530
0.917584 2395 -1.381520
0.917584 2394 -1.381440
0.917584 2393 -1.381140
0.917584 2392 -1.381100
0.917584 2391 -1.381070
0.917584 2390 -1.381050
0.917584 2389 -1.380950
0.917584 2388 -1.380910
0.917584 2387 -1.380850
0.917584 2386 -1.380840
0.917584 2385 -1.380740
0.917584 2384 -1.380730
0.917584 2383 -1.380710
0.917584 2382 -1.380480
0.917584 2381 -1.380410
0.917584 2380 -1.380250
0.917584 2379 -1.380230
0.917584 2378 -1.380010
0.917584 2377 -1.379840
0.917584 2376 -1.379770
0.917584 2375 -1.379690
0.917584 2374 -1.379600
0.917584 2373 -1.379490
0.917584 2372 -1.379390
0.917584 2371 -1.379360
0.917584 2370 -1.379300
0.917584 2369 -1.379210
0.917584 2368 -1.379200
0.917584 2367 -1.378950
0.917584 2366 -1.378920
0.917584 2365 -1.378440
0.917584 2364 -1.378440
0.917584 2363 -1.378240
0.917584 2362 -1.377790
0.917584 2361 -1.377730
0.917584 2360 -1.377650
0.917584 2359 -1.377420
0.917584 2358 -1.376880
0.917584 2357 -1.376820
0.917584 2356 -1.376750
0.917584 2355 -1.376540
0.917584 2354 -1.376530
0.917584 2353 -1.376470
0.917584 2352 -1.376460
0.917584 2351 -1.376400
0.917584 2350 -1.376380
0.917584 2349 -1.376270
0.917584 2348 -1.376150
0.917584 2347 -1.376150
0.917584 2346 -1.376140
0.917584 2345 -1.376030
0.917584 2344 -1.375930
0.917584 2343 -1.375500
0.917584 2342 -1.375460
0.917584 2341 -1.375360
0.917584 2340 -1.375280
0.917584 2339 -1.375110
0.917584 2338 -1.374870
0.917584 2337 -1.374750
0.917584 2336 -1.374700
0.917584 2335 -1.374620
0.917584 2334 -1.374590
0.917584 2333 -1.374580
0.917584 2332 -1.374390
0.917584 2331 -1.373730
0.917584 2330 -1.373670
0.917584 2329 -1.373630
0.917584 2328 -1.373630
0.917584 2327 -1.373480
0.917584 2326 -1.373460
0.917584 2325 -1.373280
0.917584 2324 -1.373010
0.917584 2323 -1.372940
0.917584 2322 -1.372790
0.917584 2321 -1.372730
0.917584 2320 -1.372610
0.917584 2319 -1.372590
0.917584 2318 -1.372590
0.917584 2317 -1.372540
0.917584 2316 -1.372530
0.917584 2315 -1.372450
0.917584 2314 -1.372320
0.917584 2313 -1.371960
0.917584 2312 -1.371880
0.917584 2311 -1.371860
0.917584 2310 -1.371840
0.917584 2309 -1.371830
0.917584 2308 -1.371750
0.917584 2307 -1.371690
0.917584 2306 -1.371640
0.917584 2305 -1.371460
0.917584 2304 -1.371360
0.917584 2303 -1.371310
0.917584 2302 -1.371300
0.917584 2301 -1.371190
0.917584 2300 -1.371150
0.917584 2299 -1.371110
0.917584 2298 -1.371090
0.917584 2297 -1.371050
0.917584 2296 -1.371030
0.917584 2295 -1.370980
0.917584 2294 -1.370970
0.917584 2293 -1.370810
0.917584 2292 -1.370770
0.917584 2291 -1.370540
0.917584 2290 -1.370410
0.917584 2289 -1.370380
0.917584 2288 -1.370250
0.917584 2287 -1.370200
0.917584 2286 -1.370140
0.917584 2285 -1.370100
0.917584 2284 -1.370080
0.917584 2283 -1.370050
0.917584 2282 -1.369840
0.917584 2281 -1.369670
0.917584 2280 -1.369640
0.917584 2279 -1.369630
0.917584 2278 -1.369350
0.917584 2277 -1.369070
0.917584 2276 -1.369040
0.917584 2275 -1.368910
0.917584 2274 -1.368880
0.917584 2273 -1.368640
0.917584 2272 -1.368430
0.917584 2271 -1.368390
0.917584 2270 -1.368140
0.917584 2269 -1.368110
0.917584 2268 -1.368020
0.917584 2267 -1.367980
0.917584 2266 -1.367690
0.917584 2265 -1.367640
0.917584 2264 -1.367620
0.917584 2263 -1.367540
0.917584 2262 -1.367240
0.917584 2261 -1.367210
0.917584 2260 -1.366910
0.917584 2259 -1.366870
0.917584 2258 -1.366840
0.917584 2257 -1.366830
0.917584 2256 -1.366660
0.917584 2255 -1.366540
0.917584 2254 -1.366480
0.917584 2253 -1.366190
0.917584 2252 -1.366190
0.917584 2251 -1.366160
0.917584 2250 -1.365930
0.917584 2249 -1.365820
0.917584 2248 -1.365660
0.917584 2247 -1.365660
0.917584 2246 -1.365520
0.917584 2245 -1.365340
0.917584 2244 -1.365310
0.917584 2243 -1.365290
0.917584 2242 -1.365130
0.917584 2241 -1.365050
0.917584 2240 -1.364880
0.917584 2239 -1.364850
0.917584 2238 -1.364750
0.917584 2237 -1.364640
0.917584 2236 -1.364400
0.917584 2235 -1.364010
0.917584 2234 -1.363860
0.917584 2233 -1.363740
0.917584 2232 -1.363570
0.917584 2231 -1.363560
0.917584 2230 -1.363350
0.917584 2229 -1.363320
0.917584 2228 -1.363320
0.917584 2227 -1.363210
0.917584 2226 -1.363210
0.917584 2225 -1.363110
0.917584 2224 -1.362960
0.917584 2223 -1.362790
0.917584 2222 -1.362490
0.917584 2221 -1.362490
0.917584 2220 -1.362350
0.917584 2219 -1.362340
0.917584 2218 -1.362310
0.917584 2217 -1.362280
0.917584 2216 -1.362190
0.917584 2215 -1.362190
0.917584 2214 -1.361970
0.917584 2213 -1.361950
0.917584 2212 -1.361520
0.917584 2211 -1.361460
0.917584 2210 -1.361360
0.917584 2209 -1.361250
0.917584 2208 -1.361060
0.917584 2207 -1.360350
0.917584 2206 -1.360260
0.917584 2205 -1.360060
0.917584 2204 -1.360040
0.917584 2203 -1.359890
0.917584 2202 -1.359510
0.917584 2201 -1.359310
0.917584 2200 -1.359220
0.917584 2199 -1.358820
0.917584 2198 -1.358810
0.917584 2197 -1.358750
0.917584 2196 -1.358630
0.917584 2195 -1.358490
0.917584 2194 -1.358470
0.917584 2193 -1.358450
0.917584 2192 -1.358160
0.917584 2191 -1.358100
0.917584 2190 -1.358070
0.917584 2189 -1.357850
0.917584 2188 -1.357810
0.917584 2187 -1.357470
0.917584 2186 -1.357430
0.917584 2185 -1.357320
0.917584 2184 -1.357290
0.917584 2183 -1.357260
0.917584 2182 -1.357130
0.917584 2181 -1.356910
0.917584 2180 -1.356690
0.917584 2179 -1.356610
0.917584 2178 -1.356600
0.917584 2177 -1.356410
0.917584 2176 -1.356270
0.917584 2175 -1.356220
0.917584 2174 -1.356140
0.917584 2173 -1.356090
0.917584 2172 -1.355840
0.917584 2171 -1.355730
0.917584 2170 -1.355680
0.917584 2169 -1.355620
0.917584 2168 -1.355620
0.917584 2167 -1.355500
0.917584 2166 -1.355500
0.917584 2165 -1.355460
0.917584 2164 -1.355310
0.917584 2163 -1.355280
0.917584 2162 -1.355150
0.917584 2161 -1.355080
0.917584 2160 -1.355060
0.917584 2159 -1.355050
0.917584 2158 -1.355040
0.917584 2157 -1.355040
0.917584 2156 -1.354860
0.917584 2155 -1.354810
0.917584 2154 -1.354800
0.917584 2153 -1.354800
0.917584 2152 -1.354480
0.917584 2151 -1.354380
0.917584 2150 -1.354260
0.917584 2149 -1.354250
0.917584 2148 -1.354230
0.917584 2147 -1.354210
0.917584 2146 -1.353810
0.917584 2145 -1.353660
0.917584 2144 -1.353640
0.917584 2143 -1.353590
0.917584 2142 -1.353580
0.917584 2141 -1.353570
0.917584 2140 -1.353390
0.917584 2139 -1.353300
0.917584 2138 -1.353210
0.917584 2137 -1.353100
0.917584 2136 -1.352830
0.917584 2135 -1.352540
0.917584 2134 -1.352230
0.917584 2133 -1.352210
0.917584 2132 -1.352030
0.917584 2131 -1.351900
0.917584 2130 -1.351870
0.917584 2129 -1.351730
0.917584 2128 -1.351670
0.917584 2127 -1.351580
0.917584 2126 -1.350880
0.917584 2125 -1.350860
0.917584 2124 -1.350470
0.917584 2123 -1.350450
0.917584 2122 -1.350400
0.917584 2121 -1.350140
0.917584 2120 -1.350130
0.917584 2119 -1.350000
0.917584 2118 -1.349940
0.917584 2117 -1.349880
0.917584 2116 -1.349700
0.917584 2115 -1.349430
0.917584 2114 -1.349250
0.917584 2113 -1.349230
0.917584 2112 -1.349100
0.917584 2111 -1.349080
0.917584 2110 -1.349070
0.917584 2109 -1.349040
0.917584 2108 -1.348720
0.917584 2107 -1.348720
0.917584 2106 -1.348500
0.917584 2105 -1.348500
0.917584 2104 -1.348460
0.917584 2103 -1.348430
0.917584 2102 -1.348320
0.917584 2101 -1.348150
0.917584 2100 -1.348080
0.917584 2099 -1.347840
0.917584 2098 -1.347740
0.917584 2097 -1.347450
0.917584 2096 -1.347430
0.917584 2095 -1.347380
0.917584 2094 -1.347350
0.917584 2093 -1.347340
0.917584 2092 -1.347280
0.917584 2091 -1.347250
0.917584 2090 -1.347100
0.917584 2089 -1.346450
0.917392 2088 -1.346440
0.917392 2087 -1.346380
0.917392 2086 -1.346360
0.917392 2085 -1.346080
0.917392 2084 -1.346070
0.917392 2083 -1.345990
0.917392 2082 -1.345910
0.917392 2081 -1.345800
0.917392 2080 -1.345760
0.917392 2079 -1.345730
0.917392 2078 -1.345700
0.917392 2077 -1.345400
0.917392 2076 -1.345310
0.917392 2075 -1.345270
0.917392 2074 -1.345180
0.917392 2073 -1.345110
0.917392 2072 -1.344920
0.917392 2071 -1.344770
0.917392 2070 -1.344660
0.917392 2069 -1.344510
0.917392 2068 -1.344480
0.917392 2067 -1.344470
0.917392 2066 -1.344260
0.917392 2065 -1.344140
0.917392 2064 -1.344080
0.917392 2063 -1.343920
0.917392 2062 -1.343890
0.917392 2061 -1.343890
0.917392 2060 -1.343680
0.917392 2059 -1.343620
0.917392 2058 -1.343380
0.917392 2057 -1.343250
0.917392 2056 -1.343140
0.917392 2055 -1.342960
0.917392 2054 -1.342950
0.917392 2053 -1.342900
0.917392 2052 -1.342740
0.917392 2051 -1.342700
0.917392 2050 -1.342650
0.917392 2049 -1.342580
0.917392 2048 -1.342400
0.917392 2047 -1.342250
0.917392 2046 -1.342240
0.917392 2045 -1.342110
0.917392 2044 -1.342010
0.917392 2043 -1.342000
0.917392 2042 -1.341930
0.917392 2041 -1.341740
0.917392 2040 -1.341570
0.917392 2039 -1.341540
0.917392 2038 -1.341530
0.917392 2037 -1.341410
0.917392 2036 -1.341180
0.917392 2035 -1.341150
0.917392 2034 -1.341140
0.917392 2033 -1.340970
0.917392 2032 -1.340880
0.917392 2031 -1.340790
0.917392 2030 -1.340760
0.917392 2029 -1.340320
0.917392 2028 -1.340190
0.917392 2027 -1.340160
0.917392 2026 -1.340090
0.917392 2025 -1.340040
0.917392 2024 -1.339920
0.917392 2023 -1.339740
0.917392 2022 -1.339600
0.917392 2021 -1.339160
0.917392 2020 -1.339160
0.917392 2019 -1.338890
0.917392 2018 -1.338770
0.917392 2017 -1.338650
0.917392 2016 -1.338570
0.917392 2015 -1.338440
0.917392 2014 -1.338330
0.917392 2013 -1.338310
0.917392 2012 -1.338170
0.917392 2011 -1.338170
0.917392 2010 -1.338160
0.917392 2009 -1.337920
0.917392 2008 -1.337880
0.917392 2007 -1.337850
0.917392 2006 -1.337810
0.917392 2005 -1.337530
0.917392 2004 -1.337490
0.917392 2003 -1.337360
0.917392 2002 -1.337120
0.917392 2001 -1.337080
0.917392 2000 -1.336990
0.917392 1999 -1.336790
0.917392 1998 -1.336620
0.917392 1997 -1.336520
0.917392 1996 -1.336510
0.917392 1995 -1.336340
0.917392 1994 -1.336200
0.917392 1993 -1.336040
0.917392 1992 -1.335850
0.917392 1991 -1.335820
0.917392 1990 -1.335720
0.917392 1989 -1.335680
0.917392 1988 -1.335580
0.917392 1987 -1.335430
0.917392 1986 -1.335340
0.917392 1985 -1.335320
0.917392 1984 -1.335220
0.917392 1983 -1.334620
0.917392 1982 -1.334480
0.917392 1981 -1.334470
0.917392 1980 -1.334440
0.917392 1979 -1.334410
0.917392 1978 -1.334250
0.917392 1977 -1.334060
0.917392 1976 -1.333970
0.917392 1975 -1.333900
0.917392 1974 -1.333750
0.917392 1973 -1.333740
0.917392 1972 -1.333420
0.917392 1971 -1.333290
0.917392 1970 -1.333260
0.917392 1969 -1.333250
0.917392 1968 -1.333070
0.917392 1967 -1.332960
0.917392 1966 -1.332740
0.917392 1965 -1.332550
0.917392 1964 -1.332370
0.917392 1963 -1.332230
0.917392 1962 -1.332030
0.917392 1961 -1.331750
0.917392 1960 -1.331580
0.917392 1959 -1.331530
0.917392 1958 -1.331450
0.917392 1957 -1.331260
0.917392 1956 -1.331090
0.917392 1955 -1.330700
0.917392 1954 -1.330630
0.917392 1953 -1.330040
0.917392 1952 -1.330020
0.917392 1951 -1.329980
0.917392 1950 -1.329890
0.917392 1949 -1.329840
0.917392 1948 -1.329670
0.917392 1947 -1.329650
0.917392 1946 -1.329650
0.917392 1945 -1.329560
0.917392 1944 -1.329520
0.917392 1943 -1.329440
0.917392 1942 -1.329070
0.917392 1941 -1.329030
0.917392 1940 -1.329000
0.917392 1939 -1.328660
0.917392 1938 -1.328650
0.917392 1937 -1.328650
0.917392 1936 -1.328330
0.917392 1935 -1.328090
0.917392 1934 -1.328080
0.917392 1933 -1.328040
0.917392 1932 -1.327950
0.917392 1931 -1.327930
0.917392 1930 -1.327850
0.917392 1929 -1.327710
0.917392 1928 -1.327700
0.917392 1927 -1.327470
0.917392 1926 -1.327440
0.917392 1925 -1.327370
0.917392 1924 -1.327350
0.917392 1923 -1.327250
0.917392 1922 -1.326730
0.917392 1921 -1.326590
0.917392 1920 -1.326540
0.917392 1919 -1.326470
0.917392 1918 -1.326460
0.917392 1917 -1.326320
0.917392 1916 -1.326300
0.917392 1915 -1.326250
0.917392 1914 -1.326160
0.917392 1913 -1.325860
0.917392 1912 -1.325350
0.917392 1911 -1.325330
0.917392 1910 -1.325320
0.917392 1909 -1.325310
0.917392 1908 -1.325070
0.917392 1907 -1.325020
0.917392 1906 -1.324930
0.917392 1905 -1.324200
0.917392 1904 -1.324130
0.917392 1903 -1.324020
0.917392 1902 -1.323830
0.917392 1901 -1.323680
0.917392 1900 -1.323390
0.917392 1899 -1.323390
0.917392 1898 -1.323190
0.917392 1897 -1.323140
0.917392 1896 -1.323140
0.917392 1895 -1.322790
0.917392 1894 -1.322720
0.917392 1893 -1.322670
0.917392 1892 -1.322610
0.917392 1891 -1.322520
0.917392 1890 -1.322410
0.917392 1889 -1.322130
0.917392 1888 -1.322120
0.917392 1887 -1.322080
0.917198 1886 -1.321690
0.917198 1885 -1.321530
0.917198 1884 -1.321130
0.917198 1883 -1.321030
0.917198 1882 -1.321010
0.917198 1881 -1.320120
0.917198 1880 -1.320050
0.917198 1879 -1.319990
0.917198 1878 -1.319950
0.917198 1877 -1.319950
0.917198 1876 -1.319910
0.917198 1875 -1.319700
0.917198 1874 -1.319690
0.917198 1873 -1.319170
0.917198 1872 -1.318690
0.917198 1871 -1.318530
0.917198 1870 -1.318440
0.917198 1869 -1.318270
0.917198 1868 -1.318180
0.917198 1867 -1.318060
0.917198 1866 -1.318020
0.917198 1865 -1.317980
0.917198 1864 -1.317650
0.917198 1863 -1.317610
0.917198 1862 -1.317520
0.917198 1861 -1.317400
0.917198 1860 -1.317390
0.917198 1859 -1.316870
0.917198 1858 -1.316740
0.917198 1857 -1.316630
0.917198 1856 -1.315910
0.917198 1855 -1.315900
0.917198 1854 -1.315900
0.917198 1853 -1.315860
0.917198 1852 -1.315840
0.917198 1851 -1.315740
0.917198 1850 -1.315610
0.917198 1849 -1.315420
0.917198 1848 -1.315320
0.917198 1847 -1.315190
0.917198 1846 -1.315180
0.917198 1845 -1.315160
0.917198 1844 -1.314950
0.917198 1843 -1.314870
0.917198 1842 -1.314760
0.917198 1841 -1.314650
0.917198 1840 -1.314580
0.917198 1839 -1.314500
0.917198 1838 -1.314250
0.917198 1837 -1.314160
0.917198 1836 -1.314120
0.917005 1835 -1.313700
0.917005 1834 -1.313690
0.917005 1833 -1.313680
0.917005 1832 -1.313640
0.917005 1831 -1.313550
0.917005 1830 -1.313360
0.917005 1829 -1.312990
0.917005 1828 -1.312620
0.917005 1827 -1.312500
0.917005 1826 -1.312370
0.917005 1825 -1.312150
0.917005 1824 -1.312000
0.917005 1823 -1.311760
0.917005 1822 -1.311550
0.917005 1821 -1.311540
0.917005 1820 -1.311500
0.917005 1819 -1.311360
0.917005 1818 -1.311310
0.917005 1817 -1.310880
0.917005 1816 -1.310780
0.917005 1815 -1.310390
0.917005 1814 -1.310150
0.917005 1813 -1.310130
0.917005 1812 -1.310030
0.917005 1811 -1.309960
0.917005 1810 -1.309780
0.917005 1809 -1.309650
0.917005 1808 -1.309590
0.917005 1807 -1.309170
0.917005 1806 -1.309120
0.917005 1805 -1.309100
0.916811 1804 -1.308680
0.916811 1803 -1.308550
0.916811 1802 -1.308390
0.916811 1801 -1.308130
0.916811 1800 -1.308090
0.916811 1799 -1.307820
0.916811 1798 -1.307700
0.916811 1797 -1.307330
0.916811 1796 -1.307080
0.916811 1795 -1.307060
0.916811 1794 -1.307040
0.916618 1793 -1.307020
0.916618 1792 -1.306700
0.916618 1791 -1.306680
0.916618 1790 -1.306610
0.916618 1789 -1.306580
0.916618 1788 -1.306530
0.916618 1787 -1.306440
0.916618 1786 -1.306000
0.916618 1785 -1.305970
0.916618 1784 -1.305820
0.916618 1783 -1.305550
0.916618 1782 -1.305230
0.916618 1781 -1.305080
0.916618 1780 -1.304990
0.916618 1779 -1.304960
0.916618 1778 -1.304800
0.916618 1777 -1.304680
0.916618 1776 -1.304650
0.916618 1775 -1.304520
0.916618 1774 -1.304440
0.916618 1773 -1.304280
0.916618 1772 -1.304090
0.916618 1771 -1.304050
0.916618 1770 -1.303880
0.916618 1769 -1.303850
0.916618 1768 -1.303770
0.916618 1767 -1.303680
0.916618 1766 -1.303640
0.916618 1765 -1.303570
0.916618 1764 -1.303520
0.916618 1763 -1.303510
0.916618 1762 -1.303490
0.916618 1761 -1.303490
0.916618 1760 -1.303460
0.916618 1759 -1.303240
0.916618 1758 -1.302660
0.916618 1757 -1.302620
0.916618 1756 -1.302130
0.916618 1755 -1.302060
0.916618 1754 -1.301870
0.916618 1753 -1.301720
0.916618 1752 -1.301720
0.916618 1751 -1.301670
0.916618 1750 -1.301540
0.916618 1749 -1.301410
0.916618 1748 -1.301400
0.916618 1747 -1.300900
0.916618 1746 -1.300870
0.916618 1745 -1.300760
0.916618 1744 -1.300670
0.916618 1743 -1.300560
0.916618 1742 -1.300270
0.916618 1741 -1.300200
0.916618 1740 -1.299970
0.916618 1739 -1.299790
0.916618 1738 -1.299530
0.916618 1737 -1.299420
0.916618 1736 -1.299270
0.916618 1735 -1.299230
0.916618 1734 -1.299080
0.916618 1733 -1.298960
0.916618 1732 -1.298850
0.916618 1731 -1.298710
0.916618 1730 -1.298680
0.916618 1729 -1.298550
0.916618 1728 -1.298480
0.916618 1727 -1.298470
0.916618 1726 -1.298370
0.916425 1725 -1.298300
0.916425 1724 -1.297280
0.916425 1723 -1.297100
0.916425 1722 -1.296930
0.916425 1721 -1.296500
0.916425 1720 -1.296450
0.916425 1719 -1.296280
0.916425 1718 -1.296170
0.916425 1717 -1.296010
0.916425 1716 -1.295980
0.916425 1715 -1.295870
0.916425 1714 -1.295810
0.916425 1713 -1.295780
0.916425 1712 -1.295700
0.916425 1711 -1.295600
0.916425 1710 -1.295480
0.916425 1709 -1.295200
0.916425 1708 -1.294870
0.916425 1707 -1.294510
0.916425 1706 -1.294450
0.916425 1705 -1.294440
0.916425 1704 -1.294100
0.916425 1703 -1.294090
0.916425 1702 -1.293760
0.916425 1701 -1.293410
0.916425 1700 -1.293390
0.916425 1699 -1.293330
0.916425 1698 -1.293170
0.916425 1697 -1.293150
0.916425 1696 -1.293100
0.916425 1695 -1.293000
0.916425 1694 -1.292740
0.916425 1693 -1.292580
0.916425 1692 -1.292520
0.916425 1691 -1.292110
0.916425 1690 -1.291720
0.916425 1689 -1.291650
0.916425 1688 -1.291620
0.916425 1687 -1.291610
0.916425 1686 -1.291420
0.916425 1685 -1.291420
0.916425 1684 -1.291410
0.916425 1683 -1.291350
0.916425 1682 -1.290880
0.916425 1681 -1.290770
0.916425 1680 -1.290730
0.916425 1679 -1.290720
0.916425 1678 -1.290560
0.916425 1677 -1.290380
0.916425 1676 -1.290340
0.916425 1675 -1.290150
0.916425 1674 -1.289930
0.916425 1673 -1.289740
0.916425 1672 -1.289710
0.916425 1671 -1.289690
0.916425 1670 -1.289030
0.916425 1669 -1.289000
0.916425 1668 -1.288700
0.916425 1667 -1.288640
0.916425 1666 -1.288510
0.916425 1665 -1.288260
0.916425 1664 -1.288100
0.916425 1663 -1.287860
0.916425 1662 -1.287850
0.916425 1661 -1.287770
0.916425 1660 -1.287690
0.916425 1659 -1.287580
0.916425 1658 -1.287550
0.916425 1657 -1.287420
0.916425 1656 -1.287290
0.916425 1655 -1.287130
0.916425 1654 -1.287100
0.916425 1653 -1.287070
0.916425 1652 -1.286850
0.916425 1651 -1.286850
0.916425 1650 -1.286780
0.916425 1649 -1.286670
0.916425 1648 -1.286580
0.916425 1647 -1.286490
0.916425 1646 -1.286300
0.916425 1645 -1.286290
0.916425 1644 -1.286220
0.916425 1643 -1.286020
0.916425 1642 -1.286010
0.916425 1641 -1.285720
0.916425 1640 -1.285550
0.916425 1639 -1.285400
0.916425 1638 -1.285350
0.916425 1637 -1.285120
0.916425 1636 -1.284950
0.916425 1635 -1.284810
0.916425 1634 -1.284660
0.916425 1633 -1.284640
0.916425 1632 -1.284390
0.916425 1631 -1.284390
0.916425 1630 -1.284360
0.916425 1629 -1.284270
0.916425 1628 -1.284030
0.916425 1627 -1.283970
0.916425 1626 -1.283710
0.916425 1625 -1.283690
0.916425 1624 -1.283600
0.916425 1623 -1.283570
0.916425 1622 -1.283320
0.916425 1621 -1.283310
0.916425 1620 -1.282910
0.916425 1619 -1.282700
0.916425 1618 -1.282410
0.916425 1617 -1.282180
0.916425 1616 -1.282120
0.916425 1615 -1.281810
0.916425 1614 -1.281720
0.916425 1613 -1.281680
0.916425 1612 -1.281570
0.916425 1611 -1.281550
0.916425 1610 -1.281540
0.916425 1609 -1.281480
0.916425 1608 -1.281200
0.916425 1607 -1.281130
0.916425 1606 -1.280700
0.916425 1605 -1.280690
0.916425 1604 -1.280380
0.916425 1603 -1.280270
0.916425 1602 -1.280010
0.916425 1601 -1.279990
0.916425 1600 -1.279970
0.916425 1599 -1.279890
0.916425 1598 -1.279750
0.916425 1597 -1.279580
0.916425 1596 -1.279310
0.916425 1595 -1.279250
0.916425 1594 -1.279200
0.916425 1593 -1.279130
0.916425 1592 -1.278960
0.916425 1591 -1.278650
0.916425 1590 -1.278450
0.916425 1589 -1.278430
0.916425 1588 -1.278410
0.916425 1587 -1.278150
0.916425 1586 -1.277840
0.916425 1585 -1.277800
0.916425 1584 -1.277220
0.916425 1583 -1.276760
0.916425 1582 -1.276600
0.916425 1581 -1.276560
0.916425 1580 -1.276360
0.916425 1579 -1.276050
0.916425 1578 -1.276040
0.916425 1577 -1.275250
0.916425 1576 -1.275220
0.916425 1575 -1.275140
0.916425 1574 -1.275010
0.916425 1573 -1.274780
0.916425 1572 -1.274730
0.916425 1571 -1.274560
0.916425 1570 -1.274530
0.916425 1569 -1.274480
0.916425 1568 -1.274450
0.916425 1567 -1.274430
0.916425 1566 -1.274390
0.916425 1565 -1.274320
0.916425 1564 -1.274220
0.916425 1563 -1.274190
0.916425 1562 -1.273720
0.916425 1561 -1.273710
0.916425 1560 -1.273670
0.916425 1559 -1.273620
0.916425 1558 -1.273570
0.916425 1557 -1.273490
0.916425 1556 -1.272900
0.916425 1555 -1.272860
0.916425 1554 -1.272640
0.916425 1553 -1.272620
0.916425 1552 -1.272030
0.916425 1551 -1.271480
0.916425 1550 -1.271460
0.916425 1549 -1.271450
0.916425 1548 -1.271420
0.916425 1547 -1.271360
0.916425 1546 -1.271340
0.916425 1545 -1.271290
0.916425 1544 -1.271250
0.916425 1543 -1.271060
0.916425 1542 -1.270950
0.916425 1541 -1.270930
0.916425 1540 -1.270830
0.916425 1539 -1.270820
0.916425 1538 -1.270760
0.916425 1537 -1.270740
0.916425 1536 -1.270600
0.916425 1535 -1.270490
0.916425 1534 -1.270330
0.916425 1533 -1.270220
0.916425 1532 -1.270030
0.916425 1531 -1.270000
0.916425 1530 -1.269990
0.916425 1529 -1.269860
0.916425 1528 -1.269780
0.916425 1527 -1.268700
0.916425 1526 -1.268510
0.916425 1525 -1.268370
0.916232 1524 -1.268350
0.916232 1523 -1.268110
0.916232 1522 -1.267960
0.916232 1521 -1.267820
0.916232 1520 -1.267450
0.916232 1519 -1.267330
0.916232 1518 -1.267160
0.916232 1517 -1.266980
0.916232 1516 -1.266780
0.916039 1515 -1.266510
0.916039 1514 -1.266430
0.916039 1513 -1.266410
0.916039 1512 -1.266350
0.916039 1511 -1.266330
0.916039 1510 -1.265620
0.916039 1509 -1.265260
0.916039 1508 -1.265170
0.916039 1507 -1.265080
0.916039 1506 -1.264940
0.916039 1505 -1.264630
0.916039 1504 -1.264400
0.916039 1503 -1.264290
0.916039 1502 -1.263750
0.916039 1501 -1.263660
0.916039 1500 -1.263430
0.916039 1499 -1.263030
0.916039 1498 -1.262990
0.916039 1497 -1.262670
0.916039 1496 -1.262580
0.916039 1495 -1.262500
0.916039 1494 -1.262310
0.916039 1493 -1.261980
0.916039 1492 -1.261870
0.916039 1491 -1.261420
0.916039 1490 -1.261280
0.916039 1489 -1.261080
0.916039 1488 -1.260750
0.916039 1487 -1.260670
0.916039 1486 -1.260600
0.916039 1485 -1.260590
0.916039 1484 -1.260500
0.916039 1483 -1.260450
0.916039 1482 -1.260220
0.916039 1481 -1.260210
0.916039 1480 -1.260160
0.916039 1479 -1.259830
0.916039 1478 -1.259740
0.916039 1477 -1.259450
0.916039 1476 -1.259410
0.916039 1475 -1.259060
0.916039 1474 -1.258980
0.916039 1473 -1.258930
0.916039 1472 -1.258730
0.916039 1471 -1.258580
0.916039 1470 -1.258370
0.916039 1469 -1.258200
0.916039 1468 -1.258100
0.916039 1467 -1.258080
0.916039 1466 -1.257980
0.916039 1465 -1.257800
0.916039 1464 -1.257600
0.916039 1463 -1.257460
0.916039 1462 -1.257410
0.916039 1461 -1.257240
0.916039 1460 -1.256900
0.916039 1459 -1.256830
0.916039 1458 -1.256810
0.916039 1457 -1.256780
0.916039 1456 -1.256770
0.916039 1455 -1.256680
0.916039 1454 -1.256500
0.916039 1453 -1.256440
0.916039 1452 -1.256380
0.916039 1451 -1.255840
0.916039 1450 -1.255370
0.916039 1449 -1.255370
0.916039 1448 -1.254980
0.916039 1447 -1.254960
0.916039 1446 -1.254870
0.916039 1445 -1.254860
0.916039 1444 -1.254460
0.916039 1443 -1.254290
0.916039 1442 -1.253790
0.916039 1441 -1.253680
0.916039 1440 -1.253560
0.916039 1439 -1.253470
0.916039 1438 -1.253440
0.916039 1437 -1.253310
0.916039 1436 -1.252980
0.916039 1435 -1.252880
0.916039 1434 -1.252650
0.916039 1433 -1.252550
0.916039 1432 -1.252470
0.916039 1431 -1.252460
0.916039 1430 -1.252250
0.916039 1429 -1.252130
0.916039 1428 -1.251740
0.916039 1427 -1.251670
0.916039 1426 -1.251670
0.916039 1425 -1.251580
0.916039 1424 -1.251560
0.916039 1423 -1.251520
0.916039 1422 -1.251450
0.916039 1421 -1.251440
0.916039 1420 -1.251270
0.916039 1419 -1.251220
0.916039 1418 -1.251140
0.916039 1417 -1.250690
0.916039 1416 -1.250410
0.916039 1415 -1.250270
0.916039 1414 -1.250160
0.916039 1413 -1.250070
0.916039 1412 -1.250050
0.916039 1411 -1.250050
0.916039 1410 -1.249310
0.916039 1409 -1.248770
0.916039 1408 -1.248670
0.916039 1407 -1.248390
0.916039 1406 -1.248360
0.916039 1405 -1.247860
0.916039 1404 -1.247850
0.916039 1403 -1.247840
0.916039 1402 -1.247760
0.916039 1401 -1.247440
0.916039 1400 -1.247420
0.916039 1399 -1.247320
0.916039 1398 -1.247130
0.916039 1397 -1.247120
0.916039 1396 -1.246990
0.916039 1395 -1.246800
0.916039 1394 -1.246660
0.916039 1393 -1.246460
0.916039 1392 -1.246460
0.916039 1391 -1.246390
0.916039 1390 -1.246260
0.916039 1389 -1.246180
0.916039 1388 -1.245700
0.916039 1387 -1.244860
0.916039 1386 -1.244800
0.916039 1385 -1.244730
0.916039 1384 -1.244450
0.916039 1383 -1.244390
0.916039 1382 -1.244280
0.916039 1381 -1.243700
0.916039 1380 -1.243600
0.916039 1379 -1.243510
0.915846 1378 -1.243290
0.915846 1377 -1.242960
0.915846 1376 -1.242830
0.915846 1375 -1.242590
0.915846 1374 -1.242440
0.915846 1373 -1.242160
0.915846 1372 -1.242050
0.915846 1371 -1.242050
0.915846 1370 -1.241940
0.915654 1369 -1.241930
0.915654 1368 -1.241850
0.915654 1367 -1.241520
0.915654 1366 -1.241510
0.915654 1365 -1.241380
0.915654 1364 -1.241380
0.915654 1363 -1.240490
0.915654 1362 -1.240490
0.915654 1361 -1.240320
0.915462 1360 -1.240270
0.915462 1359 -1.240190
0.915462 1358 -1.240140
0.915462 1357 -1.240120
0.915462 1356 -1.240080
0.915462 1355 -1.239900
0.915462 1354 -1.239800
0.915462 1353 -1.239780
0.915268 1352 -1.239730
0.915268 1351 -1.239710
0.915268 1350 -1.239690
0.915268 1349 -1.239440
0.915268 1348 -1.239440
0.915268 1347 -1.239370
0.915268 1346 -1.238690
0.915268 1345 -1.238660
0.915268 1344 -1.238640
0.915268 1343 -1.238620
0.915268 1342 -1.238100
0.915268 1341 -1.237890
0.915268 1340 -1.237680
0.915268 1339 -1.237550
0.915268 1338 -1.236640
0.915268 1337 -1.236620
0.915268 1336 -1.236320
0.915268 1335 -1.236210
0.915268 1334 -1.236160
0.915268 1333 -1.236050
0.915268 1332 -1.236010
0.915268 1331 -1.235820
0.915268 1330 -1.235650
0.915268 1329 -1.235390
0.915268 1328 -1.235330
0.915268 1327 -1.235320
0.915268 1326 -1.235310
0.915268 1325 -1.235150
0.915268 1324 -1.235130
0.915268 1323 -1.235090
0.915268 1322 -1.234850
0.915268 1321 -1.234610
0.915268 1320 -1.234590
0.915268 1319 -1.234310
0.915268 1318 -1.233810
0.915268 1317 -1.233690
0.915268 1316 -1.233390
0.915268 1315 -1.233090
0.915268 1314 -1.233040
0.915268 1313 -1.232910
0.915268 1312 -1.232830
0.915268 1311 -1.232700
0.915268 1310 -1.232640
0.915268 1309 -1.232410
0.915268 1308 -1.232150
0.915268 1307 -1.232110
0.915268 1306 -1.231640
0.915268 1305 -1.231260
0.915268 1304 -1.231140
0.915268 1303 -1.230960
0.915268 1302 -1.230910
0.915268 1301 -1.230850
0.915268 1300 -1.230850
0.915268 1299 -1.230730
0.915268 1298 -1.230230
0.915268 1297 -1.230030
0.915268 1296 -1.229530
0.915268 1295 -1.229530
0.915076 1294 -1.229500
0.915076 1293 -1.229290
0.915076 1292 -1.228570
0.915076 1291 -1.228520
0.915076 1290 -1.228370
0.915076 1289 -1.228280
0.915076 1288 -1.227960
0.915076 1287 -1.227820
0.915076 1286 -1.227750
0.915076 1285 -1.227680
0.915076 1284 -1.227290
0.915076 1283 -1.227070
0.915076 1282 -1.226990
0.914883 1281 -1.226960
0.914883 1280 -1.226800
0.914883 1279 -1.226750
0.914883 1278 -1.226550
0.914883 1277 -1.226430
0.914883 1276 -1.226260
0.914883 1275 -1.226240
0.914883 1274 -1.226060
0.914883 1273 -1.225830
0.914883 1272 -1.225650
0.914883 1271 -1.225470
0.914883 1270 -1.225150
0.914883 1269 -1.225060
0.914883 1268 -1.224520
0.914883 1267 -1.224330
0.914883 1266 -1.223970
0.914883 1265 -1.223860
0.914883 1264 -1.223810
0.914883 1263 -1.223450
0.914883 1262 -1.223100
0.914883 1261 -1.222860
0.914883 1260 -1.222690
0.914883 1259 -1.222370
0.914883 1258 -1.222030
0.914883 1257 -1.222010
0.914883 1256 -1.221940
0.914883 1255 -1.221920
0.914883 1254 -1.221870
0.914883 1253 -1.221550
0.914883 1252 -1.221400
0.914883 1251 -1.221400
0.914883 1250 -1.220260
0.914883 1249 -1.220020
0.914883 1248 -1.219820
0.914883 1247 -1.219760
0.914883 1246 -1.219710
0.914883 1245 -1.219640
0.914883 1244 -1.219590
0.914883 1243 -1.219590
0.914883 1242 -1.219430
0.914883 1241 -1.219410
0.914883 1240 -1.219280
0.914883 1239 -1.219270
0.914883 1238 -1.219170
0.914883 1237 -1.218940
0.914883 1236 -1.218820
0.914883 1235 -1.218450
0.914883 1234 -1.218430
0.914883 1233 -1.218430
0.914883 1232 -1.218050
0.914883 1231 -1.217990
0.914883 1230 -1.217750
0.914883 1229 -1.217690
0.914883 1228 -1.217570
0.914883 1227 -1.217260
0.914883 1226 -1.217150
0.914883 1225 -1.217000
0.914883 1224 -1.216730
0.914883 1223 -1.216420
0.914883 1222 -1.216410
0.914883 1221 -1.215860
0.914883 1220 -1.215780
0.914883 1219 -1.215710
0.914883 1218 -1.215440
0.914883 1217 -1.215300
0.914883 1216 -1.215010
0.914883 1215 -1.214850
0.914883 1214 -1.214780
0.914883 1213 -1.214160
0.914883 1212 -1.214150
0.914883 1211 -1.214080
0.914883 1210 -1.213890
0.914883 1209 -1.213730
0.914883 1208 -1.213620
0.914883 1207 -1.213500
0.914883 1206 -1.213300
0.914883 1205 -1.213300
0.914883 1204 -1.213230
0.914690 1203 -1.212900
0.914690 1202 -1.212780
0.914690 1201 -1.212670
0.914690 1200 -1.212610
0.914690 1199 -1.212190
0.914690 1198 -1.212070
0.914690 1197 -1.212060
0.914690 1196 -1.212020
0.914690 1195 -1.211960
0.914690 1194 -1.211830
0.914690 1193 -1.211670
0.914690 1192 -1.211290
0.914690 1191 -1.211120
0.914690 1190 -1.210880
0.914690 1189 -1.210820
0.914690 1188 -1.210790
0.914690 1187 -1.210530
0.914690 1186 -1.210450
0.914690 1185 -1.210440
0.914690 1184 -1.210340
0.914690 1183 -1.209360
0.914690 1182 -1.209170
0.914690 1181 -1.209050
0.914690 1180 -1.208890
0.914690 1179 -1.208880
0.914690 1178 -1.208840
0.914690 1177 -1.208340
0.914498 1176 -1.207590
0.914498 1175 -1.207470
0.914498 1174 -1.207440
0.914498 1173 -1.207380
0.914498 1172 -1.207280
0.914498 1171 -1.206780
0.914498 1170 -1.206430
0.914498 1169 -1.206260
0.914498 1168 -1.206220
0.914498 1167 -1.205980
0.914498 1166 -1.205890
0.914498 1165 -1.205830
0.914498 1164 -1.205620
0.914498 1163 -1.205510
0.914498 1162 -1.205410
0.914498 1161 -1.205110
0.914498 1160 -1.205040
0.914498 1159 -1.205010
0.914498 1158 -1.204970
0.914498 1157 -1.204940
0.914498 1156 -1.204850
0.914498 1155 -1.204320
0.914498 1154 -1.204100
0.914498 1153 -1.203890
0.914498 1152 -1.203500
0.914498 1151 -1.202650
0.914498 1150 -1.202340
0.914498 1149 -1.202330
0.914498 1148 -1.202290
0.914498 1147 -1.202190
0.914498 1146 -1.202000
0.914498 1145 -1.201780
0.914498 1144 -1.201280
0.914498 1143 -1.201150
0.914498 1142 -1.200930
0.914498 1141 -1.200570
0.914498 1140 -1.200290
0.914498 1139 -1.200080
0.914498 1138 -1.199920
0.914498 1137 -1.199850
0.914498 1136 -1.199620
0.914498 1135 -1.199600
0.914498 1134 -1.199540
0.914498 1133 -1.199310
0.914498 1132 -1.198910
0.914498 1131 -1.198890
0.914498 1130 -1.198700
0.914498 1129 -1.198590
0.914498 1128 -1.197980
0.914498 1127 -1.197820
0.914498 1126 -1.197790
0.914498 1125 -1.197750
0.914498 1124 -1.197420
0.914498 1123 -1.197420
0.914498 1122 -1.197130
0.914498 1121 -1.195950
0.914498 1120 -1.195570
0.914498 1119 -1.195200
0.914306 1118 -1.194930
0.914306 1117 -1.194620
0.914306 1116 -1.194600
0.914306 1115 -1.194380
0.914306 1114 -1.194340
0.914306 1113 -1.193990
0.914306 1112 -1.193940
0.914306 1111 -1.193740
0.914306 1110 -1.193610
0.914306 1109 -1.192900
0.914306 1108 -1.191890
0.914306 1107 -1.191850
0.914306 1106 -1.191540
0.914306 1105 -1.191370
0.914306 1104 -1.191270
0.914306 1103 -1.191160
0.914306 1102 -1.190520
0.914306 1101 -1.190440
0.914306 1100 -1.190430
0.914306 1099 -1.190360
0.914306 1098 -1.189820
0.914306 1097 -1.189740
0.914306 1096 -1.189730
0.914306 1095 -1.189160
0.914306 1094 -1.189080
0.914306 1093 -1.188990
0.914306 1092 -1.188980
0.914306 1091 -1.187860
0.914306 1090 -1.187500
0.914306 1089 -1.187040
0.914111 1088 -1.186940
0.914111 1087 -1.186930
0.914111 1086 -1.186010
0.914111 1085 -1.185810
0.914111 1084 -1.185220
0.914111 1083 -1.185190
0.913917 1082 -1.185120
0.913917 1081 -1.185120
0.913917 1080 -1.184880
0.913917 1079 -1.184800
0.913917 1078 -1.184680
0.913917 1077 -1.184510
0.913917 1076 -1.184390
0.913724 1075 -1.183710
0.913724 1074 -1.183640
0.913724 1073 -1.183520
0.913724 1072 -1.183450
0.913724 1071 -1.183440
0.913724 1070 -1.183330
0.913724 1069 -1.183320
0.913724 1068 -1.183190
0.913724 1067 -1.183180
0.913724 1066 -1.183050
0.913724 1065 -1.183000
0.913724 1064 -1.182700
0.913724 1063 -1.182690
0.913530 1062 -1.182690
0.913530 1061 -1.182440
0.913530 1060 -1.181720
0.913530 1059 -1.181560
0.913530 1058 -1.181550
0.913530 1057 -1.181460
0.913530 1056 -1.181140
0.913530 1055 -1.180780
0.913337 1054 -1.180750
0.913337 1053 -1.180400
0.913337 1052 -1.180130
0.913337 1051 -1.179920
0.913337 1050 -1.179780
0.913337 1049 -1.179220
0.913337 1048 -1.179040
0.913337 1047 -1.178690
0.913337 1046 -1.178560
0.913337 1045 -1.178500
0.913337 1044 -1.178470
0.913337 1043 -1.177980
0.913337 1042 -1.177920
0.913337 1041 -1.177710
0.913337 1040 -1.177500
0.913143 1039 -1.177450
0.913143 1038 -1.176260
0.913143 1037 -1.176220
0.913143 1036 -1.175760
0.913143 1035 -1.175580
0.913143 1034 -1.175220
0.913143 1033 -1.175150
0.913143 1032 -1.175100
0.913143 1031 -1.174630
0.913143 1030 -1.174350
0.913143 1029 -1.174170
0.913143 1028 -1.173920
0.913143 1027 -1.173900
0.913143 1026 -1.173300
0.913143 1025 -1.173290
0.913143 1024 -1.173190
0.913143 1023 -1.173090
0.913143 1022 -1.172940
0.913143 1021 -1.172810
0.913143 1020 -1.172800
0.913143 1019 -1.172330
0.913143 1018 -1.172260
0.913143 1017 -1.172030
0.913143 1016 -1.171460
0.913143 1015 -1.171240
0.913143 1014 -1.171080
0.913143 1013 -1.170540
0.913143 1012 -1.169990
0.913143 1011 -1.169630
0.913143 1010 -1.169460
0.913143 1009 -1.169410
0.913143 1008 -1.169240
0.913143 1007 -1.169110
0.913143 1006 -1.169110
0.913143 1005 -1.168840
0.913143 1004 -1.168730
0.913143 1003 -1.168580
0.913143 1002 -1.168440
0.913143 1001 -1.168290
0.913143 1000 -1.168190
0.913143 999 -1.168150
0.913143 998 -1.167840
0.913143 997 -1.167780
0.913143 996 -1.167770
0.913143 995 -1.167570
0.913143 994 -1.167430
0.913143 993 -1.166830
0.913143 992 -1.166810
0.913143 991 -1.166610
0.913143 990 -1.166510
0.913143 989 -1.166500
0.913143 988 -1.166380
0.913143 987 -1.166270
0.913143 986 -1.166190
0.913143 985 -1.165770
0.913143 984 -1.165650
0.913143 983 -1.165530
0.913143 982 -1.165470
0.913143 981 -1.165370
0.913143 980 -1.165110
0.913143 979 -1.165030
0.913143 978 -1.164620
0.913143 977 -1.164460
0.913143 976 -1.164250
0.913143 975 -1.164120
0.913143 974 -1.163460
0.913143 973 -1.163250
0.913143 972 -1.163210
0.913143 971 -1.162610
0.913143 970 -1.161910
0.913143 969 -1.161710
0.913143 968 -1.161700
0.913143 967 -1.161500
0.913143 966 -1.161370
0.913143 965 -1.161030
0.913143 964 -1.160760
0.913143 963 -1.160480
0.913143 962 -1.160270
0.912950 961 -1.160190
0.912950 960 -1.160050
0.912950 959 -1.159920
0.912950 958 -1.159870
0.912950 957 -1.159640
0.912758 956 -1.159160
0.912758 955 -1.159140
0.912758 954 -1.158900
0.912758 953 -1.158420
0.912758 952 -1.158190
0.912758 951 -1.156830
0.912758 950 -1.156440
0.912758 949 -1.156120
0.912758 948 -1.155670
0.912758 947 -1.155630
0.912758 946 -1.155580
0.912758 945 -1.155330
0.912758 944 -1.154370
0.912758 943 -1.153580
0.912758 942 -1.153230
0.912758 941 -1.152740
0.912758 940 -1.152710
0.912758 939 -1.152370
0.912758 938 -1.152220
0.912758 937 -1.151990
0.912758 936 -1.151740
0.912758 935 -1.151590
0.912758 934 -1.151190
0.912758 933 -1.151140
0.912758 932 -1.150940
0.912758 931 -1.150900
0.912758 930 -1.150850
0.912758 929 -1.150630
0.912758 928 -1.150120
0.912758 927 -1.149950
0.912758 926 -1.149830
0.912758 925 -1.149600
0.912758 924 -1.149200
0.912758 923 -1.148770
0.912758 922 -1.148570
0.912758 921 -1.147960
0.912758 920 -1.147070
0.912758 919 -1.147050
0.912758 918 -1.146800
0.912758 917 -1.146670
0.912758 916 -1.146590
0.912758 915 -1.146470
0.912758 914 -1.146430
0.912758 913 -1.146370
0.912758 912 -1.146200
0.912758 911 -1.145580
0.912758 910 -1.145180
0.912758 909 -1.144590
0.912758 908 -1.144430
0.912758 907 -1.144390
0.912758 906 -1.144030
0.912758 905 -1.143990
0.912563 904 -1.143340
0.912563 903 -1.143330
0.912563 902 -1.143290
0.912563 901 -1.143230
0.912563 900 -1.142950
0.912563 899 -1.142160
0.912563 898 -1.141270
0.912563 897 -1.141260
0.912563 896 -1.141220
0.912563 895 -1.141180
0.912563 894 -1.141030
0.912563 893 -1.140930
0.912563 892 -1.140530
0.912563 891 -1.140490
0.912563 890 -1.139590
0.912563 889 -1.139530
0.912563 888 -1.139450
0.912563 887 -1.139120
0.912176 886 -1.139110
0.912176 885 -1.138630
0.912176 884 -1.138570
0.912176 883 -1.137550
0.912176 882 -1.137260
0.912176 881 -1.135700
0.912176 880 -1.135460
0.912176 879 -1.135290
0.912176 878 -1.135040
0.912176 877 -1.134860
0.912176 876 -1.134660
0.912176 875 -1.134490
0.912176 874 -1.134340
0.912176 873 -1.134120
0.912176 872 -1.133910
0.912176 871 -1.133660
0.912176 870 -1.133520
0.912176 869 -1.133110
0.912176 868 -1.133080
0.912176 867 -1.132940
0.912176 866 -1.132430
0.912176 865 -1.132400
0.912176 864 -1.131860
0.912176 863 -1.131760
0.912176 862 -1.131280
0.912176 861 -1.130950
0.912176 860 -1.130830
0.912176 859 -1.130560
0.912176 858 -1.130540
0.912176 857 -1.130200
0.912176 856 -1.129850
0.912176 855 -1.129430
0.912176 854 -1.129410
0.912176 853 -1.129360
0.912176 852 -1.129250
0.912176 851 -1.129100
0.912176 850 -1.128970
0.912176 849 -1.127980
0.912176 848 -1.127520
0.912176 847 -1.127080
0.912176 846 -1.126780
0.912176 845 -1.126610
0.912176 844 -1.126090
0.912176 843 -1.125960
0.912176 842 -1.125670
0.912176 841 -1.125640
0.912176 840 -1.125600
0.912176 839 -1.125550
0.912176 838 -1.125260
0.912176 837 -1.124870
0.912176 836 -1.124180
0.912176 835 -1.123600
0.911981 834 -1.123400
0.911981 833 -1.123100
0.911981 832 -1.122610
0.911981 831 -1.121660
0.911981 830 -1.121290
0.911981 829 -1.120840
0.911981 828 -1.120150
0.911981 827 -1.119960
0.911981 826 -1.119350
0.911981 825 -1.119220
0.911981 824 -1.118800
0.911981 823 -1.118580
0.911981 822 -1.117130
0.911981 821 -1.116910
0.911981 820 -1.116390
0.911981 819 -1.115870
0.911981 818 -1.115720
0.911788 817 -1.115570
0.911788 816 -1.115530
0.911788 815 -1.115350
0.911594 814 -1.115200
0.911594 813 -1.114980
0.911594 812 -1.114620
0.911594 811 -1.114550
0.911594 810 -1.114510
0.911594 809 -1.113870
0.911594 808 -1.113740
0.911594 807 -1.113580
0.911594 806 -1.113150
0.911594 805 -1.112950
0.911403 804 -1.112920
0.911403 803 -1.112470
0.911403 802 -1.112240
0.911403 801 -1.111730
0.911403 800 -1.111240
0.911403 799 -1.110900
0.911403 798 -1.110820
0.911210 797 -1.110800
0.911210 796 -1.110780
0.911016 795 -1.110590
0.911016 794 -1.110560
0.911016 793 -1.110540
0.911016 792 -1.110370
0.910823 791 -1.108760
0.910823 790 -1.108680
0.910823 789 -1.107540
0.910823 788 -1.107490
0.910823 787 -1.107440
0.910823 786 -1.107330
0.910823 785 -1.107260
0.910630 784 -1.107150
0.910630 783 -1.106920
0.910630 782 -1.106740
0.910630 781 -1.106450
0.910630 780 -1.106420
0.910630 779 -1.104940
0.910630 778 -1.104500
0.910630 777 -1.104010
0.910630 776 -1.103360
0.910630 775 -1.103280
0.910630 774 -1.103080
0.910630 773 -1.102090
0.910630 772 -1.101960
0.910630 771 -1.101350
0.910437 770 -1.100620
0.910437 769 -1.099860
0.910437 768 -1.099820
0.910437 767 -1.099750
0.910437 766 -1.099700
0.910437 765 -1.099700
0.910437 764 -1.099420
0.910437 763 -1.099220
0.910437 762 -1.098620
0.910437 761 -1.098070
0.910437 760 -1.098030
0.910437 759 -1.097890
0.910437 758 -1.097460
0.910437 757 -1.095900
0.910437 756 -1.095740
0.910437 755 -1.095210
0.910437 754 -1.094990
0.910244 753 -1.094490
0.910244 752 -1.094470
0.910244 751 -1.094320
0.910244 750 -1.094250
0.910244 749 -1.094210
0.910244 748 -1.093920
0.910244 747 -1.093570
0.910244 746 -1.092460
0.910244 745 -1.091130
0.910244 744 -1.089770
0.910244 743 -1.089710
0.910244 742 -1.089180
0.909858 741 -1.088990
0.909858 740 -1.088620
0.909858 739 -1.088340
0.909858 738 -1.086520
0.909858 737 -1.086520
0.909858 736 -1.086410
0.909858 735 -1.086300
0.909858 734 -1.085070
0.909858 733 -1.084830
0.909858 732 -1.084800
0.909858 731 -1.084220
0.909858 730 -1.083450
0.909858 729 -1.083420
0.909858 728 -1.083290
0.909858 727 -1.083210
0.909858 726 -1.082940
0.909858 725 -1.082390
0.909858 724 -1.082120
0.909858 723 -1.082010
0.909858 722 -1.081900
0.909858 721 -1.081150
0.909858 720 -1.080830
0.909665 719 -1.080770
0.909665 718 -1.080490
0.909665 717 -1.080450
0.909665 716 -1.080370
0.909665 715 -1.080140
0.909665 714 -1.080110
0.909665 713 -1.080100
0.909665 712 -1.079780
0.909665 711 -1.079600
0.909665 710 -1.079580
0.909665 709 -1.079030
0.909665 708 -1.078700
0.909665 707 -1.078580
0.909665 706 -1.078410
0.909472 705 -1.076820
0.909472 704 -1.076360
0.909472 703 -1.076060
0.909472 702 -1.075950
0.909472 701 -1.075550
0.909472 700 -1.074130
0.909472 699 -1.074040
0.909472 698 -1.073740
0.909472 697 -1.072900
0.909472 696 -1.072880
0.909472 695 -1.072240
0.909472 694 -1.072120
0.909472 693 -1.072010
0.909472 692 -1.071430
0.909280 691 -1.070780
0.909280 690 -1.070490
0.909280 689 -1.070220
0.909280 688 -1.070210
0.909280 687 -1.069710
0.909280 686 -1.069450
0.909280 685 -1.069150
0.909280 684 -1.069050
0.909280 683 -1.068940
0.909280 682 -1.068220
0.909280 681 -1.068140
0.909280 680 -1.067990
0.909280 679 -1.067780
0.909280 678 -1.067270
0.909280 677 -1.066630
0.909086 676 -1.066310
0.909086 675 -1.065880
0.909086 674 -1.065670
0.909086 673 -1.065420
0.909086 672 -1.064800
0.909086 671 -1.064700
0.909086 670 -1.063460
0.909086 669 -1.062460
0.909086 668 -1.061810
0.909086 667 -1.061700
0.909086 666 -1.059770
0.909086 665 -1.059470
0.909086 664 -1.059310
0.909086 663 -1.059300
0.908891 662 -1.059260
0.908891 661 -1.059010
0.908891 660 -1.058620
0.908891 659 -1.058370
0.908891 658 -1.057070
0.908698 657 -1.056450
0.908698 656 -1.056380
0.908698 655 -1.056290
0.908698 654 -1.055640
0.908698 653 -1.055210
0.908698 652 -1.055030
0.908698 651 -1.054900
0.908698 650 -1.054530
0.908698 649 -1.053300
0.908698 648 -1.051730
0.908506 647 -1.051540
0.908506 646 -1.051090
0.908506 645 -1.050930
0.908506 644 -1.050390
0.908506 643 -1.049920
0.908506 642 -1.048750
0.908506 641 -1.048570
0.908506 640 -1.048470
0.908506 639 -1.047190
0.908506 638 -1.047130
0.908506 637 -1.046740
0.908506 636 -1.046270
0.908506 635 -1.045960
0.908506 634 -1.045930
0.908506 633 -1.045150
0.908506 632 -1.045080
0.908506 631 -1.045010
0.908506 630 -1.044820
0.908506 629 -1.044650
0.908506 628 -1.043160
0.908313 627 -1.041950
0.908313 626 -1.041750
0.908313 625 -1.041620
0.908313 624 -1.041450
0.908313 623 -1.040190
0.908313 622 -1.039970
0.908313 621 -1.039570
0.908313 620 -1.039080
0.908313 619 -1.038520
0.908313 618 -1.037680
0.908313 617 -1.037570
0.908313 616 -1.036390
0.908313 615 -1.036190
0.908313 614 -1.035950
0.908313 613 -1.035880
0.908313 612 -1.035670
0.908313 611 -1.034780
0.908313 610 -1.034420
0.908313 609 -1.034340
0.908313 608 -1.034180
0.908313 607 -1.034030
0.908313 606 -1.032490
0.908313 605 -1.032340
0.908313 604 -1.031980
0.908313 603 -1.031490
0.908313 602 -1.031480
0.908313 601 -1.031110
0.908313 600 -1.030270
0.908313 599 -1.030260
0.908313 598 -1.029650
0.908313 597 -1.029420
0.908119 596 -1.029310
0.907925 595 -1.028920
0.907925 594 -1.028510
0.907925 593 -1.028510
0.907925 592 -1.028480
0.907925 591 -1.028220
0.907925 590 -1.028210
0.907925 589 -1.027700
0.907925 588 -1.027040
0.907925 587 -1.026830
0.907925 586 -1.026730
0.907925 585 -1.026600
0.907925 584 -1.025910
0.907925 583 -1.025320
0.907925 582 -1.024260
0.907925 581 -1.023620
0.907925 580 -1.023390
0.907925 579 -1.021630
0.907925 578 -1.021580
0.907925 577 -1.021510
0.907925 576 -1.021390
0.907925 575 -1.021180
0.907925 574 -1.021160
0.907925 573 -1.021010
0.907925 572 -1.020590
0.907925 571 -1.019710
0.907925 570 -1.019530
0.907925 569 -1.019160
0.907925 568 -1.018980
0.907925 567 -1.018940
0.907925 566 -1.017480
0.907925 565 -1.017340
0.907925 564 -1.016560
0.907925 563 -1.015880
0.907925 562 -1.015540
0.907925 561 -1.015260
0.907925 560 -1.014630
0.907925 559 -1.014550
0.907925 558 -1.014500
0.907925 557 -1.014330
0.907925 556 -1.013610
0.907925 555 -1.012420
0.907925 554 -1.012150
0.907925 553 -1.012040
0.907925 552 -1.010740
0.907925 551 -1.010550
0.907925 550 -1.010340
0.907730 549 -1.010250
0.907730 548 -1.010180
0.907730 547 -1.009860
0.907730 546 -1.009550
0.907730 545 -1.009490
0.907730 544 -1.009380
0.907730 543 -1.009370
0.907730 542 -1.009210
0.907730 541 -1.008910
0.907730 540 -1.008570
0.907537 539 -1.008440
0.907537 538 -1.008430
0.907537 537 -1.008380
0.907537 536 -1.008140
0.907537 535 -1.007640
0.907537 534 -1.007420
0.907537 533 -1.006590
0.907537 532 -1.005850
0.907537 531 -1.005570
0.907537 530 -1.005370
0.907537 529 -1.005210
0.907537 528 -1.005030
0.907537 527 -1.004210
0.907345 526 -1.003030
0.907345 525 -1.002290
0.907345 524 -1.001810
0.907345 523 -1.001610
0.907345 522 -1.001570
0.907345 521 -1.001540
0.907345 520 -1.001520
0.907345 519 -1.000920
0.907345 518 -1.000810
0.907345 517 -1.000030
0.907345 516 -1.000030
0.907150 515 -0.999278
0.907150 514 -0.999254
0.907150 513 -0.998903
0.907150 512 -0.997255
0.907150 511 -0.996996
0.907150 510 -0.996259
0.907150 509 -0.995961
0.907150 508 -0.995816
0.907150 507 -0.993382
0.907150 506 -0.993242
0.907150 505 -0.992712
0.907150 504 -0.992687
0.907150 503 -0.992237
0.907150 502 -0.991839
0.907150 501 -0.991755
0.907150 500 -0.990986
0.907150 499 -0.990684
0.907150 498 -0.990398
0.907150 497 -0.990014
0.907150 496 -0.989524
0.907150 495 -0.988959
0.907150 494 -0.988817
0.907150 493 -0.985640
0.907150 492 -0.985520
0.907150 491 -0.985359
0.907150 490 -0.985275
0.907150 489 -0.984204
0.907150 488 -0.982221
0.907150 487 -0.981741
0.907150 486 -0.981616
0.907150 485 -0.980034
0.906957 484 -0.979895
0.906957 483 -0.979530
0.906957 482 -0.978453
0.906957 481 -0.978096
0.906957 480 -0.977728
0.906957 479 -0.977504
0.906957 478 -0.976977
0.906763 477 -0.976157
0.906571 476 -0.976032
0.906571 475 -0.975935
0.906571 474 -0.974582
0.906571 473 -0.974499
0.906571 472 -0.974437
0.906571 471 -0.974332
0.906377 470 -0.974028
0.906377 469 -0.973526
0.906183 468 -0.973352
0.906183 467 -0.973052
0.906183 466 -0.972853
0.906183 465 -0.972166
0.906183 464 -0.972124
0.906183 463 -0.970951
0.906183 462 -0.969668
0.906183 461 -0.968951
0.906183 460 -0.968721
0.906183 459 -0.968397
0.905990 458 -0.968180
0.905990 457 -0.967893
0.905990 456 -0.967087
0.905990 455 -0.966774
0.905797 454 -0.966714
0.905797 453 -0.966711
0.905797 452 -0.965534
0.905797 451 -0.964760
0.905797 450 -0.964455
0.905797 449 -0.963795
0.905797 448 -0.963183
0.905797 447 -0.962395
0.905797 446 -0.962256
0.905797 445 -0.962093
0.905797 444 -0.962078
0.905603 443 -0.961878
0.905603 442 -0.961703
0.905603 441 -0.960725
0.905603 440 -0.960457
0.905603 439 -0.960317
0.905603 438 -0.959963
0.905603 437 -0.958975
0.905603 436 -0.958541
0.905603 435 -0.957954
0.905603 434 -0.957531
0.905603 433 -0.956301
0.905603 432 -0.954382
0.905603 431 -0.954282
0.905603 430 -0.954028
0.905603 429 -0.953761
0.905603 428 -0.952205
0.905603 427 -0.952001
0.905603 426 -0.949609
0.905603 425 -0.949214
0.905603 424 -0.947014
0.905603 423 -0.946036
0.905603 422 -0.945096
0.905603 421 -0.944737
0.905603 420 -0.944179
0.905796 419 -0.943440
0.905796 418 -0.943325
0.905796 417 -0.942747
0.905796 416 -0.941387
0.905796 415 -0.940768
0.905604 414 -0.940249
0.905604 413 -0.938991
0.905604 412 -0.938823
0.905604 411 -0.938393
0.905411 410 -0.938190
0.905411 409 -0.938006
0.905411 408 -0.937114
0.905411 407 -0.935091
0.905411 406 -0.934626
0.905411 405 -0.933396
0.905411 404 -0.933173
0.905411 403 -0.932836
0.905411 402 -0.932713
0.905218 401 -0.929968
0.905218 400 -0.929029
0.905218 399 -0.927395
0.905025 398 -0.926014
0.905025 397 -0.925000
0.905025 396 -0.924825
0.904832 395 -0.924785
0.904832 394 -0.924205
0.904832 393 -0.924183
0.904832 392 -0.924159
0.904832 391 -0.923928
0.904832 390 -0.921339
0.904832 389 -0.921274
0.904832 388 -0.920420
0.904444 387 -0.918010
0.904444 386 -0.914926
0.904444 385 -0.913266
0.904444 384 -0.912869
0.904444 383 -0.912584
0.904444 382 -0.912524
0.904444 381 -0.911673
0.904444 380 -0.911361
0.904444 379 -0.910406
0.904251 378 -0.909657
0.904251 377 -0.909453
0.904251 376 -0.908379
0.904251 375 -0.907032
0.904058 374 -0.904808
0.904058 373 -0.904754
0.904058 372 -0.904356
0.904252 371 -0.903862
0.904252 370 -0.902907
0.904252 369 -0.901960
0.904252 368 -0.901700
0.904252 367 -0.901376
0.904252 366 -0.901229
0.904252 365 -0.900090
0.904059 364 -0.899143
0.904059 363 -0.897253
0.903866 362 -0.897111
0.903866 361 -0.896989
0.903866 360 -0.896985
0.903866 359 -0.896559
0.903866 358 -0.896458
0.903866 357 -0.895613
0.903673 356 -0.892535
0.903673 355 -0.890890
0.903673 354 -0.890416
0.903673 353 -0.889593
0.903673 352 -0.889580
0.903673 351 -0.889513
0.903673 350 -0.889198
0.903673 349 -0.889147
0.903673 348 -0.888189
0.903673 347 -0.887526
0.903673 346 -0.887489
0.903673 345 -0.887406
0.903479 344 -0.886310
0.903479 343 -0.885970
0.903479 342 -0.884431
0.903479 341 -0.884108
0.903479 340 -0.883983
0.903285 339 -0.883576
0.903285 338 -0.883438
0.903285 337 -0.882184
0.903285 336 -0.882022
0.903285 335 -0.880906
0.903285 334 -0.880497
0.903285 333 -0.880250
0.903285 332 -0.878434
0.903285 331 -0.877783
0.902899 330 -0.874337
0.902899 329 -0.872076
0.902705 328 -0.871604
0.902705 327 -0.870839
0.902705 326 -0.870393
0.902510 325 -0.870037
0.902510 324 -0.868404
0.902510 323 -0.865939
0.902510 322 -0.865523
0.902510 321 -0.863393
0.902510 320 -0.862878
0.902317 319 -0.862662
0.902317 318 -0.861881
0.902317 317 -0.861715
0.902317 316 -0.860387
0.902123 315 -0.859568
0.902123 314 -0.858706
0.901737 313 -0.857556
0.901737 312 -0.856187
0.901737 311 -0.855131
0.901543 310 -0.854913
0.901543 309 -0.854645
0.901543 308 -0.853116
0.901350 307 -0.852911
0.901350 306 -0.852768
0.901350 305 -0.852459
0.901157 304 -0.852398
0.901157 303 -0.851785
0.901157 302 -0.849552
0.901157 301 -0.848129
0.901157 300 -0.847918
0.901157 299 -0.847843
0.901157 298 -0.847788
0.901157 297 -0.846667
0.900964 296 -0.846153
0.900964 295 -0.845567
0.900964 294 -0.845515
0.900964 293 -0.844732
0.900771 292 -0.844646
0.900771 291 -0.844535
0.900771 290 -0.843947
0.900771 289 -0.841529
0.900771 288 -0.839373
0.900771 287 -0.838705
0.900771 286 -0.836712
0.900771 285 -0.834641
0.900771 284 -0.834057
0.900579 283 -0.830132
0.900579 282 -0.829090
0.900579 281 -0.828958
0.900579 280 -0.828285
0.900579 279 -0.828031
0.900579 278 -0.826333
0.900579 277 -0.825162
0.900579 276 -0.823538
0.900385 275 -0.823509
0.900385 274 -0.822682
0.900385 273 -0.822175
0.900385 272 -0.822098
0.900385 271 -0.821634
0.899998 270 -0.821584
0.899998 269 -0.820887
0.899805 268 -0.819564
0.899805 267 -0.819122
0.899805 266 -0.818527
0.899612 265 -0.817372
0.899417 264 -0.816719
0.899417 263 -0.813551
0.899417 262 -0.813281
0.899417 261 -0.812595
0.899417 260 -0.808166
0.899417 259 -0.807666
0.899417 258 -0.806524
0.899417 257 -0.806329
0.899417 256 -0.803540
0.899226 255 -0.801985
0.899034 254 -0.801053
0.898841 253 -0.799830
0.898841 252 -0.798421
0.898841 251 -0.798375
0.898841 250 -0.798326
0.898841 249 -0.797387
0.898841 248 -0.796670
0.898841 247 -0.796373
0.898841 246 -0.795317
0.898841 245 -0.793996
0.898841 244 -0.792977
0.898841 243 -0.792660
0.898646 242 -0.791429
0.898646 241 -0.790486
0.898646 240 -0.790049
0.898646 239 -0.788717
0.898453 238 -0.786139
0.898453 237 -0.785801
0.898453 236 -0.783067
0.898453 235 -0.782394
0.898453 234 -0.780402
0.898453 233 -0.777235
0.898453 232 -0.777205
0.898260 231 -0.776592
0.898260 230 -0.774477
0.898067 229 -0.774093
0.897872 228 -0.773668
0.897486 227 -0.771672
0.897486 226 -0.771227
0.897486 225 -0.771041
0.897292 224 -0.770720
0.896906 223 -0.770152
0.896906 222 -0.769735
0.896906 221 -0.768418
0.896906 220 -0.763451
0.896906 219 -0.761169
0.896906 218 -0.759315
0.896713 217 -0.757386
0.896713 216 -0.756462
0.896520 215 -0.756063
0.896520 214 -0.755276
0.896520 213 -0.754226
0.896520 212 -0.752188
0.896327 211 -0.749784
0.896327 210 -0.749261
0.896327 209 -0.748495
0.896133 208 -0.748491
0.896133 207 -0.748422
0.896133 206 -0.746749
0.896133 205 -0.746269
0.896133 204 -0.746202
0.895940 203 -0.745004
0.895940 202 -0.743284
0.895940 201 -0.742367
0.895940 200 -0.741432
0.895940 199 -0.738679
0.895748 198 -0.736328
0.895748 197 -0.735004
0.895553 196 -0.734567
0.895553 195 -0.734050
0.895553 194 -0.733126
0.895553 193 -0.731922
0.895361 192 -0.731581
0.894778 191 -0.730171
0.894778 190 -0.725185
0.894584 189 -0.722692
0.894584 188 -0.719647
0.894584 187 -0.717855
0.894584 186 -0.716532
0.894584 185 -0.714013
0.894584 184 -0.712273
0.894584 183 -0.711594
0.894584 182 -0.710337
0.894584 181 -0.709499
0.894392 180 -0.706619
0.894199 179 -0.704682
0.894199 178 -0.703933
0.893813 177 -0.701871
0.893620 176 -0.701800
0.893620 175 -0.698859
0.893425 174 -0.697412
0.893425 173 -0.694282
0.893425 172 -0.693855
0.893232 171 -0.693349
0.893232 170 -0.691695
0.893232 169 -0.691203
0.893232 168 -0.690985
0.893232 167 -0.689793
0.893038 166 -0.688719
0.893038 165 -0.687122
0.893038 164 -0.686773
0.892653 163 -0.685727
0.892268 162 -0.685342
0.892268 161 -0.684961
0.892268 160 -0.684921
0.892268 159 -0.683720
0.892268 158 -0.682559
0.892268 157 -0.678739
0.892268 156 -0.678633
0.892268 155 -0.676893
0.892268 154 -0.676217
0.892268 153 -0.671990
0.891881 152 -0.668478
0.891881 151 -0.665468
0.891881 150 -0.664910
0.891881 149 -0.664356
0.891881 148 -0.658033
0.891494 147 -0.656155
0.891494 146 -0.655133
0.891494 145 -0.654326
0.891301 144 -0.653072
0.891301 143 -0.650717
0.891301 142 -0.650059
0.891107 141 -0.647475
0.890914 140 -0.647088
0.890914 139 -0.646783
0.890722 138 -0.642381
0.890722 137 -0.640309
0.890144 136 -0.638586
0.889949 135 -0.637156
0.889949 134 -0.636641
0.889949 133 -0.635899
0.889756 132 -0.633733
0.889563 131 -0.626908
0.888985 130 -0.622625
0.888792 129 -0.622069
0.888599 128 -0.621962
0.888599 127 -0.620756
0.888405 126 -0.620426
0.888213 125 -0.620084
0.888213 124 -0.619853
0.888213 123 -0.619146
0.888018 122 -0.618556
0.888018 121 -0.618348
0.887632 120 -0.615783
0.887632 119 -0.615298
0.887439 118 -0.613314
0.887439 117 -0.611249
0.887439 116 -0.609705
0.887439 115 -0.608470
0.887439 114 -0.602765
0.887053 113 -0.598918
0.887053 112 -0.590858
0.886859 111 -0.589353
0.886665 110 -0.587852
0.886665 109 -0.587244
0.886472 108 -0.586420
0.886472 107 -0.585002
0.886279 106 -0.584636
0.886279 105 -0.579761
0.886279 104 -0.567518
0.885893 103 -0.566760
0.885698 102 -0.565993
0.885698 101 -0.564912
0.885312 100 -0.564682
0.884926 99 -0.563441
0.884538 98 -0.558112
0.884733 97 -0.557531
0.884733 96 -0.554291
0.884347 95 -0.548924
0.884154 94 -0.545533
0.884154 93 -0.537966
0.883574 92 -0.536327
0.883188 91 -0.533742
0.883188 90 -0.530992
0.882996 89 -0.523315
0.882996 88 -0.523033
0.882802 87 -0.522738
0.882802 86 -0.519287
0.882802 85 -0.517264
0.882417 84 -0.514838
0.882224 83 -0.512612
0.881836 82 -0.510907
0.881642 81 -0.509375
0.881060 80 -0.507736
0.880868 79 -0.507632
0.879902 78 -0.507532
0.879902 77 -0.503532
0.879708 76 -0.497121
0.879515 75 -0.495859
0.879322 74 -0.494785
0.878936 73 -0.494330
0.878354 72 -0.489233
0.877967 71 -0.488792
0.877581 70 -0.481267
0.877387 69 -0.477760
0.877194 68 -0.472990
0.876999 67 -0.470849
0.876806 66 -0.463171
0.875837 65 -0.460842
0.875644 64 -0.456316
0.875644 63 -0.451305
0.875644 62 -0.446159
0.875644 61 -0.443017
0.875449 60 -0.422734
0.874871 59 -0.422611
0.874871 58 -0.421734
0.874291 57 -0.416196
0.874291 56 -0.415319
0.873513 55 -0.408383
0.873128 54 -0.398985
0.872740 53 -0.393692
0.872161 52 -0.384570
0.871580 51 -0.381749
0.870610 50 -0.378264
0.870031 49 -0.359694
0.869838 48 -0.359599
0.868095 47 -0.355332
0.867519 46 -0.353520
0.866940 45 -0.351411
0.866745 44 -0.343945
0.865974 43 -0.336688
0.865585 42 -0.332528
0.865004 41 -0.331154
0.864617 40 -0.327550
0.863845 39 -0.321059
0.862108 38 -0.318104
0.861724 37 -0.312678
0.861336 36 -0.298113
0.859596 35 -0.297430
0.858629 34 -0.282561
0.858243 33 -0.278710
0.857469 32 -0.271381
0.857085 31 -0.259848
0.856701 30 -0.249640
0.856313 29 -0.231828
0.855733 28 -0.223756
0.854768 27 -0.205400
0.853798 26 -0.202978
0.853217 25 -0.199691
0.852054 24 -0.192765
0.851280 23 -0.184062
0.850699 22 -0.171346
0.849733 21 -0.154461
0.848765 20 -0.154304
0.846639 19 -0.152827
0.845284 18 -0.141425
0.843540 17 -0.139014
0.841994 16 -0.106800
0.840640 15 -0.092998
0.839092 14 -0.082593
0.837162 13 -0.079011
0.835615 12 -0.063467
0.831350 11 -0.059828
0.828064 10 -0.025614
0.823415 9 0.022020
0.820319 8 0.064524
0.817034 7 0.072737
0.807934 6 0.177429
0.800597 5 0.270800
0.785085 4 0.341050
0.767266 3 0.344389
0.729629 2 0.473294
0.712008 1 0.923664
0.636720 0 4.407690
