0.740741 2668
0.740741 2667
0.740734 2666
0.740734 2665
0.740734 2664
0.740734 2663
0.740734 2662
0.740734 2661
0.740734 2660
0.740734 2659
0.740734 2658
0.740734 2657
0.740734 2656
0.740734 2655
0.740734 2654
0.740734 2653
0.740734 2652
0.740734 2651
0.740734 2650
0.740734 2649
0.740734 2648
0.740734 2647
0.740734 2646
0.740734 2645
0.740734 2644
0.740734 2643
0.740734 2642
0.740734 2641
0.740734 2640
0.740734 2639
0.740734 2638
0.740734 2637
0.740734 2636
0.740734 2635
0.740734 2634
0.740734 2633
0.740734 2632
0.740734 2631
0.740734 2630
0.740734 2629
0.740734 2628
0.740734 2627
0.740734 2626
0.740734 2625
0.740734 2624
0.740734 2623
0.740734 2622
0.740734 2621
0.740734 2620
0.740734 2619
0.740734 2618
0.740734 2617
0.740734 2616
0.740734 2615
0.740734 2614
0.740734 2613
0.740734 2612
0.740734 2611
0.740734 2610
0.740734 2609
0.740734 2608
0.740734 2607
0.740734 2606
0.740734 2605
0.740734 2604
0.740734 2603
0.740734 2602
0.740734 2601
0.740734 2600
0.740734 2599
0.740734 2598
0.740734 2597
0.740734 2596
0.740734 2595
0.740734 2594
0.740734 2593
0.740734 2592
0.740734 2591
0.740734 2590
0.740734 2589
0.740734 2588
0.740734 2587
0.740734 2586
0.740734 2585
0.740734 2584
0.740734 2583
0.740734 2582
0.740734 2581
0.740734 2580
0.740734 2579
0.740734 2578
0.740734 2577
0.740734 2576
0.740734 2575
0.740734 2574
0.740734 2573
0.740734 2572
0.740734 2571
0.740734 2570
0.740734 2569
0.740734 2568
0.740734 2567
0.740734 2566
0.740734 2565
0.740734 2564
0.740734 2563
0.740734 2562
0.740734 2561
0.740734 2560
0.740734 2559
0.740734 2558
0.740734 2557
0.740734 2556
0.740734 2555
0.740734 2554
0.740734 2553
0.740734 2552
0.740734 2551
0.740734 2550
0.740734 2549
0.740734 2548
0.740734 2547
0.740734 2546
0.740734 2545
0.740734 2544
0.740734 2543
0.740734 2542
0.740734 2541
0.740734 2540
0.740734 2539
0.740734 2538
0.740734 2537
0.740633 2537
0.740633 2536
0.740633 2535
0.740633 2534
0.740633 2533
0.740633 2532
0.740633 2531
0.740633 2530
0.740633 2529
0.740633 2528
0.740633 2527
0.740633 2526
0.740633 2525
0.740633 2524
0.740633 2523
0.740633 2522
0.740633 2521
0.740633 2520
0.740633 2519
0.740633 2518
0.740633 2517
0.740633 2516
0.740633 2515
0.740633 2514
0.740633 2513
0.740633 2512
0.740633 2511
0.740633 2510
0.740633 2509
0.740633 2508
0.740633 2507
0.740633 2506
0.740633 2505
0.740633 2504
0.740633 2503
0.740633 2502
0.740633 2501
0.740633 2500
0.740633 2499
0.740515 2499
0.740515 2498
0.740515 2497
0.740515 2496
0.740515 2495
0.740515 2494
0.740515 2493
0.740515 2492
0.740515 2491
0.740515 2490
0.740515 2489
0.740515 2488
0.740515 2487
0.740515 2486
0.740515 2485
0.740515 2484
0.740515 2483
0.740515 2482
0.740515 2481
0.740515 2480
0.740515 2479
0.740515 2478
0.740515 2477
0.740515 2476
0.740515 2475
0.740515 2474
0.740515 2473
0.740515 2472
0.740515 2471
0.740515 2470
0.740515 2469
0.740515 2468
0.740515 2467
0.740515 2466
0.740515 2465
0.740515 2464
0.740515 2463
0.740515 2462
0.740515 2461
0.740515 2460
0.740515 2459
0.740515 2458
0.740515 2457
0.740515 2456
0.74051 2455
0.74051 2454
0.74051 2453
0.74051 2452
0.74051 2451
0.74051 2450
0.74051 2449
0.74051 2448
0.74051 2447
0.74051 2446
0.74051 2445
0.74051 2444
0.74051 2443
0.74051 2442
0.74051 2441
0.74051 2440
0.74051 2439
0.74051 2438
0.74051 2437
0.74051 2436
0.74051 2435
0.74051 2434
0.74051 2433
0.74051 2432
0.74051 2431
0.74051 2430
0.74051 2429
0.74051 2428
0.74051 2427
0.74051 2426
0.74051 2425
0.74051 2424
0.74051 2423
0.74051 2422
0.74051 2421
0.74051 2420
0.74051 2419
0.74051 2418
0.74051 2417
0.74051 2416
0.74051 2415
0.74051 2414
0.74051 2413
0.74051 2412
0.7404 2412
0.740308 2411
0.740308 2410
0.740308 2409
0.740308 2408
0.740308 2407
0.740308 2406
0.740308 2405
0.740308 2404
0.740308 2403
0.740308 2402
0.740308 2401
0.740308 2400
0.740308 2399
0.740308 2398
0.740308 2397
0.740308 2396
0.740308 2395
0.740308 2394
0.740308 2393
0.740308 2392
0.740308 2391
0.740308 2390
0.740308 2389
0.740308 2388
0.740308 2387
0.740308 2386
0.740308 2385
0.740308 2384
0.740308 2383
0.740308 2382
0.740308 2381
0.740308 2380
0.740308 2379
0.740308 2378
0.740308 2377
0.740308 2376
0.740308 2375
0.740308 2374
0.740308 2373
0.740308 2372
0.740308 2371
0.740308 2370
0.740308 2369
0.740308 2368
0.740308 2367
0.740308 2366
0.740308 2365
0.740308 2364
0.740308 2363
0.740308 2362
0.740308 2361
0.740308 2360
0.740308 2359
0.740308 2358
0.740308 2357
0.740308 2356
0.740308 2355
0.740308 2354
0.740308 2353
0.740308 2352
0.740308 2351
0.740308 2350
0.740255 2349
0.740255 2348
0.740255 2347
0.740255 2346
0.740149 2346
0.740149 2345
0.740149 2344
0.740149 2343
0.740149 2342
0.740149 2341
0.740149 2340
0.740149 2339
0.740149 2338
0.740149 2337
0.740149 2336
0.740149 2335
0.740149 2334
0.740149 2333
0.740149 2332
0.740149 2331
0.740149 2330
0.740149 2329
0.740149 2328
0.740149 2327
0.740149 2326
0.740149 2325
0.740149 2324
0.740149 2323
0.740149 2322
0.740149 2321
0.740149 2320
0.740149 2319
0.740149 2318
0.740149 2317
0.740149 2316
0.740149 2315
0.740149 2314
0.740149 2313
0.740149 2312
0.740073 2311
0.740073 2310
0.740073 2309
0.740073 2308
0.740073 2307
0.740073 2306
0.740073 2305
0.740073 2304
0.740073 2303
0.740073 2302
0.740073 2301
0.740073 2300
0.740001 2299
0.740001 2298
0.740001 2297
0.740001 2296
0.740001 2295
0.740001 2294
0.740001 2293
0.740001 2292
0.740001 2291
0.740001 2290
0.740001 2289
0.740001 2288
0.740001 2287
0.740001 2286
0.739982 2286
0.739982 2285
0.739982 2284
0.739982 2283
0.739982 2282
0.739982 2281
0.739982 2280
0.739982 2279
0.739982 2278
0.739982 2277
0.739982 2276
0.739982 2275
0.739982 2274
0.739982 2273
0.739982 2272
0.739982 2271
0.739982 2270
0.739982 2269
0.739982 2268
0.739982 2267
0.739982 2266
0.739982 2265
0.739982 2264
0.739982 2263
0.739982 2262
0.739982 2261
0.739982 2260
0.739982 2259
0.739982 2258
0.739982 2257
0.739982 2256
0.739982 2255
0.739982 2254
0.739982 2253
0.739982 2252
0.739982 2251
0.739982 2250
0.739982 2249
0.739982 2248
0.739982 2247
0.739982 2246
0.739982 2245
0.739982 2244
0.739982 2243
0.739982 2242
0.739982 2241
0.739982 2240
0.739982 2239
0.739982 2238
0.739982 2237
0.739982 2236
0.739982 2235
0.739982 2234
0.739982 2233
0.739982 2232
0.739982 2231
0.739982 2230
0.739982 2229
0.739982 2228
0.739982 2227
0.739982 2226
0.739982 2225
0.739982 2224
0.739982 2223
0.739982 2222
0.739982 2221
0.739982 2220
0.739982 2219
0.739982 2218
0.739982 2217
0.739982 2216
0.739982 2215
0.739982 2214
0.739982 2213
0.739982 2212
0.739982 2211
0.739982 2210
0.739982 2209
0.739982 2208
0.739982 2207
0.739982 2206
0.739982 2205
0.739982 2204
0.739982 2203
0.739982 2202
0.739982 2201
0.739982 2200
0.739982 2199
0.739982 2198
0.739982 2197
0.739982 2196
0.739982 2195
0.739973 2194
0.739973 2193
0.739973 2192
0.739973 2191
0.739973 2190
0.739973 2189
0.739973 2188
0.739973 2187
0.739973 2186
0.739973 2185
0.739973 2184
0.739973 2183
0.739973 2182
0.739973 2181
0.739973 2180
0.739973 2179
0.739973 2178
0.739973 2177
0.739973 2176
0.739973 2175
0.739973 2174
0.739973 2173
0.739973 2172
0.739973 2171
0.739973 2170
0.739973 2169
0.739973 2168
0.739973 2167
0.739973 2166
0.739973 2165
0.739973 2164
0.739973 2163
0.739973 2162
0.739973 2161
0.739973 2160
0.739973 2159
0.739973 2158
0.739973 2157
0.739973 2156
0.739973 2155
0.739973 2154
0.739973 2153
0.739973 2152
0.739973 2151
0.739973 2150
0.739973 2149
0.739973 2148
0.739973 2147
0.739973 2146
0.739973 2145
0.739973 2144
0.739973 2143
0.739973 2142
0.739973 2141
0.739973 2140
0.739973 2139
0.739973 2138
0.739973 2137
0.739973 2136
0.739973 2135
0.739973 2134
0.739973 2133
0.739973 2132
0.739973 2131
0.739973 2130
0.739973 2129
0.739973 2128
0.739973 2127
0.739973 2126
0.739973 2125
0.739973 2124
0.739973 2123
0.739973 2122
0.739973 2121
0.739973 2120
0.739973 2119
0.739973 2118
0.739973 2117
0.739973 2116
0.739973 2115
0.739973 2114
0.739973 2113
0.739973 2112
0.739973 2111
0.739973 2110
0.739973 2109
0.739973 2108
0.739973 2107
0.739973 2106
0.739973 2105
0.739973 2104
0.739973 2103
0.739973 2102
0.739973 2101
0.739973 2100
0.739973 2099
0.739973 2098
0.739973 2097
0.739973 2096
0.739973 2095
0.739973 2094
0.739973 2093
0.739973 2092
0.739973 2091
0.739973 2090
0.739973 2089
0.739973 2088
0.739845 2088
0.739845 2087
0.739845 2086
0.739845 2085
0.739845 2084
0.739845 2083
0.739845 2082
0.739845 2081
0.739845 2080
0.739845 2079
0.739845 2078
0.739845 2077
0.739845 2076
0.739845 2075
0.739845 2074
0.739845 2073
0.739845 2072
0.739845 2071
0.739845 2070
0.739845 2069
0.739845 2068
0.739845 2067
0.739845 2066
0.739845 2065
0.739845 2064
0.739845 2063
0.739845 2062
0.739845 2061
0.739845 2060
0.739845 2059
0.739845 2058
0.739845 2057
0.739845 2056
0.739845 2055
0.739845 2054
0.739789 2053
0.739789 2052
0.739789 2051
0.739789 2050
0.739789 2049
0.739787 2049
0.739787 2048
0.739787 2047
0.739787 2046
0.739787 2045
0.739787 2044
0.739787 2043
0.739787 2042
0.739787 2041
0.739787 2040
0.739787 2039
0.739787 2038
0.739787 2037
0.739787 2036
0.739787 2035
0.739787 2034
0.739787 2033
0.739787 2032
0.739787 2031
0.739787 2030
0.739787 2029
0.739787 2028
0.739787 2027
0.739787 2026
0.739787 2025
0.739787 2024
0.739787 2023
0.739787 2022
0.739787 2021
0.739787 2020
0.739787 2019
0.739787 2018
0.739787 2017
0.739787 2016
0.739775 2016
0.739775 2015
0.739775 2014
0.739775 2013
0.739775 2012
0.739775 2011
0.739775 2010
0.739775 2009
0.739775 2008
0.739775 2007
0.739775 2006
0.739775 2005
0.739775 2004
0.739775 2003
0.739775 2002
0.739775 2001
0.739775 2000
0.739775 1999
0.739775 1998
0.739775 1997
0.739775 1996
0.739775 1995
0.739775 1994
0.739775 1993
0.739775 1992
0.739775 1991
0.739775 1990
0.739775 1989
0.739775 1988
0.739775 1987
0.739775 1986
0.739775 1985
0.739775 1984
0.739775 1983
0.739775 1982
0.739775 1981
0.739775 1980
0.739775 1979
0.739775 1978
0.739775 1977
0.739775 1976
0.739775 1975
0.739775 1974
0.739775 1973
0.739775 1972
0.739775 1971
0.739775 1970
0.739775 1969
0.739775 1968
0.739775 1967
0.739775 1966
0.739775 1965
0.739775 1964
0.739775 1963
0.739775 1962
0.739775 1961
0.739775 1960
0.739775 1959
0.739775 1958
0.739775 1957
0.739775 1956
0.739775 1955
0.739775 1954
0.739775 1953
0.739775 1952
0.739775 1951
0.739775 1950
0.739775 1949
0.739775 1948
0.739775 1947
0.739775 1946
0.739775 1945
0.739775 1944
0.739775 1943
0.739775 1942
0.739775 1941
0.739775 1940
0.739775 1939
0.739775 1938
0.739775 1937
0.739775 1936
0.739775 1935
0.739775 1934
0.739775 1933
0.739775 1932
0.739775 1931
0.739775 1930
0.739775 1929
0.739775 1928
0.739775 1927
0.739775 1926
0.739775 1925
0.739775 1924
0.739775 1923
0.739775 1922
0.739775 1921
0.739775 1920
0.739775 1919
0.739775 1918
0.739775 1917
0.739775 1916
0.739775 1915
0.739775 1914
0.739775 1913
0.739775 1912
0.739719 1911
0.739719 1910
0.739719 1909
0.739719 1908
0.739719 1907
0.739719 1906
0.739719 1905
0.739719 1904
0.739719 1903
0.739719 1902
0.739719 1901
0.739719 1900
0.739719 1899
0.739719 1898
0.739719 1897
0.739719 1896
0.739719 1895
0.739719 1894
0.739719 1893
0.739719 1892
0.739719 1891
0.739719 1890
0.739719 1889
0.739719 1888
0.739719 1887
0.739719 1886
0.739719 1885
0.739719 1884
0.739719 1883
0.739719 1882
0.739719 1881
0.739719 1880
0.739719 1879
0.739719 1878
0.739719 1877
0.739719 1876
0.739719 1875
0.739719 1874
0.739719 1873
0.739719 1872
0.739719 1871
0.739719 1870
0.739719 1869
0.739719 1868
0.739719 1867
0.739719 1866
0.739719 1865
0.739719 1864
0.739719 1863
0.739719 1862
0.739719 1861
0.739719 1860
0.739719 1859
0.739719 1858
0.739719 1857
0.739719 1856
0.739719 1855
0.739719 1854
0.739719 1853
0.739719 1852
0.73971 1851
0.73971 1850
0.73971 1849
0.73971 1848
0.73971 1847
0.73971 1846
0.73971 1845
0.73971 1844
0.73971 1843
0.73971 1842
0.73971 1841
0.73971 1840
0.73971 1839
0.73971 1838
0.73971 1837
0.73971 1836
0.73971 1835
0.73971 1834
0.73971 1833
0.73971 1832
0.73971 1831
0.73971 1830
0.73971 1829
0.73971 1828
0.73971 1827
0.73971 1826
0.73971 1825
0.73971 1824
0.73971 1823
0.739709 1822
0.739709 1821
0.739709 1820
0.739709 1819
0.739709 1818
0.739709 1817
0.739709 1816
0.739709 1815
0.739709 1814
0.739709 1813
0.739709 1812
0.739709 1811
0.739709 1810
0.739709 1809
0.739709 1808
0.739709 1807
0.739709 1806
0.739709 1805
0.739709 1804
0.739709 1803
0.739709 1802
0.739709 1801
0.739709 1800
0.739709 1799
0.73966 1798
0.73966 1797
0.73966 1796
0.73966 1795
0.73966 1794
0.73966 1793
0.73966 1792
0.73966 1791
0.73966 1790
0.73966 1789
0.73966 1788
0.73966 1787
0.739632 1786
0.739632 1785
0.739632 1784
0.739632 1783
0.739632 1782
0.739632 1781
0.739632 1780
0.739632 1779
0.739632 1778
0.739525 1778
0.739525 1777
0.739525 1776
0.739525 1775
0.739525 1774
0.739525 1773
0.739525 1772
0.739525 1771
0.739525 1770
0.739525 1769
0.739525 1768
0.739525 1767
0.739525 1766
0.739525 1765
0.739525 1764
0.739525 1763
0.739525 1762
0.739525 1761
0.739525 1760
0.739525 1759
0.739525 1758
0.739525 1757
0.739525 1756
0.739525 1755
0.739525 1754
0.739525 1753
0.739525 1752
0.739525 1751
0.739525 1750
0.739525 1749
0.739525 1748
0.739525 1747
0.739525 1746
0.739525 1745
0.739525 1744
0.739525 1743
0.739416 1743
0.739416 1742
0.739416 1741
0.739416 1740
0.739416 1739
0.739416 1738
0.739416 1737
0.739416 1736
0.739416 1735
0.739416 1734
0.739416 1733
0.739416 1732
0.739416 1731
0.739416 1730
0.739416 1729
0.739416 1728
0.739416 1727
0.739416 1726
0.739416 1725
0.739416 1724
0.739416 1723
0.739416 1722
0.739416 1721
0.739416 1720
0.739416 1719
0.739416 1718
0.739416 1717
0.739416 1716
0.739416 1715
0.739416 1714
0.739416 1713
0.739416 1712
0.739416 1711
0.739416 1710
0.739416 1709
0.739416 1708
0.739416 1707
0.739416 1706
0.739416 1705
0.739416 1704
0.739416 1703
0.739416 1702
0.739416 1701
0.739416 1700
0.739416 1699
0.739416 1698
0.739416 1697
0.739416 1696
0.739416 1695
0.739416 1694
0.739384 1693
0.739225 1693
0.739191 1692
0.739191 1691
0.739191 1690
0.739191 1689
0.739191 1688
0.739191 1687
0.739191 1686
0.739191 1685
0.739191 1684
0.739191 1683
0.739191 1682
0.739191 1681
0.739191 1680
0.739191 1679
0.739191 1678
0.739063 1678
0.739063 1677
0.739063 1676
0.739063 1675
0.739063 1674
0.739063 1673
0.739063 1672
0.739063 1671
0.739063 1670
0.739063 1669
0.739063 1668
0.739063 1667
0.739063 1666
0.739063 1665
0.739063 1664
0.739063 1663
0.739063 1662
0.739063 1661
0.739063 1660
0.739063 1659
0.739063 1658
0.739063 1657
0.739063 1656
0.739063 1655
0.739063 1654
0.739063 1653
0.739063 1652
0.739063 1651
0.739063 1650
0.739063 1649
0.738935 1649
0.738935 1648
0.738935 1647
0.738935 1646
0.738935 1645
0.738935 1644
0.738935 1643
0.738935 1642
0.738935 1641
0.738935 1640
0.738935 1639
0.738935 1638
0.738935 1637
0.738935 1636
0.738935 1635
0.738935 1634
0.738917 1633
0.738917 1632
0.738917 1631
0.738917 1630
0.738917 1629
0.738917 1628
0.738917 1627
0.738917 1626
0.738827 1625
0.738827 1624
0.738827 1623
0.738827 1622
0.738827 1621
0.738827 1620
0.738827 1619
0.738827 1618
0.738827 1617
0.738827 1616
0.738827 1615
0.738827 1614
0.738827 1613
0.738827 1612
0.738827 1611
0.738827 1610
0.738827 1609
0.738827 1608
0.738827 1607
0.738759 1606
0.738759 1605
0.738759 1604
0.738759 1603
0.738759 1602
0.738759 1601
0.738759 1600
0.738759 1599
0.738604 1599
0.738529 1598
0.738529 1597
0.738529 1596
0.738529 1595
0.738529 1594
0.738529 1593
0.738529 1592
0.738529 1591
0.738529 1590
0.738529 1588
0.738529 1587
0.738529 1586
0.738529 1585
0.738529 1584
0.738529 1583
0.738529 1582
0.738529 1581
0.738529 1580
0.738529 1579
0.738529 1578
0.738529 1577
0.738529 1576
0.738529 1575
0.738529 1574
0.738529 1573
0.738529 1572
0.738529 1571
0.738529 1570
0.738529 1569
0.738529 1568
0.738529 1567
0.738529 1566
0.738529 1565
0.738529 1564
0.738529 1563
0.738529 1562
0.738529 1561
0.738529 1560
0.738529 1559
0.738529 1558
0.738529 1557
0.738529 1556
0.738529 1555
0.738529 1554
0.738529 1553
0.738529 1552
0.738529 1551
0.738529 1550
0.738529 1549
0.738529 1548
0.738529 1547
0.738529 1546
0.738529 1545
0.738529 1544
0.738529 1543
0.738529 1542
0.738529 1541
0.738529 1540
0.738529 1539
0.738529 1538
0.738529 1537
0.738529 1536
0.738529 1535
0.738529 1534
0.738529 1533
0.738529 1532
0.738529 1531
0.738529 1530
0.738529 1529
0.738529 1528
0.738529 1527
0.738529 1526
0.738529 1525
0.738529 1524
0.738529 1523
0.738529 1522
0.738529 1521
0.738529 1520
0.738465 1520
0.738379 1519
0.738379 1518
0.738379 1517
0.738379 1516
0.738379 1515
0.738379 1514
0.738379 1513
0.738379 1512
0.738379 1511
0.738379 1510
0.738379 1509
0.738379 1508
0.738379 1507
0.738379 1506
0.738379 1505
0.738379 1504
0.738379 1503
0.738379 1502
0.738379 1501
0.738379 1500
0.738379 1499
0.738379 1498
0.738223 1498
0.738223 1497
0.738223 1496
0.738223 1495
0.738223 1494
0.738223 1493
0.738223 1492
0.738223 1491
0.738223 1490
0.738223 1489
0.738223 1488
0.738223 1487
0.738223 1486
0.738139 1485
0.738139 1484
0.738139 1483
0.738139 1482
0.738139 1481
0.738139 1480
0.737983 1480
0.737983 1479
0.737983 1478
0.737983 1477
0.737983 1476
0.737912 1475
0.737912 1474
0.737912 1473
0.737912 1472
0.737912 1471
0.737912 1470
0.737912 1469
0.737912 1468
0.737912 1467
0.737912 1466
0.737784 1466
0.737784 1465
0.737784 1464
0.737784 1463
0.737784 1462
0.737784 1461
0.737784 1460
0.73776 1459
0.73776 1458
0.73776 1457
0.73776 1456
0.73776 1455
0.73776 1454
0.73776 1453
0.73776 1452
0.73776 1451
0.73776 1450
0.737647 1450
0.737647 1449
0.737647 1448
0.737647 1447
0.737647 1446
0.737647 1444
0.737459 1445
0.737459 1444
0.737459 1443
0.737459 1442
0.737459 1441
0.737459 1440
0.737459 1439
0.737427 1438
0.737427 1437
0.737427 1436
0.737427 1435
0.737427 1434
0.737427 1433
0.737427 1432
0.737427 1431
0.737427 1430
0.737427 1429
0.737427 1428
0.737416 1427
0.737416 1426
0.737416 1425
0.737416 1424
0.737416 1423
0.737416 1422
0.737409 1421
0.737409 1420
0.737409 1419
0.737409 1418
0.737409 1417
0.737409 1416
0.737409 1415
0.737409 1414
0.737409 1413
0.737409 1412
0.737409 1411
0.737409 1410
0.737409 1409
0.737409 1408
0.737409 1407
0.737409 1406
0.737409 1405
0.737409 1404
0.737409 1403
0.737409 1402
0.737409 1401
0.737409 1400
0.737409 1399
0.737409 1398
0.737409 1397
0.737409 1396
0.737409 1395
0.737409 1394
0.737409 1393
0.737409 1392
0.737409 1391
0.737409 1390
0.737409 1389
0.737409 1388
0.737409 1387
0.737409 1386
0.737284 1386
0.737284 1385
0.737284 1384
0.737284 1383
0.737284 1382
0.737284 1381
0.737284 1380
0.737284 1379
0.737284 1378
0.737284 1377
0.737284 1376
0.737284 1375
0.737284 1374
0.737284 1373
0.737284 1372
0.737284 1371
0.737139 1371
0.737139 1370
0.737139 1369
0.737139 1368
0.737139 1367
0.737139 1366
0.737139 1365
0.737139 1364
0.737139 1363
0.737139 1362
0.737139 1361
0.737139 1360
0.737139 1359
0.737139 1358
0.737139 1357
0.737139 1356
0.737139 1355
0.737139 1354
0.737139 1353
0.737139 1352
0.737139 1351
0.737139 1350
0.737 1350
0.737 1349
0.737 1348
0.737 1347
0.737 1346
0.737 1345
0.737 1344
0.736865 1344
0.736865 1343
0.736774 1342
0.736774 1341
0.736774 1340
0.736774 1339
0.736774 1338
0.736774 1337
0.736774 1336
0.736774 1335
0.736774 1334
0.736774 1333
0.736774 1332
0.736774 1331
0.736727 1330
0.736727 1329
0.736727 1328
0.736727 1327
0.736727 1326
0.736727 1325
0.736727 1324
0.736727 1323
0.736727 1322
0.736727 1321
0.736727 1320
0.736609 1320
0.736609 1319
0.736466 1319
0.736466 1318
0.736385 1317
0.736385 1316
0.736385 1315
0.736385 1314
0.736385 1313
0.736385 1312
0.736385 1311
0.736385 1310
0.736385 1309
0.736385 1308
0.736385 1307
0.736385 1306
0.736385 1305
0.736385 1304
0.73634 1303
0.73634 1302
0.73634 1301
0.73634 1300
0.73634 1299
0.73634 1298
0.73634 1297
0.73634 1296
0.73634 1295
0.73634 1294
0.73634 1293
0.73634 1292
0.73634 1291
0.73634 1290
0.73634 1289
0.73634 1288
0.73634 1287
0.73634 1286
0.73634 1285
0.73634 1284
0.73634 1283
0.73634 1282
0.73634 1281
0.73634 1280
0.73634 1279
0.73634 1278
0.73634 1277
0.73634 1276
0.73634 1275
0.73634 1274
0.73634 1273
0.73634 1272
0.73634 1271
0.73634 1270
0.73634 1269
0.73634 1268
0.73634 1267
0.73634 1266
0.73634 1265
0.73634 1264
0.73634 1263
0.73634 1262
0.736289 1261
0.736289 1260
0.736289 1259
0.736289 1258
0.736289 1257
0.736289 1256
0.736289 1255
0.736179 1255
0.736179 1254
0.736179 1253
0.736179 1252
0.736179 1251
0.736179 1250
0.736179 1249
0.736179 1248
0.736111 1247
0.736111 1246
0.736111 1245
0.736111 1244
0.736111 1243
0.736111 1242
0.736111 1241
0.736111 1240
0.736111 1239
0.736111 1238
0.736111 1237
0.736111 1236
0.736111 1235
0.736111 1234
0.736111 1233
0.736111 1232
0.736111 1231
0.736111 1230
0.736111 1229
0.736111 1228
0.736016 1227
0.736016 1226
0.736016 1225
0.736016 1224
0.736016 1223
0.735898 1223
0.735898 1222
0.735898 1221
0.735898 1220
0.735898 1219
0.735898 1218
0.735898 1217
0.735898 1216
0.735898 1215
0.735898 1214
0.735898 1213
0.735898 1212
0.735898 1211
0.735898 1210
0.735891 1209
0.735891 1208
0.735891 1207
0.735891 1206
0.735891 1205
0.735891 1204
0.735891 1203
0.735891 1202
0.735745 1202
0.735657 1201
0.735657 1200
0.735657 1199
0.735657 1198
0.735657 1197
0.735562 1196
0.735562 1195
0.735562 1194
0.735562 1193
0.735562 1192
0.735562 1191
0.735427 1191
0.735427 1190
0.735427 1189
0.735427 1188
0.735331 1187
0.735331 1186
0.735331 1185
0.735331 1184
0.735331 1183
0.735331 1182
0.735331 1181
0.735331 1180
0.735331 1179
0.735331 1178
0.735214 1178
0.735163 1177
0.735163 1176
0.735118 1175
0.735118 1174
0.735118 1173
0.735118 1172
0.735118 1171
0.735118 1170
0.735118 1169
0.735118 1168
0.735118 1167
0.735118 1166
0.735118 1165
0.735118 1164
0.735118 1163
0.735118 1162
0.735118 1161
0.735118 1160
0.735118 1159
0.735118 1158
0.735118 1157
0.735118 1156
0.735118 1155
0.735118 1154
0.735118 1153
0.735118 1152
0.735118 1151
0.735118 1150
0.735118 1149
0.735118 1148
0.735017 1148
0.735017 1147
0.735017 1146
0.735017 1145
0.735017 1144
0.735017 1143
0.735017 1142
0.735017 1141
0.735017 1140
0.735017 1139
0.735017 1138
0.735017 1137
0.735017 1136
0.735017 1135
0.735017 1134
0.734954 1133
0.734954 1132
0.734954 1131
0.734954 1130
0.734954 1129
0.734954 1128
0.734954 1127
0.734954 1126
0.734954 1125
0.734954 1124
0.734954 1123
0.734954 1122
0.734954 1121
0.734954 1120
0.734837 1120
0.734837 1119
0.734837 1118
0.734837 1117
0.734837 1116
0.734837 1115
0.734837 1114
0.734837 1113
0.734837 1112
0.734837 1111
0.734837 1110
0.734837 1109
0.734837 1108
0.734837 1107
0.734837 1106
0.734837 1105
0.734837 1104
0.734837 1103
0.734837 1102
0.734837 1101
0.734837 1100
0.734837 1099
0.734837 1098
0.734837 1097
0.734837 1096
0.734837 1095
0.734837 1094
0.734837 1093
0.734837 1092
0.734837 1091
0.734837 1090
0.734837 1089
0.734837 1088
0.734837 1087
0.734837 1086
0.734837 1085
0.734731 1085
0.734731 1084
0.734731 1083
0.734731 1082
0.734731 1081
0.734731 1080
0.734731 1079
0.734731 1078
0.734731 1077
0.734657 1076
0.734657 1075
0.73455 1075
0.73455 1074
0.734398 1074
0.734398 1073
0.734398 1072
0.734398 1071
0.734398 1070
0.734398 1069
0.734398 1068
0.734398 1067
0.734398 1066
0.734398 1065
0.734398 1064
0.734398 1063
0.734398 1062
0.734398 1061
0.734398 1060
0.734398 1059
0.734398 1058
0.734398 1057
0.734398 1056
0.734398 1055
0.734398 1054
0.734398 1053
0.734398 1052
0.734398 1051
0.734398 1050
0.734398 1049
0.734398 1048
0.734398 1047
0.734324 1046
0.734174 1046
0.734174 1045
0.734174 1044
0.734174 1043
0.734174 1042
0.734174 1041
0.734174 1040
0.734056 1040
0.734056 1039
0.734056 1038
0.734056 1037
0.734056 1036
0.734056 1035
0.73398 1034
0.73398 1033
0.73398 1032
0.73398 1031
0.73398 1030
0.73398 1029
0.73385 1029
0.73385 1028
0.73385 1027
0.73385 1026
0.73385 1025
0.73385 1024
0.73385 1023
0.73385 1022
0.73385 1021
0.73385 1020
0.73385 1019
0.73385 1018
0.73385 1017
0.73385 1016
0.73385 1015
0.73385 1014
0.73385 1013
0.73385 1012
0.73385 1011
0.73385 1010
0.73385 1009
0.73385 1008
0.73385 1007
0.73385 1006
0.73385 1005
0.73385 1004
0.73385 1003
0.73385 1002
0.73385 1001
0.73385 1000
0.73385 999
0.73385 998
0.73385 997
0.73385 996
0.73385 995
0.73385 994
0.73385 993
0.73385 992
0.73385 991
0.73385 990
0.73385 989
0.73385 988
0.73385 987
0.73385 986
0.73385 985
0.73385 984
0.73385 983
0.73385 982
0.73385 981
0.73385 980
0.73385 979
0.73385 978
0.73385 977
0.73385 976
0.73385 975
0.73385 974
0.73385 973
0.73385 972
0.73385 971
0.73385 970
0.73385 969
0.733731 969
0.733731 968
0.733731 967
0.733731 966
0.733731 965
0.733731 964
0.733731 963
0.733731 962
0.733731 961
0.733731 960
0.733731 959
0.733731 958
0.733731 957
0.733731 956
0.733731 955
0.733731 954
0.733731 953
0.733731 952
0.733731 951
0.733644 950
0.733644 949
0.733644 948
0.733644 947
0.733644 946
0.733644 945
0.733644 944
0.733644 943
0.733644 942
0.733644 941
0.733644 940
0.733644 939
0.733644 938
0.733644 937
0.733644 936
0.733644 935
0.733644 934
0.733644 933
0.733644 932
0.733644 931
0.733644 930
0.733644 929
0.733511 929
0.733511 928
0.733511 927
0.733511 926
0.733511 925
0.733511 924
0.733511 923
0.733511 922
0.733511 921
0.733511 920
0.733511 919
0.733511 918
0.733511 917
0.733511 916
0.733511 915
0.733511 914
0.733511 913
0.733511 912
0.733511 911
0.733511 910
0.733511 909
0.733511 908
0.733511 907
0.733511 906
0.733511 905
0.733511 904
0.733511 903
0.733511 902
0.733511 901
0.733511 900
0.733511 899
0.733511 898
0.73336 898
0.73336 897
0.73336 896
0.73336 895
0.73336 894
0.73336 893
0.73336 892
0.73336 891
0.73336 890
0.73336 889
0.73336 888
0.73336 887
0.73336 886
0.73336 885
0.73336 884
0.73336 883
0.73336 882
0.73336 881
0.73336 880
0.73336 879
0.73336 878
0.73336 877
0.73336 876
0.73336 875
0.73336 874
0.73336 873
0.73336 872
0.73336 871
0.73336 870
0.73336 869
0.73336 868
0.73336 867
0.73336 866
0.73336 865
0.73336 864
0.73336 863
0.73336 862
0.73336 861
0.73336 860
0.73336 859
0.73336 858
0.73336 857
0.73336 856
0.73336 855
0.73336 854
0.73336 853
0.73336 852
0.73336 851
0.73336 850
0.73336 849
0.73336 848
0.73336 847
0.73336 846
0.73336 845
0.73336 844
0.73336 843
0.73336 842
0.73336 841
0.73336 840
0.73336 839
0.733243 839
0.733243 838
0.733243 837
0.733243 836
0.733243 835
0.733243 834
0.733243 833
0.733243 832
0.733243 831
0.733243 830
0.733164 829
0.733164 828
0.733023 828
0.733023 827
0.733023 826
0.733023 825
0.733023 824
0.733023 823
0.732886 823
0.732886 822
0.732886 821
0.732886 820
0.732886 819
0.732886 818
0.732886 817
0.732886 816
0.732775 816
0.732775 815
0.732775 814
0.732775 813
0.732775 812
0.732775 811
0.732775 810
0.732775 809
0.732775 808
0.732775 807
0.732775 806
0.732775 805
0.732775 804
0.732775 803
0.732775 802
0.732775 801
0.732775 800
0.732775 799
0.732775 798
0.732775 797
0.732775 796
0.732775 795
0.732775 794
0.732775 793
0.732775 792
0.732775 791
0.732775 790
0.732775 789
0.732775 788
0.732775 787
0.732775 786
0.732775 785
0.732775 784
0.732775 783
0.732775 782
0.732775 781
0.732627 781
0.732627 780
0.732627 779
0.732627 778
0.732627 777
0.732627 776
0.732627 775
0.732627 774
0.732627 773
0.732627 772
0.732627 771
0.732627 770
0.732627 769
0.732627 768
0.732627 767
0.732534 766
0.732534 765
0.732534 764
0.732534 763
0.732534 762
0.732534 761
0.732534 760
0.732534 759
0.732534 758
0.732534 757
0.732534 756
0.732534 755
0.732534 754
0.732534 753
0.732534 752
0.732534 751
0.732534 750
0.732534 749
0.732534 748
0.732534 747
0.732534 746
0.732534 745
0.732534 744
0.732471 743
0.732471 742
0.732328 742
0.732328 741
0.732328 740
0.732328 739
0.732328 738
0.732328 737
0.732328 736
0.732328 735
0.732328 734
0.732328 733
0.732328 732
0.732215 732
0.732215 731
0.732215 730
0.732215 729
0.732215 728
0.732131 727
0.732131 726
0.732131 725
0.732131 724
0.732042 723
0.732042 722
0.732042 721
0.732042 720
0.732042 719
0.732042 718
0.732042 717
0.732042 716
0.732042 715
0.732042 714
0.732042 713
0.732042 712
0.732042 711
0.731935 711
0.731935 710
0.731935 709
0.731935 708
0.731935 707
0.731935 706
0.731935 705
0.731801 705
0.731801 704
0.731657 704
0.731657 703
0.731657 702
0.731657 701
0.731657 700
0.731657 699
0.731657 698
0.731657 697
0.731657 696
0.731657 695
0.731657 694
0.731489 694
0.731489 693
0.731489 692
0.731348 692
0.731348 691
0.731193 691
0.731193 690
0.731193 689
0.731193 688
0.731193 687
0.731193 686
0.731193 685
0.731193 684
0.731193 683
0.731193 682
0.731193 681
0.731193 680
0.731193 679
0.731193 678
0.731193 677
0.731102 676
0.731102 675
0.731102 674
0.731102 673
0.731102 672
0.731102 671
0.731102 670
0.731102 669
0.731102 668
0.731102 667
0.731102 666
0.731102 665
0.731102 664
0.730943 664
0.730795 664
0.730795 663
0.730795 662
0.730795 661
0.730655 661
0.730655 660
0.730655 659
0.730655 658
0.730655 657
0.730534 657
0.730534 656
0.730534 655
0.730534 654
0.730534 653
0.730534 652
0.730534 651
0.730534 649
0.730534 648
0.730534 647
0.730534 646
0.730534 645
0.730534 644
0.730534 643
0.730534 642
0.730534 641
0.730396 641
0.730396 640
0.730396 639
0.730396 638
0.730396 637
0.730396 636
0.73028 636
0.73028 635
0.73028 634
0.73028 633
0.73028 632
0.73028 631
0.73028 630
0.73028 629
0.73028 628
0.73028 627
0.730148 627
0.730148 626
0.730148 625
0.730031 625
0.730031 624
0.730031 623
0.729889 623
0.729731 623
0.729731 622
0.729731 621
0.729731 620
0.729731 619
0.729731 618
0.729731 617
0.729731 616
0.729731 615
0.729731 614
0.729731 613
0.729731 612
0.729731 611
0.729731 610
0.729731 609
0.729731 608
0.729731 607
0.729731 606
0.729731 605
0.729731 604
0.729731 603
0.729731 602
0.729731 601
0.729731 600
0.729731 599
0.729731 598
0.729731 597
0.729731 596
0.729606 596
0.729606 595
0.729606 594
0.729606 593
0.729606 592
0.729461 592
0.729461 591
0.729461 590
0.729461 589
0.729351 589
0.729351 588
0.7292 588
0.7292 587
0.729087 587
0.728957 587
0.728809 587
0.728809 586
0.728809 585
0.728809 584
0.728809 583
0.728809 582
0.728809 581
0.728667 581
0.728667 580
0.728667 579
0.728657 578
0.728657 577
0.728657 576
0.728541 576
0.728541 575
0.7284 575
0.7284 574
0.7284 573
0.728279 573
0.728279 572
0.728279 571
0.728279 570
0.728279 569
0.728279 568
0.728184 567
0.728184 566
0.728184 565
0.728184 564
0.728184 563
0.728184 562
0.728184 561
0.728184 560
0.728184 559
0.728184 558
0.728184 557
0.728184 556
0.728184 555
0.728184 554
0.728184 553
0.728047 553
0.728047 552
0.728047 551
0.728047 550
0.728047 549
0.728047 548
0.728047 547
0.728047 546
0.728047 545
0.728047 544
0.728047 543
0.728047 542
0.727959 541
0.727959 540
0.727959 539
0.727959 538
0.727807 538
0.727807 537
0.727807 536
0.727807 535
0.727807 534
0.727717 533
0.727717 532
0.727717 531
0.727717 530
0.727717 529
0.727717 528
0.727684 527
0.727572 528
0.727572 527
0.727572 526
0.727572 525
0.727572 524
0.727572 523
0.727572 522
0.727572 521
0.727572 520
0.727572 519
0.727572 518
0.727572 517
0.727572 516
0.727446 516
0.727446 515
0.727446 514
0.727446 513
0.727446 512
0.727446 511
0.727446 510
0.727315 510
0.727269 509
0.727269 508
0.727269 507
0.727269 506
0.727269 505
0.727183 504
0.727183 503
0.7271 502
0.7271 501
0.7271 500
0.7271 499
0.726999 499
0.726999 498
0.726999 497
0.726999 496
0.726999 495
0.726999 494
0.726999 493
0.726999 492
0.726999 491
0.726868 491
0.726745 491
0.726745 490
0.726745 489
0.726745 488
0.726745 487
0.726745 486
0.726745 485
0.726623 485
0.726509 485
0.726509 484
0.726509 483
0.726509 482
0.726509 481
0.726509 480
0.726509 479
0.726449 478
0.726449 477
0.726543 475
0.726543 474
0.726543 473
0.726425 473
0.726425 472
0.726293 472
0.726293 471
0.726293 470
0.726139 470
0.726139 469
0.726139 468
0.725993 468
0.725993 467
0.725993 466
0.725876 466
0.725876 465
0.725721 465
0.725647 464
0.725647 463
0.725647 462
0.725647 461
0.725647 460
0.725647 459
0.725647 458
0.725647 457
0.725647 456
0.725647 455
0.725647 454
0.725647 453
0.725647 452
0.725618 451
0.725618 450
0.725618 449
0.725618 448
0.725531 447
0.725531 446
0.725531 445
0.725531 444
0.725389 444
0.725389 443
0.725389 442
0.725389 441
0.72531 440
0.72531 439
0.72531 438
0.725191 438
0.725191 437
0.725191 436
0.725191 435
0.725191 434
0.725191 433
0.725191 432
0.725191 431
0.725191 430
0.725191 429
0.725191 428
0.725191 427
0.725191 426
0.725191 425
0.725191 424
0.725191 423
0.725036 423
0.725036 422
0.725036 421
0.725036 420
0.725036 419
0.725036 418
0.725036 417
0.7249 417
0.7249 416
0.7249 415
0.7249 414
0.7249 413
0.724795 413
0.724795 412
0.724795 411
0.724795 410
0.724795 409
0.724795 408
0.724795 407
0.724641 407
0.72454 407
0.72454 406
0.72454 405
0.72454 404
0.72454 403
0.72454 402
0.72454 401
0.72454 400
0.72454 399
0.72454 398
0.72454 397
0.724424 397
0.724424 396
0.724424 395
0.724424 394
0.724424 393
0.724424 392
0.724285 392
0.724285 391
0.724285 390
0.724285 389
0.724285 388
0.724285 387
0.724285 386
0.724285 385
0.724216 384
0.724216 383
0.724216 382
0.724216 381
0.724216 380
0.724216 379
0.724216 378
0.724216 377
0.724216 376
0.724087 376
0.723937 376
0.723804 376
0.723804 375
0.723804 374
0.723698 374
0.723698 373
0.723698 372
0.723698 371
0.723698 370
0.723698 369
0.723698 368
0.723698 367
0.723698 366
0.723698 365
0.723698 364
0.723698 363
0.723567 363
0.723567 362
0.723505 361
0.723505 360
0.723505 359
0.723505 358
0.723505 357
0.723505 356
0.723505 355
0.723505 354
0.723505 353
0.723367 353
0.723215 353
0.723157 352
0.723157 351
0.723157 350
0.723157 349
0.723157 348
0.723049 348
0.722959 347
0.722959 346
0.722852 346
0.722852 345
0.722852 344
0.722852 343
0.722852 342
0.722852 341
0.722852 340
0.722852 339
0.722852 338
0.722852 337
0.722729 337
0.722729 336
0.722622 336
0.722622 335
0.722612 335
0.722494 335
0.722494 334
0.722494 333
0.722494 332
0.722374 332
0.722374 331
0.722374 330
0.722374 329
0.722374 328
0.722273 328
0.722273 327
0.722273 326
0.722273 325
0.722273 324
0.722123 324
0.722123 323
0.722123 322
0.722123 321
0.722123 320
0.722123 319
0.722123 318
0.722123 317
0.722123 316
0.721992 316
0.721992 315
0.721992 314
0.721992 313
0.721992 312
0.721874 312
0.721762 312
0.721762 311
0.721673 310
0.721673 309
0.721673 308
0.721529 308
0.721394 308
0.721246 308
0.721246 307
0.721137 307
0.721137 306
0.721137 305
0.721003 305
0.721003 304
0.720868 304
0.720868 303
0.720868 302
0.720868 301
0.720735 301
0.720735 300
0.720735 299
0.720735 298
0.720635 298
0.720504 298
0.720346 298
0.720346 297
0.720346 296
0.720346 295
0.72021 295
0.72021 294
0.720051 294
0.720051 293
0.720051 292
0.720051 291
0.720051 290
0.720051 289
0.720051 288
0.720051 287
0.719913 287
0.719913 286
0.719913 285
0.719913 284
0.719913 283
0.719913 282
0.719766 282
0.719766 281
0.719766 280
0.719766 279
0.719766 278
0.719766 277
0.719766 276
0.719766 275
0.719766 274
0.719766 273
0.719614 273
0.719614 272
0.719477 272
0.719377 272
0.719377 271
0.719377 270
0.719225 270
0.719225 269
0.719094 269
0.719094 268
0.719094 267
0.718949 267
0.71884 267
0.71884 266
0.71884 265
0.718706 265
0.718588 265
0.718588 264
0.718457 264
0.718323 264
0.71821 264
0.718076 264
0.717975 264
0.71786 264
0.71786 263
0.71786 262
0.71786 261
0.71786 260
0.717718 260
0.717718 259
0.71769 258
0.717557 258
0.717557 257
0.717444 257
0.717302 257
0.717233 256
0.717233 255
0.717233 254
0.717077 254
0.717077 253
0.717077 252
0.717077 251
0.717193 249
0.717193 248
0.717193 247
0.717052 247
0.717052 246
0.716933 246
0.71684 245
0.716718 245
0.716642 245
0.716512 245
0.716512 244
0.716512 243
0.716512 242
0.716371 242
0.716343 241
0.716227 241
0.716227 240
0.716227 239
0.716227 238
0.71609 238
0.71609 237
0.715936 237
0.715936 236
0.715781 236
0.715781 235
0.715781 234
0.715658 234
0.715533 234
0.715533 233
0.715392 233
0.715392 232
0.715392 231
0.715266 231
0.715123 231
0.715123 230
0.715012 230
0.715012 229
0.715012 228
0.714879 228
0.714879 227
0.714879 226
0.714879 225
0.714879 224
0.714879 223
0.714879 222
0.714725 222
0.714593 222
0.714593 221
0.714488 221
0.714488 220
0.714344 220
0.714208 220
0.714057 220
0.714057 219
0.714057 218
0.714057 217
0.713931 217
0.713931 216
0.713931 215
0.713931 214
0.713795 214
0.713669 214
0.713669 213
0.713556 213
0.713394 213
0.713245 213
0.713142 213
0.713004 213
0.713004 212
0.713004 211
0.713004 210
0.713004 209
0.713004 208
0.712928 207
0.712768 207
0.712768 206
0.712617 206
0.712617 205
0.712617 204
0.712468 204
0.712376 203
0.712376 202
0.712229 202
0.712092 202
0.712092 201
0.711986 201
0.711986 200
0.71185 200
0.711727 200
0.711727 199
0.711727 198
0.711727 197
0.711616 197
0.711616 196
0.711525 195
0.711396 195
0.711264 195
0.711264 194
0.711264 193
0.71114 193
0.71114 192
0.71114 191
0.71114 190
0.71114 189
0.710988 189
0.710988 188
0.710846 188
0.710826 187
0.710826 186
0.710826 185
0.710826 184
0.710683 184
0.710527 184
0.710405 184
0.710405 183
0.710405 182
0.710278 182
0.710278 181
0.710278 180
0.710173 180
0.710072 180
0.710072 179
0.70992 179
0.70992 178
0.709763 178
0.709627 178
0.709475 178
0.709475 177
0.709359 177
0.709359 176
0.709359 175
0.709248 175
0.709142 175
0.709142 174
0.709142 173
0.70902 173
0.70902 172
0.70902 171
0.70888 171
0.708755 171
0.708635 171
0.708527 171
0.708428 171
0.708281 171
0.70815 171
0.70815 170
0.70815 169
0.707995 169
0.707888 169
0.707888 168
0.707888 167
0.707731 167
0.70758 167
0.70758 166
0.707449 166
0.707316 166
0.707205 166
0.707205 165
0.707094 165
0.707094 164
0.706944 164
0.706944 163
0.706944 162
0.706944 161
0.706944 160
0.706944 159
0.706833 159
0.706688 159
0.706547 159
0.706431 159
0.706431 158
0.70631 158
0.70631 157
0.706208 157
0.706071 157
0.706071 156
0.70591 156
0.705765 156
0.705649 156
0.705542 156
0.705407 156
0.705268 156
0.705161 156
0.70501 156
0.704856 156
0.704856 155
0.704722 155
0.704615 155
0.70451 155
0.704357 155
0.704357 154
0.704357 153
0.70422 153
0.704101 153
0.703943 153
0.703943 152
0.703812 152
0.703667 152
0.70352 152
0.703382 152
0.703347 151
0.703347 150
0.703347 149
0.703347 148
0.70322 148
0.703097 148
0.703097 147
0.703097 146
0.702955 146
0.702812 146
0.702669 146
0.702669 145
0.702509 145
0.702509 144
0.702509 143
0.702354 143
0.702228 143
0.702092 143
0.702092 142
0.702092 141
0.701958 141
0.701958 140
0.701806 140
0.701806 139
0.701697 139
0.701551 139
0.701551 138
0.701551 137
0.701551 136
0.701454 135
0.701454 134
0.701308 134
0.701185 134
0.701185 133
0.701099 132
0.700962 132
0.700821 132
0.700663 132
0.700546 132
0.700397 132
0.700263 132
0.700114 132
0.699973 132
0.699973 131
0.699853 131
0.699705 131
0.699589 131
0.699497 130
0.699358 130
0.699358 129
0.699358 128
0.69923 128
0.699128 128
0.699027 128
0.698913 128
0.698913 127
0.698913 126
0.698784 126
0.698642 126
0.698533 126
0.698437 125
0.698437 124
0.698437 123
0.698302 123
0.698302 122
0.698302 121
0.698302 120
0.698154 120
0.698057 119
0.698057 118
0.698057 117
0.697914 117
0.697767 117
0.697635 117
0.697506 117
0.697357 117
0.697357 116
0.697212 116
0.697109 116
0.697109 115
0.696977 115
0.696837 115
0.696706 115
0.696706 114
0.696548 114
0.696398 114
0.696351 113
0.69623 113
0.696088 113
0.695988 113
0.695988 112
0.695838 112
0.695752 111
0.695752 110
0.695462 110
0.695462 109
0.695332 109
0.695183 109
0.69505 109
0.694924 109
0.694811 109
0.694811 108
0.694663 108
0.694517 108
0.694517 107
0.694366 107
0.694229 107
0.694148 106
0.693991 106
0.693864 106
0.693737 106
0.693737 105
0.693597 105
0.693465 105
0.693361 105
0.693234 105
0.693105 105
0.69296 105
0.692873 104
0.692741 104
0.692619 104
0.692479 104
0.692331 104
0.692213 104
0.692213 103
0.692213 102
0.692213 101
0.692069 101
0.691927 101
0.691792 101
0.691646 101
0.691496 101
0.691371 101
0.691265 101
0.691163 101
0.691043 101
0.690913 101
0.690829 100
0.690714 100
0.690628 99
0.690628 98
0.690484 98
0.690331 98
0.690187 98
0.690051 98
0.690051 97
0.689911 97
0.689789 97
0.689653 97
0.689524 97
0.689374 97
0.689374 96
0.689374 95
0.689374 94
0.689258 94
0.689258 93
0.689098 93
0.68896 93
0.688837 93
0.688837 92
0.688741 91
0.688612 91
0.688477 91
0.688345 91
0.688198 91
0.688041 91
0.688041 90
0.687923 90
0.687791 90
0.687643 90
0.687488 90
0.687327 90
0.687196 90
0.687196 89
0.687196 88
0.687059 88
0.686907 88
0.686754 88
0.686754 87
0.686754 86
0.686613 86
0.686491 86
0.686378 86
0.686238 86
0.686238 85
0.686238 84
0.686238 83
0.686095 83
0.686095 82
0.686095 81
0.68595 81
0.685798 81
0.685651 81
0.685651 80
0.685531 80
0.685531 79
0.685531 78
0.68541 78
0.685271 78
0.685127 78
0.684975 78
0.684975 77
0.684814 77
0.684814 76
0.68467 76
0.684524 76
0.684364 76
0.684214 76
0.684098 76
0.683968 76
0.68385 76
0.683758 75
0.683758 74
0.683614 74
0.683463 74
0.68332 74
0.683173 74
0.683042 74
0.682918 74
0.682774 74
0.68264 74
0.682476 74
0.682338 74
0.682201 74
0.68205 74
0.681903 74
0.681747 74
0.681613 74
0.681613 73
0.681492 73
0.681385 73
0.681385 72
0.681251 72
0.681251 71
0.681136 71
0.681136 70
0.680991 70
0.680835 70
0.680696 70
0.680542 70
0.680401 70
0.680272 70
0.680272 69
0.680114 69
0.67996 69
0.679835 69
0.679694 69
0.679694 68
0.67954 68
0.67954 67
0.679391 67
0.67924 67
0.67924 66
0.679114 66
0.678974 66
0.678826 66
0.678675 66
0.678571 66
0.678441 66
0.678441 65
0.678294 65
0.678192 65
0.678037 65
0.677924 65
0.67779 65
0.677674 65
0.677564 65
0.677564 64
0.677411 64
0.677295 64
0.677153 64
0.677025 64
0.677025 63
0.676871 63
0.676738 63
0.676642 62
0.676488 62
0.676202 62
0.676059 62
0.675922 62
0.675765 62
0.675765 61
0.67565 61
0.675533 61
0.675391 61
0.675267 61
0.675133 61
0.674981 61
0.674981 60
0.674829 60
0.674829 59
0.674682 59
0.674533 59
0.674388 59
0.674277 59
0.67417 59
0.674022 59
0.673902 59
0.673765 59
0.673612 59
0.673612 58
0.673471 58
0.673335 58
0.67319 58
0.67306 58
0.672917 58
0.672777 58
0.672777 57
0.672777 56
0.672636 56
0.672636 55
0.672506 55
0.672407 55
0.672293 55
0.67214 55
0.671988 55
0.671988 54
0.671846 54
0.671726 54
0.671576 54
0.671455 54
0.671323 54
0.671222 54
0.671075 54
0.670921 54
0.670815 54
0.670682 54
0.670537 54
0.670394 54
0.670253 54
0.670107 54
0.66998 54
0.669821 54
0.669821 53
0.669661 53
0.669516 53
0.669374 53
0.669225 53
0.669094 53
0.668946 53
0.668946 52
0.668811 52
0.66866 52
0.668561 52
0.668396 52
0.668274 52
0.668116 52
0.667992 52
0.667858 52
0.667706 52
0.667576 52
0.66743 52
0.667285 52
0.66715 52
0.667003 52
0.666855 52
0.666746 52
0.666597 52
0.666462 52
0.666327 52
0.666327 51
0.666182 51
0.666182 50
0.666058 50
0.665913 50
0.665785 50
0.665626 50
0.665473 50
0.665322 50
0.665168 50
0.665003 50
0.664875 50
0.664725 50
0.664598 50
0.664446 50
0.664296 50
0.664151 50
0.664023 50
0.664023 49
0.663887 49
0.663751 49
0.663614 49
0.663477 49
0.663477 48
0.663332 48
0.663194 48
0.663078 48
0.662931 48
0.662775 48
0.662634 48
0.662507 48
0.662375 48
0.66223 48
0.662079 48
0.661938 48
0.661819 48
0.661679 48
0.661557 48
0.661412 48
0.661267 48
0.661136 48
0.660986 48
0.660836 48
0.660836 47
0.660728 47
0.660577 47
0.660431 47
0.660431 46
0.660288 46
0.660154 46
0.660009 46
0.660009 45
0.660009 44
0.660009 43
0.659852 43
0.659852 42
0.659699 42
0.659699 41
0.659551 41
0.659404 41
0.659291 41
0.659172 41
0.65907 41
0.658927 41
0.65878 41
0.65878 40
0.658659 40
0.658497 40
0.658387 40
0.65825 40
0.65825 39
0.658099 39
0.65799 39
0.657861 39
0.657746 39
0.657597 39
0.657462 39
0.657337 39
0.657209 39
0.657039 39
0.656882 39
0.656741 39
0.656597 39
0.656463 39
0.656337 39
0.656057 39
0.655922 39
0.655771 39
0.655629 39
0.655477 39
0.655342 39
0.655198 39
0.65505 39
0.654901 39
0.654753 39
0.654612 39
0.654467 39
0.654353 39
0.654209 39
0.654093 39
0.654093 38
0.65395 38
0.653799 38
0.653667 38
0.653548 38
0.653395 38
0.653395 37
0.653245 37
0.653106 37
0.652965 37
0.652817 37
0.652687 37
0.65254 37
0.652394 37
0.652253 37
0.65211 37
0.651978 37
0.651822 37
0.651822 36
0.651728 35
0.651581 35
0.651466 35
0.651325 35
0.651168 35
0.651021 35
0.65089 35
0.650745 35
0.650745 34
0.650591 34
0.650469 34
0.650319 34
0.650183 34
0.650039 34
0.649907 34
0.64977 34
0.649654 34
0.64953 34
0.649388 34
0.64926 34
0.649103 34
0.648952 34
0.648952 33
0.648814 33
0.648668 33
0.648525 33
0.64837 33
0.648234 33
0.64812 33
0.647991 33
0.647841 33
0.647685 33
0.64754 33
0.647424 33
0.647279 33
0.647142 33
0.646986 33
0.646827 33
0.646691 33
0.646558 33
0.646427 33
0.646308 33
0.646165 33
0.646042 33
0.645894 33
0.645757 33
0.645612 33
0.645449 33
0.645332 33
0.645192 33
0.645053 33
0.644934 33
0.644785 33
0.644651 33
0.644505 33
0.644359 33
0.644206 33
0.644075 33
0.643922 33
0.643922 32
0.643922 31
0.643791 31
0.643642 31
0.643496 31
0.64334 31
0.64334 30
0.64321 30
0.643065 30
0.64291 30
0.642774 30
0.642636 30
0.642493 30
0.642334 30
0.642334 29
0.642193 29
0.642034 29
0.641891 29
0.641761 29
0.641467 29
0.641313 29
0.641162 29
0.641021 29
0.641021 28
0.640883 28
0.640743 28
0.640589 28
0.640452 28
0.640303 28
0.640154 28
0.640027 28
0.6399 28
0.639757 28
0.639629 28
0.639352 28
0.639218 28
0.639084 28
0.63894 28
0.638798 28
0.638655 28
0.638655 27
0.638517 27
0.638366 27
0.638216 27
0.638087 27
0.637934 27
0.637768 27
0.637624 27
0.637472 27
0.637472 26
0.637356 26
0.637221 26
0.637091 26
0.63696 26
0.636806 26
0.636682 26
0.636549 26
0.636398 26
0.636244 26
0.636127 26
0.635993 26
0.635872 26
0.635732 26
0.635592 26
0.635592 25
0.635436 25
0.635295 25
0.635143 25
0.635021 25
0.635021 24
0.634912 24
0.634912 23
0.634763 23
0.634613 23
0.634476 23
0.634336 23
0.634186 23
0.634059 23
0.6339 23
0.633744 23
0.633621 23
0.633483 23
0.633376 23
0.633217 23
0.633087 23
0.632951 23
0.632793 23
0.632652 23
0.632494 23
0.632363 23
0.632363 22
0.6322 22
0.632045 22
0.63188 22
0.631715 22
0.631564 22
0.631422 22
0.6313 22
0.63116 22
0.631007 22
0.630881 22
0.630739 22
0.630609 22
0.630467 22
0.630357 22
0.630214 22
0.630086 22
0.629945 22
0.62982 22
0.629678 22
0.629519 22
0.629372 22
0.629218 22
0.629068 22
0.628928 22
0.628781 22
0.628649 22
0.628498 22
0.628373 22
0.628226 22
0.628092 22
0.627928 22
0.62779 22
0.627665 22
0.627545 22
0.6274 22
0.6274 21
0.627256 21
0.627091 21
0.626934 21
0.626813 21
0.626653 21
0.62652 21
0.626395 21
0.626285 21
0.626133 21
0.625969 21
0.625813 21
0.625707 21
0.625559 21
0.625431 21
0.625297 21
0.625146 21
0.625037 21
0.624892 21
0.624747 21
0.624599 21
0.624439 21
0.624295 21
0.62417 21
0.624022 21
0.623876 21
0.623741 21
0.623597 21
0.62346 21
0.62332 21
0.623205 21
0.623069 21
0.622919 21
0.622783 21
0.62264 21
0.622493 21
0.622346 21
0.622194 21
0.622038 21
0.621883 21
0.621741 21
0.621595 21
0.621435 21
0.621301 21
0.621155 21
0.621007 21
0.621007 20
0.62086 20
0.620704 20
0.620567 20
0.620431 20
0.620291 20
0.620145 20
0.620145 19
0.619984 19
0.619835 19
0.619687 19
0.619542 19
0.619395 19
0.61927 19
0.619116 19
0.618953 19
0.61884 19
0.618678 19
0.618561 19
0.618412 19
0.618259 19
0.61811 19
0.617959 19
0.617808 19
0.617675 19
0.617529 19
0.617389 19
0.617247 19
0.617109 19
0.61696 19
0.616801 19
0.616656 19
0.616498 19
0.616351 19
0.616213 19
0.616076 19
0.615935 19
0.615776 19
0.615656 19
0.615656 18
0.615538 18
0.615538 17
0.615381 17
0.615237 17
0.615086 17
0.615086 16
0.614939 16
0.614806 16
0.614683 16
0.614532 16
0.614433 16
0.614284 16
0.614149 16
0.613991 16
0.613851 16
0.613719 16
0.613606 16
0.613462 16
0.613462 15
0.613344 15
0.613223 15
0.613083 15
0.612932 15
0.612792 15
0.612673 15
0.612673 14
0.612532 14
0.612532 13
0.612388 13
0.612239 13
0.612104 13
0.611964 13
0.611831 13
0.611735 13
0.611577 13
0.611429 13
0.611281 13
0.611126 13
0.610997 13
0.610852 13
0.610717 13
0.61058 13
0.610457 13
0.610308 13
0.610159 13
0.610015 13
0.609874 13
0.609756 13
0.609616 13
0.609459 13
0.60933 13
0.609174 13
0.609018 13
0.608873 13
0.608723 13
0.60858 13
0.6083 13
0.60815 13
0.607996 13
0.607856 13
0.607706 13
0.607543 13
0.607381 13
0.607241 13
0.607088 13
0.60695 13
0.606794 13
0.606664 13
0.606519 13
0.606412 13
0.606412 12
0.606258 12
0.606122 12
0.605974 12
0.605831 12
0.605682 12
0.605544 12
0.605386 12
0.60524 12
0.605091 12
0.604935 12
0.604793 12
0.604635 12
0.604508 12
0.604359 12
0.6042 12
0.604056 12
0.603904 12
0.603771 12
0.603616 12
0.603455 12
0.603301 12
0.603149 12
0.603 12
0.602876 12
0.602719 12
0.602563 12
0.602411 12
0.602294 12
0.602162 12
0.602023 12
0.60188 12
0.601752 12
0.601589 12
0.601429 12
0.601276 12
0.60112 12
0.600957 12
0.600799 12
0.600669 12
0.600519 12
0.600394 12
0.600241 12
0.600083 12
0.599943 12
0.599809 12
0.599658 12
0.599516 12
0.599385 12
0.599231 12
0.599082 12
0.599082 11
0.598938 11
0.598938 10
0.598792 10
0.598638 10
0.598492 10
0.59835 10
0.598243 10
0.598093 10
0.597942 10
0.597803 10
0.597652 10
0.597507 10
0.597365 10
0.597226 10
0.597078 10
0.596942 10
0.596793 10
0.596656 10
0.596496 10
0.596342 10
0.596212 10
0.596088 10
0.595942 10
0.595786 10
0.595637 10
0.595504 10
0.595369 10
0.595218 10
0.595061 10
0.594903 10
0.594755 10
0.594599 10
0.59445 10
0.594314 10
0.594168 10
0.594015 10
0.59387 10
0.593751 10
0.593616 10
0.593461 10
0.593324 10
0.593164 10
0.593009 10
0.593009 9
0.592867 9
0.592727 9
0.592569 9
0.592419 9
0.592271 9
0.592134 9
0.591978 9
0.591847 9
0.591689 9
0.591541 9
0.591396 9
0.591396 8
0.591243 8
0.591115 8
0.590955 8
0.590815 8
0.590677 8
0.590556 8
0.590414 8
0.590284 8
0.590147 8
0.589987 8
0.589839 8
0.589688 8
0.589543 8
0.589394 8
0.589243 8
0.589087 8
0.58895 8
0.588791 8
0.588653 8
0.588533 8
0.588404 8
0.588245 8
0.588111 8
0.58798 8
0.587825 8
0.587678 8
0.58752 8
0.587393 8
0.587393 7
0.587253 7
0.587118 7
0.586967 7
0.586822 7
0.586704 7
0.586556 7
0.586419 7
0.586281 7
0.586147 7
0.586002 7
0.585901 7
0.585751 7
0.585606 7
0.585465 7
0.585328 7
0.585177 7
0.58502 7
0.584877 7
0.584726 7
0.584593 7
0.584457 7
0.584311 7
0.584158 7
0.584027 7
0.583873 7
0.583732 7
0.583592 7
0.583442 7
0.583316 7
0.583181 7
0.583035 7
0.582878 7
0.58273 7
0.582582 7
0.582426 7
0.582276 7
0.582134 7
0.581971 7
0.58181 7
0.581666 7
0.581515 7
0.581358 7
0.581057 7
0.580912 7
0.580767 7
0.580625 7
0.580501 7
0.580362 7
0.580212 7
0.580057 7
0.579903 7
0.579752 7
0.579601 7
0.579456 7
0.579325 7
0.579182 7
0.579026 6
0.578877 6
0.578741 6
0.578596 6
0.578456 6
0.578305 6
0.578171 6
0.578022 6
0.57787 6
0.577723 6
0.577579 6
0.57743 6
0.577288 6
0.577147 6
0.577004 6
0.576861 6
0.576719 6
0.576577 6
0.576462 6
0.576462 5
0.576314 5
0.576163 5
0.576015 5
0.575724 5
0.575724 4
0.575591 4
0.575449 4
0.575305 4
0.575188 4
0.575036 4
0.574878 4
0.574733 4
0.574602 4
0.574309 4
0.574173 4
0.574019 4
0.573873 4
0.57357 4
0.573423 4
0.573294 4
0.573161 4
0.573025 4
0.572885 4
0.572754 4
0.572754 3
0.572594 3
0.57244 3
0.572306 3
0.572187 3
0.572031 3
0.571887 3
0.571739 3
0.571609 3
0.571466 3
0.571322 3
0.571322 2
0.571179 2
0.571042 2
0.570892 2
0.570751 2
0.570609 2
0.570454 2
0.570305 2
0.570198 2
0.570045 2
0.569906 2
0.569602 2
0.569293 2
0.569154 2
0.569008 2
0.568867 2
0.568716 2
0.568562 2
0.568265 2
0.568126 2
0.567968 2
0.567816 2
0.567672 2
0.567527 2
0.567385 2
0.567246 2
0.567091 2
0.566949 2
0.566823 2
0.56667 2
0.566519 2
0.566373 2
0.566235 2
0.566076 2
0.565925 2
0.565785 2
0.565629 2
0.565491 2
0.565353 2
0.565192 2
0.565038 2
0.564896 2
0.56475 2
0.564628 2
0.564483 2
0.564326 2
0.564189 2
0.564044 2
0.563895 2
0.563752 2
0.563594 2
0.563449 2
0.563315 2
0.563158 2
0.563018 2
0.562872 2
0.562719 2
0.562587 2
0.562461 2
0.562314 2
0.562195 2
0.562053 2
0.561888 2
0.56176 2
0.561612 2
0.561474 2
0.561323 2
0.561028 2
0.560877 2
0.560723 2
0.56043 2
0.56028 2
0.560134 2
0.559977 2
0.55983 2
0.559694 2
0.559542 2
0.559394 2
0.559273 2
0.559128 2
0.55897 2
0.558824 2
0.558684 2
0.558534 2
0.558383 2
0.55825 2
0.5581 2
0.557935 2
0.557779 2
0.557655 2
0.557501 2
0.557359 2
0.557215 2
0.557062 2
0.556917 2
0.556787 2
0.556631 2
0.556488 2
0.556342 2
0.556193 2
0.556043 2
0.555882 2
0.555741 2
0.555597 2
0.555458 2
0.555303 2
0.555155 2
0.554997 2
0.554857 2
0.554703 2
0.554549 2
0.554396 2
0.554248 2
0.554115 2
0.553966 2
0.553844 2
0.553706 2
0.553561 2
0.553414 2
0.553257 2
0.553129 2
0.552844 2
0.552707 2
0.552551 2
0.552407 2
0.552272 2
0.55213 2
0.551987 2
0.551846 2
0.551697 2
0.551571 2
0.551415 2
0.551258 2
0.551129 2
0.55099 2
0.550837 2
0.550685 2
0.550533 2
0.550379 2
0.550235 2
0.550097 2
0.549968 2
0.549846 2
0.5497 2
0.549553 2
0.549404 2
0.549246 2
0.549106 2
0.548955 2
0.54882 2
0.548674 2
0.548526 2
0.548378 2
0.548229 2
0.548084 2
0.547927 2
0.547792 2
0.547633 2
0.547475 2
0.54718 2
0.547055 2
0.546935 2
0.546805 2
0.54665 2
0.546493 2
0.546341 2
0.546192 2
0.546048 2
0.545897 2
0.545767 2
0.54562 2
0.545474 2
0.545325 2
0.545169 2
0.545035 2
0.54488 2
0.544741 2
0.544599 2
0.544457 2
0.544306 2
0.544154 2
0.54401 2
0.543849 2
0.543703 2
0.543544 2
0.54339 2
0.543241 2
0.543102 2
0.542957 2
0.542802 2
0.542492 2
0.542339 2
0.542035 2
0.54189 2
0.541746 2
0.5416 2
0.541453 2
0.5413 2
0.54116 2
0.541018 2
0.540867 2
0.54071 2
0.540562 2
0.540408 2
0.540252 2
0.540108 2
0.539957 2
0.539811 2
0.539664 2
0.53951 2
0.539362 2
0.539205 2
0.539062 2
0.538904 2
0.538776 2
0.538617 2
0.538465 2
0.538306 2
0.538156 2
0.53804 2
0.537885 2
0.537743 2
0.53746 2
0.537316 2
0.537166 2
0.537027 2
0.536887 2
0.536735 2
0.53658 2
0.536438 2
0.536309 2
0.536176 2
0.536045 2
0.535887 2
0.535733 2
0.535593 2
0.535449 2
0.535305 2
0.53516 2
0.535001 2
0.534848 2
0.534684 2
0.53453 2
0.53438 2
0.534229 2
0.534088 2
0.533776 2
0.533638 2
0.533479 2
0.533321 2
0.533039 2
0.532892 2
0.532732 2
0.532582 2
0.532436 2
0.532291 2
0.53215 2
0.532003 2
0.531854 2
0.531696 2
0.531543 2
0.531399 2
0.53125 2
0.531127 2
0.530985 2
0.530841 2
0.530689 2
0.53053 2
0.530384 2
0.530239 2
0.530084 2
0.529927 2
0.529799 2
0.529665 2
0.529229 2
0.529089 2
0.528938 2
0.528797 2
0.528686 2
0.52855 2
0.528415 2
0.528271 2
0.528128 2
0.527982 2
0.527828 2
0.527679 2
0.527543 2
0.52742 2
0.52742 1
0.527274 1
0.526979 1
0.526842 1
0.526692 1
0.52655 1
0.526396 1
0.526253 1
0.526105 1
0.525955 1
0.525804 1
0.525656 1
0.525504 1
0.525346 1
0.525197 1
0.525042 1
0.524882 1
0.524579 1
0.524431 1
0.524297 1
0.524149 1
0.523996 1
0.523867 1
0.523715 1
0.523569 1
0.52343 1
0.523291 1
0.523148 1
0.523005 1
0.522851 1
0.522707 1
0.522555 1
0.522399 1
0.522249 1
0.522091 1
0.521944 1
0.521806 1
0.521669 1
0.521523 1
0.521382 1
0.52124 1
0.52124 0
0.521087 0
0.520966 0
0.520814 0
0.520673 0
0.520525 0
0.52038 0
0.520245 0
0.5201 0
0.519953 0
0.519654 0
0.519506 0
0.519356 0
0.519205 0
0.519054 0
0.518908 0
0.518767 0
0.518615 0
0.518469 0
0.518338 0
0.518197 0
0.518045 0
0.517909 0
0.517764 0
0.517614 0
0.517468 0
0.517318 0
0.517181 0
0.517049 0
0.516896 0
0.516748 0
0.516606 0
0.516465 0
0.516339 0
0.516191 0
0.516054 0
0.515912 0
0.515461 0
0.51531 0
0.515172 0
0.514873 0
0.514725 0
0.514574 0
0.514428 0
0.514279 0
0.513963 0
0.513844 0
0.513559 0
0.513406 0
0.513263 0
0.513121 0
0.512979 0
0.512836 0
0.512696 0
0.512551 0
0.512411 0
0.512255 0
0.512117 0
0.511971 0
0.511832 0
0.511694 0
0.511536 0
0.511388 0
0.511239 0
0.511102 0
0.510956 0
0.510804 0
0.510657 0
0.510517 0
0.510359 0
0.510208 0
0.510059 0
0.509907 0
0.509754 0
0.509608 0
0.509471 0
0.509333 0
0.509203 0
0.509068 0
0.508923 0
0.508788 0
0.508639 0
0.508482 0
0.50834 0
0.508186 0
0.508028 0
0.50773 0
0.507574 0
0.507443 0
0.507287 0
0.507129 0
0.506976 0
0.506836 0
0.506702 0
0.506547 0
0.506397 0
0.506256 0
0.506108 0
0.505954 0
0.505818 0
0.50566 0
0.505524 0
0.505374 0
0.505224 0
0.505073 0
0.504919 0
0.504776 0
0.504626 0
0.504471 0
0.504335 0
0.504188 0
0.504036 0
0.503914 0
0.503766 0
0.503609 0
0.50346 0
0.503318 0
0.503175 0
0.503035 0
0.502898 0
0.502745 0
0.502598 0
0.502447 0
0.502308 0
0.502152 0
0.502003 0
0.501851 0
0.501702 0
0.501558 0
0.501406 0
0.501253 0
0.501125 0
0.500968 0
0.500826 0
0.500666 0
0.500529 0
0.500376 0
0.500235 0
0.500082 0
0.499774 0
0.499625 0
0.499477 0
0.499322 0
0.499172 0
0.499029 0
0.498882 0
0.498734 0
0.498581 0
0.49843 0
0.498278 0
0.498157 0
0.498018 0
0.497864 0
0.497709 0
0.497549 0
0.497274 0
0.497131 0
0.496967 0
0.496825 0
0.496672 0
0.496536 0
0.496386 0
0.496245 0
0.496097 0
0.495946 0
0.495647 0
0.495508 0
0.49536 0
0.495216 0
0.495075 0
0.494771 0
0.494453 0
0.494305 0
0.494159 0
0.494007 0
0.493848 0
0.493689 0
0.493544 0
0.493402 0
0.493244 0
0.493082 0
0.492934 0
0.492795 0
0.492643 0
0.492498 0
0.492347 0
0.492195 0
0.492058 0
0.491922 0
0.491773 0
0.491617 0
0.491477 0
0.491323 0
0.491023 0
0.490885 0
0.490756 0
0.490613 0
0.490473 0
0.490324 0
0.490038 0
0.489895 0
0.489748 0
0.489592 0
0.489446 0
0.489311 0
0.489155 0
0.489023 0
0.488883 0
0.488727 0
0.488566 0
0.488426 0
0.488272 0
0.488129 0
0.48798 0
0.487818 0
0.487523 0
0.487369 0
0.487216 0
0.48706 0
0.486905 0
0.486762 0
0.486615 0
0.486461 0
0.486321 0
0.486169 0
0.486019 0
0.485871 0
0.485721 0
0.485566 0
0.485421 0
0.485269 0
0.48497 0
0.48484 0
0.484717 0
0.484584 0
0.48444 0
0.484296 0
0.484152 0
0.483993 0
0.483843 0
0.483685 0
0.483537 0
0.483398 0
0.483246 0
0.483097 0
0.482941 0
0.4828 0
0.482653 0
0.482512 0
0.482361 0
0.482213 0
0.482057 0
0.481901 0
0.481754 0
0.481454 0
0.481322 0
0.481166 0
0.481021 0
0.480872 0
0.48072 0
0.480293 0
0.480147 0
0.479998 0
0.479848 0
0.479704 0
0.479565 0
0.47943 0
0.479143 0
0.478999 0
0.478855 0
0.478708 0
0.478555 0
0.478403 0
0.47825 0
0.478108 0
0.477959 0
0.477832 0
0.477538 0
0.477389 0
0.477238 0
0.477089 0
0.476934 0
0.476791 0
0.476645 0
0.476495 0
0.476339 0
0.476187 0
0.47604 0
0.475889 0
0.475747 0
0.475592 0
0.47544 0
0.475299 0
0.47514 0
0.474985 0
0.474833 0
0.474676 0
0.474525 0
0.474381 0
0.474221 0
0.473923 0
0.473782 0
0.473638 0
0.473487 0
0.47319 0
0.473038 0
0.472886 0
0.472727 0
0.472568 0
0.47241 0
0.472261 0
0.472108 0
0.471955 0
0.47181 0
0.471661 0
0.471509 0
0.471209 0
0.471074 0
0.470928 0
0.470778 0
0.470625 0
0.470467 0
0.470327 0
0.47003 0
0.469885 0
0.469745 0
0.4696 0
0.469445 0
0.469297 0
0.469154 0
0.469016 0
0.468867 0
0.468722 0
0.468571 0
0.468429 0
0.468287 0
0.468133 0
0.467984 0
0.467833 0
0.467681 0
0.467518 0
0.467367 0
0.467044 0
0.466887 0
0.466731 0
0.466588 0
0.466449 0
0.46629 0
0.466138 0
0.465984 0
0.465837 0
0.465691 0
0.465546 0
0.465401 0
0.465259 0
0.465112 0
0.464965 0
0.464821 0
0.464671 0
0.464513 0
0.464359 0
0.464212 0
0.464072 0
0.463921 0
0.463777 0
0.46348 0
0.463334 0
0.463059 0
0.462905 0
0.462755 0
0.462457 0
0.462307 0
0.462164 0
0.462004 0
0.461851 0
0.461707 0
0.461568 0
0.461421 0
0.461273 0
0.461136 0
0.460982 0
0.460833 0
0.460674 0
0.460524 0
0.460368 0
0.460213 0
0.460055 0
0.459751 0
0.459445 0
0.459291 0
0.459145 0
0.458994 0
0.45884 0
0.458698 0
0.458404 0
0.458245 0
0.458086 0
0.457932 0
0.457632 0
0.457477 0
0.457326 0
0.457178 0
0.456878 0
0.456592 0
0.456444 0
0.456299 0
0.455998 0
0.455851 0
0.455701 0
0.4554 0
0.455087 0
0.454937 0
0.454794 0
0.45465 0
0.454496 0
0.454348 0
0.453887 0
0.453746 0
0.453592 0
0.453466 0
0.45333 0
0.453173 0
0.453035 0
0.452871 0
0.452725 0
0.452575 0
0.452429 0
0.452281 0
0.452135 0
0.451975 0
0.451824 0
0.451685 0
0.451545 0
0.451394 0
0.451091 0
0.450935 0
0.450792 0
0.450641 0
0.450496 0
0.450058 0
0.449759 0
0.449456 0
0.449309 0
0.449153 0
0.448863 0
0.448704 0
0.448568 0
0.448419 0
0.448128 0
0.44783 0
0.447542 0
0.447407 0
0.447252 0
0.447099 0
0.446944 0
0.4468 0
0.446642 0
0.446491 0
0.446184 0
0.446036 0
0.445894 0
0.445744 0
0.445593 0
0.445437 0
0.445277 0
0.445131 0
0.444829 0
0.444368 0
0.444066 0
0.443913 0
0.443755 0
0.44359 0
0.443433 0
0.44328 0
0.443132 0
0.442993 0
0.442843 0
0.442683 0
0.442531 0
0.442221 0
0.442077 0
0.441925 0
0.441771 0
0.441634 0
0.441477 0
0.441338 0
0.441182 0
0.441045 0
0.440903 0
0.44075 0
0.4406 0
0.440449 0
0.440294 0
0.440152 0
0.440006 0
0.439863 0
0.439706 0
0.439556 0
0.439401 0
0.439257 0
0.439112 0
0.438977 0
0.438832 0
0.438685 0
0.438379 0
0.438235 0
0.438088 0
0.437932 0
0.437776 0
0.437623 0
0.437473 0
0.437319 0
0.437169 0
0.437027 0
0.436873 0
0.436724 0
0.436581 0
0.436429 0
0.436277 0
0.43584 0
0.435687 0
0.435556 0
0.435405 0
0.435249 0
0.435103 0
0.434936 0
0.434787 0
0.434635 0
0.434504 0
0.434086 0
0.433939 0
0.4338 0
0.433495 0
0.433352 0
0.433218 0
0.433075 0
0.432767 0
0.432469 0
0.432187 0
0.432051 0
0.431901 0
0.431751 0
0.431606 0
0.431472 0
0.431326 0
0.43117 0
0.431021 0
0.430864 0
0.430581 0
0.430429 0
0.430275 0
0.430124 0
0.429983 0
0.429688 0
0.429536 0
0.429256 0
0.429106 0
0.428952 0
0.428805 0
0.42865 0
0.428503 0
0.428379 0
0.428226 0
0.428077 0
0.427924 0
0.427622 0
0.427321 0
0.427009 0
0.426857 0
0.426697 0
0.426546 0
0.426232 0
0.42609 0
0.425943 0
0.425793 0
0.425652 0
0.425513 0
0.425374 0
0.425223 0
0.424779 0
0.42463 0
0.424491 0
0.424343 0
0.424195 0
0.424044 0
0.423895 0
0.423753 0
0.423319 0
0.423035 0
0.422883 0
0.422752 0
0.422603 0
0.422455 0
0.422303 0
0.422156 0
0.422008 0
0.421862 0
0.421724 0
0.421578 0
0.421429 0
0.42127 0
0.421136 0
0.420989 0
0.420833 0
0.420688 0
0.420537 0
0.420383 0
0.420227 0
0.420071 0
0.419917 0
0.419775 0
0.419619 0
0.419467 0
0.419167 0
0.418865 0
0.418716 0
0.418566 0
0.418421 0
0.418274 0
0.418115 0
0.417963 0
0.417822 0
0.417677 0
0.417524 0
0.41737 0
0.417226 0
0.417057 0
0.416901 0
0.416762 0
0.416607 0
0.416451 0
0.416303 0
0.416147 0
0.416 0
0.415842 0
0.415686 0
0.415541 0
0.41541 0
0.41525 0
0.415094 0
0.414937 0
0.414789 0
0.414647 0
0.414502 0
0.414343 0
0.413885 0
0.413742 0
0.413456 0
0.413172 0
0.413019 0
0.412878 0
0.412727 0
0.412588 0
0.41228 0
0.412128 0
0.411972 0
0.411675 0
0.411525 0
0.411068 0
0.410914 0
0.410761 0
0.410621 0
0.410467 0
0.410316 0
0.410178 0
0.410038 0
0.409742 0
0.409599 0
0.409447 0
0.409304 0
0.409165 0
0.408878 0
0.408434 0
0.408287 0
0.40814 0
0.408027 0
0.40788 0
0.407757 0
0.407447 0
0.406995 0
0.406549 0
0.406395 0
0.406246 0
0.406092 0
0.405937 0
0.405633 0
0.405486 0
0.405349 0
0.405195 0
0.404755 0
0.404596 0
0.404452 0
0.4043 0
0.404144 0
0.403987 0
0.403838 0
0.403683 0
0.403531 0
0.403385 0
0.403236 0
0.403089 0
0.402934 0
0.402793 0
0.402502 0
0.402347 0
0.402188 0
0.402033 0
0.401887 0
0.401755 0
0.4016 0
0.40144 0
0.401143 0
0.400994 0
0.400532 0
0.400384 0
0.400235 0
0.399929 0
0.39977 0
0.39963 0
0.399476 0
0.399328 0
0.399039 0
0.398896 0
0.398593 0
0.398439 0
0.39829 0
0.397831 0
0.397562 0
0.397403 0
0.397265 0
0.397108 0
0.396965 0
0.39683 0
0.39668 0
0.396249 0
0.396103 0
0.395963 0
0.395658 0
0.395502 0
0.395347 0
0.39505 0
0.394635 0
0.394481 0
0.394342 0
0.3942 0
0.394064 0
0.393916 0
0.393781 0
0.393627 0
0.393476 0
0.393324 0
0.393187 0
0.392877 0
0.392582 0
0.392429 0
0.392126 0
0.391976 0
0.391695 0
0.391551 0
0.391396 0
0.391238 0
0.390938 0
0.390786 0
0.390627 0
0.39051 0
0.390351 0
0.390203 0
0.389897 0
0.389597 0
0.389456 0
0.389309 0
0.38918 0
0.388875 0
0.388726 0
0.388443 0
0.388295 0
0.388144 0
0.387992 0
0.387849 0
0.387701 0
0.387408 0
0.387253 0
0.386965 0
0.386678 0
0.38637 0
0.386225 0
0.386082 0
0.385944 0
0.385791 0
0.385643 0
0.385493 0
0.385334 0
0.385062 0
0.384926 0
0.384774 0
0.384617 0
0.384463 0
0.38415 0
0.384003 0
0.383847 0
0.383696 0
0.3834 0
0.383247 0
0.382941 0
0.382631 0
0.382477 0
0.382321 0
0.382175 0
0.381866 0
0.381577 0
0.381278 0
0.380828 0
0.380675 0
0.380517 0
0.380366 0
0.380221 0
0.380076 0
0.379932 0
0.379786 0
0.379493 0
0.379335 0
0.379186 0
0.379035 0
0.378893 0
0.378749 0
0.378611 0
0.378459 0
0.378302 0
0.378159 0
0.378005 0
0.377854 0
0.377559 0
0.377418 0
0.376979 0
0.376838 0
0.37668 0
0.376523 0
0.376244 0
0.376085 0
0.375938 0
0.375788 0
0.37564 0
0.375499 0
0.375212 0
0.375055 0
0.374766 0
0.374625 0
0.374189 0
0.373883 0
0.373737 0
0.373582 0
0.373434 0
0.373282 0
0.373006 0
0.372852 0
0.372722 0
0.372564 0
0.372276 0
0.371824 0
0.371676 0
0.371519 0
0.371363 0
0.371059 0
0.370752 0
0.370315 0
0.370167 0
0.370021 0
0.369752 0
0.369598 0
0.369288 0
0.369149 0
0.369004 0
0.368851 0
0.368707 0
0.368551 0
0.368254 0
0.367951 0
0.367805 0
0.367508 0
0.367231 0
0.367076 0
0.366926 0
0.366768 0
0.366616 0
0.366307 0
0.366149 0
0.366005 0
0.365695 0
0.365376 0
0.365224 0
0.365071 0
0.36493 0
0.364628 0
0.364491 0
0.364041 0
0.363884 0
0.363736 0
0.363581 0
0.363431 0
0.363272 0
0.363122 0
0.36296 0
0.362813 0
0.362506 0
0.362365 0
0.361903 0
0.361749 0
0.361598 0
0.361308 0
0.361167 0
0.360853 0
0.360699 0
0.360557 0
0.360423 0
0.360271 0
0.360121 0
0.359966 0
0.359668 0
0.359368 0
0.359216 0
0.358915 0
0.358623 0
0.358489 0
0.35834 0
0.358189 0
0.357881 0
0.357585 0
0.357436 0
0.357283 0
0.356825 0
0.356665 0
0.35652 0
0.356369 0
0.356082 0
0.355934 0
0.355787 0
0.355627 0
0.355322 0
0.355169 0
0.355011 0
0.354859 0
0.354716 0
0.354572 0
0.354418 0
0.353851 0
0.353575 0
0.353423 0
0.353269 0
0.353108 0
0.352953 0
0.352805 0
0.352652 0
0.3525 0
0.352184 0
0.352031 0
0.351876 0
0.351739 0
0.351593 0
0.35144 0
0.351149 0
0.350857 0
0.350545 0
0.350406 0
0.350256 0
0.350107 0
0.349815 0
0.349511 0
0.349361 0
0.349203 0
0.349054 0
0.348916 0
0.348624 0
0.348469 0
0.348325 0
0.347862 0
0.347708 0
0.347562 0
0.347432 0
0.34728 0
0.347135 0
0.346988 0
0.346819 0
0.346532 0
0.346384 0
0.346241 0
0.346096 0
0.345941 0
0.345781 0
0.345629 0
0.345478 0
0.344905 0
0.344751 0
0.344467 0
0.344312 0
0.344162 0
0.344013 0
0.343872 0
0.34372 0
0.343281 0
0.343131 0
0.342858 0
0.342706 0
0.34255 0
0.342398 0
0.342093 0
0.341942 0
0.341663 0
0.341348 0
0.340762 0
0.340614 0
0.340461 0
0.340307 0
0.339861 0
0.339426 0
0.339284 0
0.339143 0
0.338988 0
0.338697 0
0.338556 0
0.338393 0
0.338244 0
0.33811 0
0.337961 0
0.337811 0
0.337679 0
0.337522 0
0.337369 0
0.33722 0
0.337076 0
0.336922 0
0.336781 0
0.33634 0
0.336038 0
0.335724 0
0.335584 0
0.335437 0
0.335302 0
0.335161 0
0.335019 0
0.334893 0
0.334582 0
0.334283 0
0.33413 0
0.333984 0
0.333831 0
0.333697 0
0.333539 0
0.333247 0
0.333107 0
0.332954 0
0.332657 0
0.332498 0
0.332356 0
0.332073 0
0.331748 0
0.331462 0
0.331306 0
0.330851 0
0.330545 0
0.330389 0
0.330246 0
0.33009 0
0.32994 0
0.329639 0
0.329494 0
0.329345 0
0.329203 0
0.329045 0
0.328749 0
0.328596 0
0.328305 0
0.328151 0
0.328 0
0.327846 0
0.327405 0
0.327261 0
0.32695 0
0.326793 0
0.326645 0
0.326489 0
0.326187 0
0.326042 0
0.325457 0
0.325167 0
0.325018 0
0.324869 0
0.324727 0
0.324581 0
0.324434 0
0.324291 0
0.324148 0
0.324006 0
0.323848 0
0.323693 0
0.323539 0
0.32339 0
0.323243 0
0.323089 0
0.322932 0
0.322782 0
0.322332 0
0.322185 0
0.321907 0
0.321617 0
0.32116 0
0.32103 0
0.320887 0
0.320585 0
0.320455 0
0.320145 0
0.32 0
0.319548 0
0.319095 0
0.318964 0
0.318824 0
0.318682 0
0.318532 0
0.318224 0
0.317926 0
0.317621 0
0.317314 0
0.317015 0
0.316884 0
0.316725 0
0.316445 0
0.31629 0
0.315992 0
0.315845 0
0.315691 0
0.315384 0
0.315228 0
0.314924 0
0.314774 0
0.314171 0
0.314012 0
0.313853 0
0.313421 0
0.31312 0
0.312975 0
0.31282 0
0.312671 0
0.312365 0
0.312073 0
0.311777 0
0.311479 0
0.311327 0
0.31106 0
0.310922 0
0.310792 0
0.31049 0
0.310337 0
0.310186 0
0.309753 0
0.309596 0
0.30944 0
0.309304 0
0.309163 0
0.309009 0
0.308856 0
0.308703 0
0.308249 0
0.308114 0
0.307959 0
0.307809 0
0.307665 0
0.307198 0
0.307043 0
0.306902 0
0.30675 0
0.306617 0
0.306308 0
0.306172 0
0.305895 0
0.305744 0
0.305596 0
0.305442 0
0.305291 0
0.305145 0
0.30499 0
0.304551 0
0.304397 0
0.304244 0
0.30409 0
0.303798 0
0.303498 0
0.303181 0
0.302886 0
0.302602 0
0.3023 0
0.301992 0
0.301853 0
0.301703 0
0.301553 0
0.301261 0
0.301114 0
0.30097 0
0.300812 0
0.300507 0
0.30023 0
0.29981 0
0.299503 0
0.299351 0
0.299206 0
0.299056 0
0.298897 0
0.298742 0
0.298595 0
0.298438 0
0.29828 0
0.297964 0
0.297514 0
0.29737 0
0.297212 0
0.296753 0
0.296604 0
0.29645 0
0.296294 0
0.296146 0
0.295994 0
0.29544 0
0.295286 0
0.294865 0
0.294547 0
0.2944 0
0.29426 0
0.293829 0
0.293354 0
0.293194 0
0.293039 0
0.2929 0
0.292444 0
0.292287 0
0.291975 0
0.291672 0
0.291518 0
0.291372 0
0.29109 0
0.290936 0
0.290784 0
0.29063 0
0.290475 0
0.290335 0
0.290178 0
0.290031 0
0.289874 0
0.289721 0
0.289441 0
0.289291 0
0.289153 0
0.288708 0
0.288561 0
0.288409 0
0.288269 0
0.288122 0
0.287986 0
0.28783 0
0.28753 0
0.287375 0
0.287224 0
0.287072 0
0.286923 0
0.286769 0
0.286612 0
0.28632 0
0.286176 0
0.285719 0
0.285435 0
0.285274 0
0.285119 0
0.284964 0
0.284665 0
0.284367 0
0.284206 0
0.28405 0
0.283896 0
0.283597 0
0.282987 0
0.282837 0
0.282689 0
0.28253 0
0.281953 0
0.281797 0
0.281639 0
0.281335 0
0.281192 0
0.28104 0
0.28089 0
0.280738 0
0.280589 0
0.280302 0
0.280164 0
0.280007 0
0.279852 0
0.279702 0
0.279564 0
0.27911 0
0.278953 0
0.278649 0
0.278504 0
0.278221 0
0.278088 0
0.277626 0
0.277471 0
0.277323 0
0.27717 0
0.277021 0
0.276572 0
0.276426 0
0.276115 0
0.275807 0
0.275665 0
0.27551 0
0.275355 0
0.274759 0
0.274614 0
0.274453 0
0.27431 0
0.274003 0
0.273855 0
0.273552 0
0.27341 0
0.273254 0
0.273113 0
0.272806 0
0.27251 0
0.272351 0
0.272198 0
0.272039 0
0.271888 0
0.27174 0
0.27158 0
0.271275 0
0.271122 0
0.270975 0
0.270682 0
0.270373 0
0.27023 0
0.270077 0
0.269787 0
0.269646 0
0.269188 0
0.268753 0
0.268599 0
0.26844 0
0.268293 0
0.268139 0
0.267983 0
0.267668 0
0.267519 0
0.26736 0
0.267044 0
0.26693 0
0.266782 0
0.26619 0
0.266053 0
0.265749 0
0.265601 0
0.265307 0
0.264998 0
0.26484 0
0.264682 0
0.26454 0
0.264237 0
0.264117 0
0.263962 0
0.263813 0
0.263523 0
0.263239 0
0.263079 0
0.262927 0
0.262783 0
0.262632 0
0.262331 0
0.262184 0
0.262045 0
0.261592 0
0.261439 0
0.261135 0
0.260982 0
0.260827 0
0.26067 0
0.260365 0
0.260061 0
0.259908 0
0.25946 0
0.259303 0
0.259156 0
0.259015 0
0.258864 0
0.258273 0
0.258125 0
0.257844 0
0.257537 0
0.257248 0
0.256953 0
0.256502 0
0.256348 0
0.256057 0
0.255898 0
0.255465 0
0.255167 0
0.254263 0
0.254117 0
0.253963 0
0.253813 0
0.253658 0
0.253351 0
0.252914 0
0.252502 0
0.252196 0
0.251893 0
0.251742 0
0.251597 0
0.251289 0
0.251133 0
0.250983 0
0.250836 0
0.250693 0
0.250239 0
0.250103 0
0.249958 0
0.249678 0
0.249528 0
0.249379 0
0.248937 0
0.248495 0
0.248206 0
0.248048 0
0.247888 0
0.247731 0
0.247432 0
0.247129 0
0.246836 0
0.246677 0
0.246362 0
0.246215 0
0.246057 0
0.245905 0
0.245768 0
0.245478 0
0.24533 0
0.245184 0
0.245028 0
0.24489 0
0.244438 0
0.244154 0
0.243847 0
0.243402 0
0.243093 0
0.242939 0
0.242642 0
0.242353 0
0.242203 0
0.242049 0
0.241902 0
0.241757 0
0.241458 0
0.241318 0
0.240895 0
0.240451 0
0.240295 0
0.240148 0
0.239851 0
0.239408 0
0.239094 0
0.238801 0
0.238496 0
0.23821 0
0.237759 0
0.237626 0
0.237332 0
0.237027 0
0.236588 0
0.236434 0
0.236281 0
0.235965 0
0.235669 0
0.235376 0
0.235234 0
0.234936 0
0.23463 0
0.234477 0
0.23418 0
0.23403 0
0.233736 0
0.233459 0
0.23331 0
0.233169 0
0.233039 0
0.232893 0
0.232736 0
0.232583 0
0.23228 0
0.232131 0
0.231833 0
0.231674 0
0.231385 0
0.231232 0
0.230926 0
0.230632 0
0.230476 0
0.230345 0
0.230194 0
0.229916 0
0.229771 0
0.229623 0
0.229476 0
0.229319 0
0.229018 0
0.228417 0
0.22826 0
0.227947 0
0.227638 0
0.227491 0
0.227334 0
0.227185 0
0.226731 0
0.226579 0
0.226425 0
0.226116 0
0.225808 0
0.225654 0
0.225504 0
0.22506 0
0.224917 0
0.224761 0
0.22461 0
0.224311 0
0.223855 0
0.223554 0
0.2234 0
0.223241 0
0.222942 0
0.222634 0
0.222183 0
0.222032 0
0.221872 0
0.221716 0
0.221408 0
0.221116 0
0.220825 0
0.220682 0
0.219903 0
0.219761 0
0.219615 0
0.219457 0
0.219311 0
0.219005 0
0.218713 0
0.218564 0
0.218431 0
0.218279 0
0.218135 0
0.217991 0
0.217682 0
0.217529 0
0.217225 0
0.216915 0
0.216623 0
0.216484 0
0.216327 0
0.216212 0
0.21575 0
0.215488 0
0.215331 0
0.215192 0
0.21504 0
0.214886 0
0.214436 0
0.214297 0
0.214152 0
0.213996 0
0.21385 0
0.213545 0
0.213083 0
0.212935 0
0.212639 0
0.212352 0
0.211927 0
0.211774 0
0.211617 0
0.211322 0
0.211048 0
0.210608 0
0.210155 0
0.209707 0
0.209404 0
0.209257 0
0.209114 0
0.208959 0
0.208513 0
0.208369 0
0.20822 0
0.207776 0
0.207645 0
0.207492 0
0.207187 0
0.206735 0
0.206588 0
0.206433 0
0.206282 0
0.206125 0
0.205818 0
0.205372 0
0.205222 0
0.204929 0
0.204773 0
0.204471 0
0.204168 0
0.203858 0
0.203705 0
0.203562 0
0.20312 0
0.202979 0
0.202542 0
0.202245 0
0.201946 0
0.201793 0
0.201667 0
0.201513 0
0.200896 0
0.200602 0
0.200466 0
0.200006 0
0.199399 0
0.199256 0
0.198953 0
0.198804 0
0.198343 0
0.198027 0
0.197883 0
0.19698 0
0.196832 0
0.196674 0
0.196524 0
0.196225 0
0.196071 0
0.195766 0
0.195624 0
0.195487 0
0.194866 0
0.194726 0
0.194131 0
0.193691 0
0.193528 0
0.193218 0
0.192915 0
0.192765 0
0.192607 0
0.192448 0
0.192298 0
0.192143 0
0.191836 0
0.191688 0
0.191398 0
0.191112 0
0.190969 0
0.190821 0
0.190674 0
0.190386 0
0.190096 0
0.189805 0
0.189657 0
0.189348 0
0.189064 0
0.18861 0
0.188451 0
0.188163 0
0.187872 0
0.187437 0
0.187278 0
0.18712 0
0.18697 0
0.186689 0
0.186537 0
0.186389 0
0.185948 0
0.185793 0
0.185639 0
0.18535 0
0.184768 0
0.184618 0
0.184474 0
0.184171 0
0.184024 0
0.183751 0
0.183448 0
0.183023 0
0.182593 0
0.182447 0
0.182005 0
0.181862 0
0.181412 0
0.181261 0
0.181115 0
0.180969 0
0.180667 0
0.180521 0
0.180366 0
0.180225 0
0.179923 0
0.179775 0
0.179493 0
0.179354 0
0.179209 0
0.178906 0
0.178611 0
0.178176 0
0.177877 0
0.177599 0
0.177451 0
0.176996 0
0.176856 0
0.176556 0
0.175946 0
0.175498 0
0.17535 0
0.175195 0
0.175051 0
0.174893 0
0.174577 0
0.17442 0
0.174267 0
0.173982 0
0.173837 0
0.173542 0
0.173397 0
0.173089 0
0.172944 0
0.172787 0
0.172493 0
0.172179 0
0.171882 0
0.171431 0
0.171127 0
0.170975 0
0.170682 0
0.170531 0
0.170375 0
0.170062 0
0.169909 0
0.169769 0
0.16962 0
0.169324 0
0.169033 0
0.16888 0
0.168571 0
0.168421 0
0.168267 0
0.168108 0
0.167952 0
0.167799 0
0.167345 0
0.166897 0
0.166445 0
0.166139 0
0.165985 0
0.165386 0
0.164927 0
0.164471 0
0.164331 0
0.164177 0
0.163882 0
0.163433 0
0.163292 0
0.163139 0
0.162707 0
0.162249 0
0.161626 0
0.161481 0
0.160883 0
0.160727 0
0.160571 0
0.160425 0
0.160124 0
0.159983 0
0.159698 0
0.159384 0
0.159229 0
0.159085 0
0.158791 0
0.158192 0
0.15803 0
0.157729 0
0.15728 0
0.156985 0
0.156551 0
0.156099 0
0.155656 0
0.1555 0
0.155347 0
0.155196 0
0.155041 0
0.154899 0
0.154746 0
0.15429 0
0.154142 0
0.153985 0
0.153826 0
0.153677 0
0.15337 0
0.153083 0
0.152787 0
0.152489 0
0.15206 0
0.151907 0
0.151448 0
0.150996 0
0.150859 0
0.150718 0
0.150577 0
0.15043 0
0.150139 0
0.149859 0
0.14941 0
0.149271 0
0.148677 0
0.148224 0
0.147922 0
0.147771 0
0.147631 0
0.147479 0
0.14733 0
0.147025 0
0.14644 0
0.146158 0
0.145842 0
0.145538 0
0.145249 0
0.145098 0
0.144944 0
0.144026 0
0.14388 0
0.143582 0
0.143437 0
0.143149 0
0.142992 0
0.142688 0
0.14238 0
0.142075 0
0.141779 0
0.141471 0
0.14101 0
0.140719 0
0.140421 0
0.140284 0
0.140149 0
0.139842 0
0.139265 0
0.138943 0
0.138663 0
0.138511 0
0.138216 0
0.137789 0
0.137634 0
0.137315 0
0.137158 0
0.136721 0
0.13642 0
0.136265 0
0.135833 0
0.135534 0
0.135235 0
0.134947 0
0.134805 0
0.13451 0
0.134222 0
0.134081 0
0.133931 0
0.133485 0
0.133342 0
0.132453 0
0.132307 0
0.13187 0
0.131402 0
0.131271 0
0.130825 0
0.13053 0
0.130233 0
0.130085 0
0.129521 0
0.129383 0
0.12894 0
0.128788 0
0.128491 0
0.128335 0
0.128041 0
0.127733 0
0.12758 0
0.127423 0
0.126986 0
0.126829 0
0.126675 0
0.126244 0
0.126102 0
0.125945 0
0.125794 0
0.125492 0
0.1252 0
0.124884 0
0.124445 0
0.124297 0
0.123858 0
0.123552 0
0.123105 0
0.122798 0
0.122654 0
0.122352 0
0.122206 0
0.121894 0
0.121451 0
0.121312 0
0.121005 0
0.120569 0
0.120126 0
0.119665 0
0.119513 0
0.119362 0
0.119211 0
0.118606 0
0.118149 0
0.117851 0
0.117545 0
0.117391 0
0.117098 0
0.11694 0
0.116643 0
0.116497 0
0.116358 0
0.116058 0
0.115909 0
0.115751 0
0.115299 0
0.114826 0
0.114529 0
0.11408 0
0.113777 0
0.113329 0
0.113191 0
0.112903 0
0.112601 0
0.112297 0
0.111829 0
0.111537 0
0.111384 0
0.111235 0
0.110768 0
0.110469 0
0.110325 0
0.110176 0
0.109873 0
0.109729 0
0.109577 0
0.109279 0
0.109154 0
0.1087 0
0.108563 0
0.108259 0
0.108104 0
0.107828 0
0.107679 0
0.107383 0
0.107237 0
0.106773 0
0.106312 0
0.106159 0
0.106019 0
0.105726 0
0.105571 0
0.105291 0
0.105131 0
0.104994 0
0.10454 0
0.104391 0
0.10424 0
0.103637 0
0.103487 0
0.103182 0
0.103033 0
0.10288 0
0.102733 0
0.102436 0
0.101823 0
0.10167 0
0.101513 0
0.101082 0
0.100787 0
0.100346 0
0.100046 0
0.0998959 0
0.0997624 0
0.0996171 0
0.0994635 0
0.0991737 0
0.0990211 0
0.0985553 0
0.0980863 0
0.097929 0
0.0976197 0
0.0973097 0
0.0967186 0
0.096411 0
0.0962726 0
0.0959995 0
0.095697 0
0.095388 0
0.0952377 0
0.0949402 0
0.0946384 0
0.0941738 0
0.0938802 0
0.0937406 0
0.0935868 0
0.0931415 0
0.092549 0
0.0922603 0
0.0919644 0
0.0913762 0
0.0912253 0
0.0910774 0
0.0907739 0
0.0906257 0
0.0903083 0
0.0899947 0
0.0898546 0
0.0897084 0
0.0894119 0
0.0892608 0
0.0889572 0
0.0883475 0
0.0881902 0
0.0877476 0
0.0872884 0
0.0869765 0
0.0868229 0
0.0866639 0
0.0863645 0
0.0856027 0
0.0854481 0
0.0852903 0
0.0851293 0
0.0849852 0
0.0848393 0
0.0846945 0
0.0844078 0
0.0841168 0
0.083967 0
0.0832194 0
0.083064 0
0.0825962 0
0.0822979 0
0.081853 0
0.0815381 0
0.0813932 0
0.0812519 0
0.0811016 0
0.0806467 0
0.0804914 0
0.0801873 0
0.0797382 0
0.0791225 0
0.0788324 0
0.0786767 0
0.0783763 0
0.0779198 0
0.0776044 0
0.0774474 0
0.0771486 0
0.0769946 0
0.0768547 0
0.0765507 0
0.0756527 0
0.0754975 0
0.0750509 0
0.0748939 0
0.0747428 0
0.0743059 0
0.0738588 0
0.0737206 0
0.0735706 0
0.0734193 0
0.0731215 0
0.0728236 0
0.0725148 0
0.0723649 0
0.0720497 0
0.0717408 0
0.0714282 0
0.070975 0
0.0705332 0
0.0702292 0
0.0699362 0
0.0694934 0
0.0690521 0
0.068903 0
0.068593 0
0.0682983 0
0.0678332 0
0.0675222 0
0.0673688 0
0.0672116 0
0.0669199 0
0.0667671 0
0.0664565 0
0.0661571 0
0.0659994 0
0.0658405 0
0.0656814 0
0.0655295 0
0.0653698 0
0.0650823 0
0.0649363 0
0.0646262 0
0.0643276 0
0.0637363 0
0.0635929 0
0.0634408 0
0.0632882 0
0.0631343 0
0.0626804 0
0.0625389 0
0.062257 0
0.0619528 0
0.061635 0
0.0614939 0
0.0608836 0
0.0605895 0
0.0604381 0
0.0601407 0
0.0599941 0
0.0598451 0
0.0595472 0
0.059393 0
0.0589557 0
0.0586641 0
0.0585198 0
0.0582156 0
0.0576137 0
0.0574722 0
0.057325 0
0.0570238 0
0.0565585 0
0.0562606 0
0.0558038 0
0.0556548 0
0.0554991 0
0.0553443 0
0.0551976 0
0.0548929 0
0.0547331 0
0.054415 0
0.0536771 0
0.0532545 0
0.0529502 0
0.0528041 0
0.0523559 0
0.0522082 0
0.0520606 0
0.0519163 0
0.051322 0
0.0508722 0
0.0507334 0
0.0504188 0
0.0499809 0
0.0498301 0
0.0496779 0
0.0490847 0
0.0487808 0
0.0481811 0
0.0475965 0
0.0468588 0
0.0467092 0
0.0465607 0
0.0459729 0
0.0456624 0
0.045507 0
0.0447479 0
0.0446003 0
0.0444526 0
0.0441347 0
0.0435377 0
0.0432204 0
0.0430749 0
0.0426306 0
0.0424739 0
0.0423224 0
0.0417219 0
0.0412715 0
0.0411299 0
0.0406841 0
0.0405429 0
0.040395 0
0.0399524 0
0.0396425 0
0.0394925 0
0.0393443 0
0.0390307 0
0.0388773 0
0.038427 0
0.0381316 0
0.0378529 0
0.037702 0
0.0375575 0
0.0374024 0
0.0371033 0
0.0369455 0
0.0367858 0
0.0360755 0
0.0354818 0
0.0351762 0
0.0350254 0
0.0345632 0
0.0344087 0
0.0341138 0
0.033821 0
0.0336639 0
0.0332155 0
0.0326186 0
0.03246 0
0.0321768 0
0.0317546 0
0.0315973 0
0.0314509 0
0.031291 0
0.0309904 0
0.030678 0
0.0305421 0
0.0304016 0
0.0302531 0
0.029952 0
0.0297998 0
0.0295059 0
0.0293611 0
0.0292181 0
0.028918 0
0.028778 0
0.0284615 0
0.0283029 0
0.0278466 0
0.0277036 0
0.0273931 0
0.0272339 0
0.0269366 0
0.0266336 0
0.0261907 0
0.0260453 0
0.0255859 0
0.024975 0
0.0248195 0
0.0245065 0
0.0240476 0
0.0237507 0
0.0233 0
0.0231482 0
0.0230024 0
0.022852 0
0.0225413 0
0.0220933 0
0.0217924 0
0.0213555 0
0.0210706 0
0.0209183 0
0.0206276 0
0.0203263 0
0.0200184 0
0.0198706 0
0.0195732 0
0.0194374 0
0.0191206 0
0.018829 0
0.0185352 0
0.0183771 0
0.0180881 0
0.0176515 0
0.0175029 0
0.0170469 0
0.0165887 0
0.0162813 0
0.0159801 0
0.0156837 0
0.0155299 0
0.0152308 0
0.0150769 0
0.0149224 0
0.0146213 0
0.0144715 0
0.014175 0
0.0138761 0
0.0134099 0
0.0132547 0
0.0131034 0
0.0126494 0
0.0123435 0
0.0121904 0
0.0120384 0
0.0115773 0
0.0114253 0
0.0109877 0
0.0106953 0
0.0105452 0
0.0104055 0
0.0102551 0
0.00995178 0
0.00979868 0
0.00964439 0
0.00949136 0
0.00933429 0
0.00917683 0
0.00902803 0
0.00887642 0
0.00872284 0
0.00856944 0
0.00825964 0
0.00809951 0
0.00781396 0
0.00753395 0
0.00737365 0
0.00708411 0
0.00664448 0
0.0064958 0
0.00634285 0
0.00618453 0
0.00603315 0
0.00588967 0
0.00573831 0
0.00559071 0
0.00544605 0
0.00528721 0
0.00513521 0
0.00483214 0
0.00452192 0
0.00437838 0
0.00423441 0
0.00407756 0
0.00392958 0
0.00361636 0
0.00347223 0
0.00331862 0
0.00301552 0
0.00285778 0
0.00255932 0
0.00241463 0
0.00226133 0
0.00210526 0
0.0019587 0
0.0018115 0
0.00165446 0
0.00150242 0
0.00135607 0
0.00119941 0
0.000907569 0
0.000755865 0
0.000607482 0
0.000461817 0
0.000309387 0
0.000152666 0
