0.731737 2545
0.731737 2544
0.731737 2543
0.731737 2542
0.731737 2541
0.731737 2540
0.731737 2539
0.731737 2538
0.73164 2538
0.73164 2537
0.73164 2536
0.73164 2535
0.73164 2534
0.731632 2533
0.731632 2532
0.731632 2531
0.731632 2530
0.731632 2529
0.731632 2528
0.731632 2527
0.731632 2526
0.731632 2525
0.731632 2524
0.731632 2523
0.731632 2522
0.731632 2521
0.731632 2520
0.731632 2519
0.731632 2518
0.731632 2517
0.731632 2516
0.731632 2515
0.731632 2514
0.731632 2513
0.731632 2512
0.731632 2511
0.731632 2510
0.731632 2509
0.731632 2508
0.731632 2507
0.731632 2506
0.731632 2505
0.731632 2504
0.731632 2503
0.731632 2502
0.731632 2501
0.731632 2500
0.731632 2499
0.731632 2498
0.731632 2497
0.731632 2496
0.731632 2495
0.731632 2494
0.731632 2493
0.731632 2492
0.731632 2491
0.731632 2490
0.731632 2489
0.731632 2488
0.731632 2487
0.731632 2486
0.731632 2485
0.731632 2484
0.731632 2483
0.731632 2482
0.731632 2481
0.731632 2480
0.731632 2479
0.731632 2478
0.731632 2477
0.731632 2476
0.731632 2475
0.731632 2474
0.731632 2473
0.731632 2472
0.731632 2471
0.731632 2470
0.731632 2469
0.731632 2468
0.731632 2467
0.731632 2466
0.731632 2465
0.731632 2464
0.731632 2463
0.731586 2462
0.731576 2461
0.731576 2460
0.731427 2460
0.731427 2459
0.731427 2458
0.731427 2457
0.731427 2456
0.731427 2455
0.731427 2454
0.731427 2453
0.731427 2452
0.731427 2451
0.731427 2450
0.731427 2449
0.731427 2448
0.731427 2447
0.731427 2446
0.731315 2446
0.731315 2445
0.731315 2444
0.731315 2443
0.731194 2443
0.731194 2442
0.731194 2441
0.731194 2440
0.731194 2439
0.731166 2438
0.731166 2437
0.731166 2436
0.731166 2435
0.731166 2434
0.731166 2433
0.731153 2432
0.731153 2431
0.731153 2430
0.731153 2429
0.731153 2428
0.731153 2427
0.731153 2426
0.731153 2425
0.731153 2424
0.731153 2423
0.731153 2422
0.731153 2421
0.731153 2420
0.731153 2419
0.731153 2418
0.731153 2417
0.731153 2416
0.731153 2415
0.731153 2414
0.731153 2413
0.731153 2412
0.731153 2411
0.731153 2410
0.731153 2409
0.731153 2408
0.731153 2407
0.731153 2406
0.731153 2405
0.731153 2404
0.731153 2403
0.731153 2402
0.731153 2401
0.731153 2400
0.731153 2399
0.731153 2398
0.731153 2397
0.731153 2396
0.731153 2395
0.731153 2394
0.731153 2393
0.731153 2392
0.731057 2391
0.731057 2390
0.731057 2389
0.731057 2388
0.731057 2387
0.731057 2386
0.731057 2385
0.731057 2384
0.731057 2383
0.731057 2382
0.731057 2381
0.73102 2380
0.73102 2379
0.73102 2378
0.73102 2377
0.73102 2376
0.73102 2375
0.73102 2374
0.73102 2373
0.73102 2372
0.73102 2371
0.73102 2370
0.73102 2369
0.730893 2369
0.730893 2368
0.730893 2367
0.730893 2366
0.730893 2365
0.730893 2364
0.730893 2363
0.730893 2362
0.730893 2361
0.730893 2360
0.730893 2359
0.730893 2358
0.730893 2357
0.730893 2356
0.730893 2355
0.730893 2354
0.730893 2353
0.730893 2352
0.730893 2351
0.730893 2350
0.730893 2349
0.730893 2348
0.730893 2347
0.730893 2346
0.730893 2345
0.730893 2344
0.730893 2343
0.730893 2342
0.730893 2341
0.730893 2340
0.730893 2339
0.730893 2338
0.730893 2337
0.730742 2337
0.730742 2336
0.730742 2335
0.730742 2334
0.730726 2333
0.730726 2332
0.730726 2331
0.730726 2330
0.730726 2329
0.730673 2328
0.730673 2327
0.730673 2326
0.730673 2325
0.730673 2324
0.730673 2323
0.730673 2322
0.730673 2320
0.730673 2319
0.730673 2318
0.730673 2317
0.730673 2316
0.730673 2315
0.730673 2314
0.730673 2313
0.730673 2312
0.730673 2311
0.730673 2310
0.730673 2309
0.730673 2308
0.730673 2307
0.730673 2306
0.730664 2305
0.730664 2304
0.730664 2303
0.730664 2302
0.730664 2301
0.730664 2300
0.730664 2299
0.730664 2298
0.730664 2297
0.730664 2296
0.730664 2295
0.730664 2294
0.730664 2293
0.730664 2292
0.730664 2291
0.730664 2290
0.730664 2289
0.730664 2288
0.730664 2287
0.730664 2286
0.730656 2285
0.730656 2284
0.730656 2283
0.730656 2282
0.730656 2281
0.730656 2280
0.730656 2279
0.730656 2278
0.730656 2277
0.730656 2276
0.730656 2275
0.73055 2275
0.73055 2274
0.73055 2273
0.73055 2272
0.73055 2271
0.73055 2270
0.73055 2269
0.73055 2268
0.73055 2267
0.73055 2266
0.73055 2265
0.73055 2264
0.73055 2263
0.73055 2262
0.73055 2261
0.73055 2260
0.73055 2259
0.73055 2258
0.73055 2257
0.73055 2256
0.73055 2255
0.73055 2254
0.73055 2253
0.73055 2252
0.73055 2251
0.73055 2250
0.73055 2249
0.73055 2248
0.73055 2247
0.73055 2246
0.73055 2245
0.73055 2244
0.73055 2243
0.73055 2242
0.73055 2241
0.73055 2240
0.73055 2239
0.73055 2238
0.73055 2237
0.73055 2236
0.73055 2235
0.73055 2234
0.730485 2233
0.730485 2232
0.730485 2231
0.730485 2230
0.730485 2229
0.730485 2228
0.730485 2227
0.730485 2226
0.730485 2225
0.730485 2224
0.730485 2223
0.730485 2222
0.730485 2221
0.730485 2220
0.730485 2219
0.730485 2218
0.730485 2217
0.730485 2216
0.730485 2215
0.730485 2214
0.730485 2213
0.730485 2212
0.730485 2211
0.730485 2210
0.730485 2209
0.730485 2208
0.730485 2207
0.730485 2206
0.730485 2205
0.730485 2204
0.730485 2203
0.730485 2202
0.730485 2201
0.730485 2200
0.730485 2199
0.730485 2198
0.730485 2197
0.730321 2197
0.730321 2196
0.730321 2195
0.730314 2194
0.730314 2193
0.730314 2192
0.730314 2191
0.730314 2190
0.730314 2189
0.730314 2188
0.730314 2187
0.730314 2186
0.730314 2185
0.730314 2184
0.730314 2183
0.730314 2182
0.730314 2181
0.730314 2180
0.730213 2180
0.730213 2179
0.730213 2178
0.730213 2177
0.730213 2176
0.730213 2175
0.730213 2174
0.730213 2173
0.730213 2172
0.730213 2171
0.730213 2170
0.730213 2169
0.730213 2168
0.730213 2167
0.730213 2166
0.730213 2165
0.730213 2164
0.730213 2163
0.730213 2162
0.730208 2161
0.730208 2160
0.730208 2159
0.730208 2158
0.730208 2157
0.730208 2156
0.730208 2155
0.730208 2154
0.730208 2153
0.730208 2152
0.730208 2151
0.730208 2150
0.730208 2149
0.730208 2148
0.730208 2147
0.730208 2146
0.730208 2145
0.730208 2144
0.730208 2142
0.730208 2141
0.730208 2140
0.730208 2139
0.730208 2138
0.730208 2137
0.730208 2136
0.730208 2135
0.730208 2134
0.730208 2133
0.730208 2132
0.730208 2131
0.730208 2130
0.730208 2129
0.730208 2128
0.730208 2127
0.730208 2126
0.730208 2124
0.730208 2123
0.730208 2122
0.730208 2121
0.730208 2119
0.730208 2118
0.730208 2117
0.730208 2116
0.730208 2115
0.730208 2114
0.730208 2113
0.730208 2112
0.730208 2111
0.730208 2110
0.730208 2109
0.730208 2108
0.730208 2107
0.730208 2106
0.730208 2105
0.730208 2104
0.730205 2103
0.730205 2102
0.730205 2101
0.730205 2100
0.730205 2099
0.730205 2098
0.730205 2097
0.730205 2096
0.730205 2095
0.730205 2094
0.730205 2093
0.730205 2092
0.730205 2091
0.730134 2090
0.730133 2089
0.730133 2088
0.730133 2087
0.730133 2086
0.730133 2085
0.730133 2084
0.730133 2083
0.730133 2082
0.730133 2081
0.730133 2080
0.730133 2079
0.730133 2078
0.730133 2077
0.730133 2076
0.730133 2075
0.730133 2074
0.730133 2073
0.730133 2072
0.730133 2071
0.730133 2070
0.730133 2069
0.730133 2068
0.730133 2067
0.730133 2066
0.730133 2065
0.730133 2064
0.730133 2063
0.730133 2062
0.730133 2061
0.730133 2060
0.730133 2059
0.730133 2058
0.730133 2057
0.730014 2057
0.730014 2056
0.730014 2055
0.730014 2054
0.730014 2053
0.730014 2052
0.730014 2051
0.730014 2050
0.730014 2049
0.729921 2048
0.729921 2047
0.729921 2046
0.729921 2045
0.729921 2044
0.729921 2043
0.729921 2042
0.729921 2041
0.729921 2040
0.729921 2039
0.729921 2038
0.729921 2037
0.729776 2037
0.729776 2036
0.729776 2035
0.729776 2034
0.729776 2033
0.729776 2032
0.729776 2031
0.729776 2030
0.729776 2029
0.729776 2028
0.729776 2027
0.729776 2026
0.729776 2025
0.729776 2024
0.729776 2023
0.729776 2022
0.729776 2021
0.729776 2020
0.729776 2019
0.729776 2018
0.729776 2017
0.729776 2016
0.729776 2015
0.729776 2014
0.729776 2013
0.729776 2012
0.729776 2011
0.729776 2010
0.729776 2009
0.729776 2008
0.729776 2007
0.729776 2006
0.729776 2005
0.729776 2004
0.729776 2003
0.729776 2002
0.729776 2001
0.729776 2000
0.729776 1999
0.729776 1998
0.729776 1997
0.729776 1996
0.729776 1995
0.729776 1994
0.729776 1993
0.729776 1992
0.729776 1991
0.729776 1990
0.729776 1989
0.729776 1988
0.729776 1987
0.729776 1986
0.729776 1985
0.729776 1984
0.729776 1983
0.729776 1982
0.729776 1981
0.729776 1980
0.729776 1979
0.729776 1978
0.729776 1977
0.729776 1976
0.729776 1975
0.729776 1974
0.729776 1973
0.729776 1972
0.729774 1971
0.729774 1970
0.729774 1969
0.729774 1968
0.729774 1967
0.729774 1966
0.729774 1965
0.729774 1964
0.729774 1963
0.729774 1962
0.729774 1961
0.729774 1960
0.729774 1959
0.729774 1958
0.729774 1957
0.729774 1956
0.729774 1955
0.729774 1954
0.729774 1953
0.729774 1952
0.729774 1951
0.729752 1950
0.729752 1949
0.729752 1948
0.729752 1947
0.729727 1946
0.729727 1945
0.729727 1944
0.729727 1943
0.729727 1942
0.729727 1941
0.729727 1940
0.729727 1939
0.729727 1938
0.729727 1937
0.729727 1936
0.729727 1935
0.729727 1934
0.729727 1933
0.729727 1932
0.729727 1931
0.729727 1930
0.729727 1929
0.729727 1928
0.729727 1927
0.729727 1926
0.729727 1925
0.729727 1924
0.729727 1923
0.729727 1922
0.729727 1921
0.729727 1920
0.729727 1919
0.729727 1918
0.729727 1917
0.729727 1916
0.729727 1915
0.729727 1914
0.729727 1913
0.729727 1912
0.729727 1911
0.729706 1911
0.729706 1910
0.729706 1909
0.729567 1909
0.729567 1908
0.729567 1907
0.729567 1906
0.729567 1905
0.729567 1904
0.729567 1903
0.729567 1902
0.729448 1902
0.729448 1901
0.729448 1900
0.729448 1899
0.729448 1898
0.729448 1897
0.729448 1896
0.729448 1895
0.729448 1894
0.729448 1893
0.729448 1892
0.729448 1891
0.729448 1890
0.729448 1889
0.729448 1888
0.72935 1888
0.72935 1887
0.72935 1886
0.72935 1885
0.72935 1884
0.72935 1883
0.72935 1882
0.72935 1881
0.72935 1880
0.72935 1879
0.72935 1878
0.72935 1877
0.72935 1876
0.72935 1875
0.72935 1874
0.72935 1873
0.72935 1872
0.72935 1871
0.72935 1870
0.72935 1869
0.72935 1868
0.729257 1867
0.729257 1866
0.729257 1865
0.729257 1864
0.729257 1863
0.729257 1862
0.729257 1861
0.729257 1860
0.729257 1859
0.729257 1858
0.729257 1857
0.729257 1856
0.729257 1855
0.729257 1854
0.729257 1853
0.729257 1852
0.729257 1851
0.729257 1850
0.729257 1849
0.72925 1848
0.72925 1847
0.72925 1846
0.72925 1844
0.72925 1843
0.72925 1842
0.72925 1841
0.72925 1840
0.72925 1839
0.72925 1838
0.72925 1837
0.72925 1836
0.72925 1835
0.72925 1834
0.72925 1833
0.72925 1832
0.72925 1831
0.72925 1830
0.729166 1829
0.729166 1828
0.729166 1827
0.729166 1826
0.729166 1825
0.729166 1824
0.729166 1823
0.729166 1822
0.729166 1821
0.729166 1820
0.729166 1819
0.729166 1818
0.729166 1817
0.729166 1816
0.729166 1815
0.729166 1814
0.729166 1813
0.729166 1812
0.729166 1811
0.729166 1810
0.729166 1809
0.729166 1808
0.729119 1807
0.729119 1806
0.729119 1805
0.729119 1804
0.729119 1803
0.729119 1802
0.729119 1801
0.729119 1800
0.729119 1799
0.729119 1798
0.729119 1797
0.729119 1796
0.729119 1795
0.729119 1794
0.729119 1793
0.729119 1792
0.729119 1791
0.729119 1790
0.729119 1789
0.729119 1788
0.729119 1787
0.729119 1786
0.729119 1784
0.729119 1782
0.729119 1781
0.729119 1780
0.729119 1779
0.729119 1778
0.729119 1777
0.729119 1776
0.729119 1775
0.729119 1774
0.729119 1773
0.729119 1772
0.729119 1771
0.729119 1770
0.729119 1769
0.729119 1768
0.728986 1768
0.728986 1767
0.728986 1766
0.728986 1765
0.728986 1764
0.728986 1763
0.728986 1762
0.728986 1761
0.728986 1760
0.728986 1759
0.728986 1758
0.728986 1757
0.728986 1756
0.728986 1755
0.728986 1754
0.728986 1753
0.728986 1752
0.728986 1751
0.728986 1750
0.728986 1749
0.728986 1748
0.728986 1747
0.728986 1746
0.728986 1745
0.728877 1745
0.728877 1744
0.728877 1743
0.728877 1742
0.728877 1741
0.728877 1740
0.728877 1739
0.728877 1738
0.728877 1737
0.728877 1736
0.728877 1735
0.728877 1734
0.728877 1733
0.728877 1732
0.728877 1731
0.728877 1730
0.728877 1729
0.728877 1728
0.728877 1727
0.728877 1726
0.728877 1725
0.728877 1724
0.728877 1723
0.728877 1722
0.728877 1721
0.728765 1721
0.728765 1720
0.728765 1719
0.728765 1718
0.728765 1717
0.728765 1716
0.728765 1715
0.728765 1714
0.728765 1713
0.728765 1712
0.728765 1711
0.728765 1710
0.728765 1709
0.728765 1708
0.728765 1707
0.728765 1706
0.728765 1705
0.728765 1704
0.728765 1703
0.728765 1702
0.728765 1701
0.728765 1700
0.728765 1699
0.728765 1698
0.728765 1697
0.728765 1696
0.728765 1695
0.728765 1694
0.728765 1693
0.728765 1692
0.728765 1691
0.728765 1690
0.728765 1689
0.728765 1688
0.728765 1687
0.728765 1686
0.728765 1685
0.728765 1684
0.728765 1683
0.728765 1682
0.728765 1681
0.728765 1680
0.728765 1679
0.728765 1678
0.728655 1678
0.728655 1677
0.728576 1676
0.728576 1675
0.728576 1674
0.728576 1673
0.728576 1672
0.728576 1671
0.728576 1670
0.728576 1669
0.728576 1668
0.728576 1667
0.728408 1667
0.728408 1666
0.728408 1665
0.728395 1664
0.728265 1664
0.728265 1663
0.728265 1662
0.728265 1661
0.728265 1660
0.728265 1659
0.728265 1658
0.728265 1657
0.728265 1656
0.728265 1655
0.728265 1654
0.728265 1653
0.728265 1652
0.728265 1651
0.728265 1650
0.728265 1649
0.728265 1648
0.728265 1647
0.728265 1646
0.728265 1645
0.728145 1645
0.728145 1644
0.728145 1643
0.728145 1642
0.728145 1641
0.728145 1640
0.728145 1639
0.728145 1638
0.728145 1637
0.728145 1636
0.728145 1635
0.728145 1634
0.728145 1633
0.728145 1632
0.728145 1631
0.728145 1630
0.728145 1629
0.728145 1628
0.728145 1627
0.728145 1626
0.728145 1625
0.728145 1624
0.728145 1623
0.728145 1622
0.728145 1621
0.728145 1620
0.728145 1619
0.728145 1617
0.728145 1616
0.728145 1615
0.728145 1614
0.728145 1613
0.728145 1612
0.728145 1611
0.727975 1611
0.727975 1610
0.727975 1609
0.727975 1608
0.727815 1608
0.727815 1607
0.727815 1606
0.727815 1605
0.727815 1604
0.727815 1603
0.727815 1602
0.727815 1601
0.727815 1600
0.727815 1599
0.727815 1598
0.727815 1597
0.727815 1596
0.727815 1595
0.727815 1594
0.727815 1593
0.727815 1592
0.72767 1592
0.72767 1591
0.72767 1590
0.72767 1589
0.72767 1588
0.72767 1587
0.72767 1586
0.72767 1585
0.72767 1584
0.72767 1583
0.72767 1582
0.72767 1581
0.72767 1580
0.72767 1579
0.72767 1578
0.72767 1577
0.72767 1576
0.72767 1575
0.72767 1574
0.72767 1573
0.72767 1572
0.72767 1571
0.727572 1571
0.727572 1570
0.727572 1569
0.727572 1568
0.727572 1567
0.727572 1566
0.727572 1565
0.727572 1564
0.727572 1563
0.727572 1562
0.727572 1561
0.727572 1560
0.727572 1559
0.727572 1558
0.727572 1557
0.727567 1556
0.727567 1555
0.727567 1554
0.727567 1553
0.727567 1552
0.727567 1551
0.727567 1550
0.727567 1549
0.727567 1548
0.727567 1547
0.727567 1546
0.727429 1546
0.727429 1545
0.727429 1544
0.727429 1543
0.727429 1542
0.727429 1541
0.727429 1540
0.727429 1539
0.727429 1538
0.727429 1537
0.727429 1536
0.727429 1535
0.727429 1534
0.727429 1533
0.727429 1532
0.727429 1531
0.727429 1530
0.727429 1529
0.727429 1528
0.727429 1527
0.727429 1526
0.727429 1525
0.727429 1524
0.727429 1523
0.727429 1522
0.727429 1521
0.727429 1520
0.727429 1519
0.727429 1518
0.727429 1517
0.727429 1516
0.727429 1515
0.727429 1514
0.727429 1513
0.727429 1512
0.727429 1511
0.72731 1511
0.72731 1510
0.72731 1509
0.72731 1508
0.72731 1507
0.72731 1506
0.727303 1505
0.727303 1504
0.727303 1503
0.727227 1502
0.727227 1501
0.727227 1500
0.727208 1499
0.727208 1498
0.727208 1497
0.727208 1496
0.727208 1495
0.727208 1494
0.727208 1493
0.727208 1492
0.727208 1491
0.727208 1490
0.727208 1489
0.727208 1488
0.727208 1487
0.727203 1486
0.727203 1485
0.727203 1484
0.727203 1483
0.727203 1482
0.727203 1481
0.727203 1480
0.727203 1479
0.727203 1478
0.727203 1477
0.727203 1476
0.727203 1475
0.727203 1474
0.727203 1473
0.727203 1472
0.727203 1471
0.727203 1470
0.727203 1469
0.727203 1468
0.727203 1467
0.727203 1466
0.727203 1465
0.727203 1464
0.727203 1463
0.727203 1462
0.727203 1461
0.727203 1460
0.727149 1459
0.727149 1458
0.727149 1457
0.727149 1456
0.727149 1455
0.727149 1454
0.727149 1453
0.727149 1452
0.727149 1451
0.727149 1450
0.727149 1449
0.727149 1448
0.727149 1447
0.727149 1446
0.727149 1445
0.727149 1444
0.727113 1443
0.727113 1442
0.727113 1441
0.727113 1440
0.727113 1439
0.727113 1438
0.727113 1437
0.727113 1436
0.727113 1435
0.727113 1434
0.727113 1433
0.727113 1432
0.727113 1431
0.727113 1430
0.727113 1429
0.727113 1428
0.727113 1427
0.727113 1426
0.727113 1425
0.727113 1424
0.727113 1423
0.727113 1422
0.727113 1421
0.727113 1420
0.727113 1419
0.727113 1418
0.727113 1417
0.727113 1416
0.727113 1415
0.727113 1414
0.727113 1413
0.727064 1412
0.727064 1411
0.727064 1410
0.727064 1409
0.727064 1408
0.727064 1407
0.727064 1406
0.727064 1405
0.727064 1404
0.727064 1403
0.727064 1402
0.727064 1401
0.727064 1400
0.727064 1399
0.727064 1398
0.727064 1397
0.727064 1396
0.727064 1395
0.727064 1394
0.727064 1393
0.727064 1392
0.727064 1391
0.727064 1390
0.727064 1389
0.727064 1388
0.727064 1387
0.727064 1386
0.727064 1385
0.727064 1384
0.727064 1383
0.727064 1382
0.727064 1381
0.727064 1380
0.727064 1379
0.727064 1378
0.727064 1377
0.727064 1376
0.727064 1375
0.727064 1374
0.727064 1373
0.727064 1372
0.727064 1371
0.727064 1370
0.727064 1369
0.727064 1368
0.727064 1367
0.727064 1366
0.727064 1365
0.727064 1364
0.727064 1363
0.727064 1362
0.727064 1361
0.727064 1360
0.727064 1359
0.727064 1358
0.727064 1357
0.727064 1356
0.727064 1355
0.727064 1354
0.727064 1353
0.727064 1352
0.727064 1351
0.727064 1350
0.727064 1349
0.727064 1348
0.727064 1347
0.727064 1346
0.727064 1345
0.727064 1344
0.727064 1343
0.727064 1342
0.727064 1341
0.727064 1340
0.727064 1339
0.727064 1338
0.727064 1337
0.727064 1336
0.727064 1335
0.727064 1334
0.727064 1333
0.726967 1333
0.726967 1332
0.726967 1331
0.726967 1330
0.726967 1329
0.726967 1328
0.726967 1327
0.726844 1327
0.726844 1326
0.726844 1325
0.726844 1324
0.726844 1323
0.726844 1322
0.726844 1321
0.726844 1320
0.726844 1319
0.726844 1318
0.726844 1317
0.726843 1316
0.726843 1315
0.726843 1314
0.726843 1313
0.726843 1312
0.726843 1311
0.726843 1310
0.726843 1309
0.726843 1308
0.726843 1307
0.726843 1305
0.726843 1304
0.726843 1303
0.726843 1302
0.726843 1301
0.726843 1300
0.726843 1299
0.726843 1298
0.726843 1297
0.726843 1296
0.726843 1295
0.726843 1294
0.726843 1293
0.726751 1292
0.726751 1291
0.726751 1290
0.726751 1289
0.726751 1288
0.726681 1287
0.726681 1286
0.726681 1285
0.726584 1284
0.726526 1283
0.726526 1282
0.726526 1281
0.726526 1280
0.726526 1279
0.726526 1278
0.726526 1277
0.726526 1276
0.726526 1275
0.726526 1274
0.726526 1273
0.726526 1272
0.726526 1271
0.726526 1270
0.726526 1269
0.726526 1268
0.726526 1267
0.726526 1266
0.726526 1265
0.726526 1264
0.726526 1263
0.726526 1262
0.726526 1261
0.726526 1260
0.726526 1259
0.726457 1258
0.726457 1257
0.726457 1256
0.726457 1255
0.726457 1254
0.726457 1253
0.726457 1252
0.726457 1251
0.726457 1250
0.726457 1249
0.726457 1248
0.726457 1247
0.726457 1246
0.726457 1245
0.726457 1244
0.726457 1243
0.726457 1242
0.726457 1241
0.726457 1240
0.726457 1239
0.726457 1238
0.726457 1237
0.726457 1236
0.726457 1235
0.726301 1235
0.726301 1234
0.726204 1234
0.726204 1233
0.726204 1232
0.726204 1231
0.726204 1230
0.726204 1229
0.726204 1228
0.726204 1227
0.726204 1226
0.726204 1225
0.726204 1224
0.726147 1223
0.726019 1223
0.726019 1222
0.726019 1221
0.726019 1220
0.726019 1219
0.726019 1218
0.726015 1217
0.726015 1216
0.726015 1215
0.726015 1214
0.726015 1213
0.726015 1212
0.726015 1211
0.726015 1210
0.726015 1209
0.726015 1208
0.726015 1207
0.726015 1206
0.725891 1206
0.725891 1205
0.725891 1204
0.725891 1203
0.725891 1202
0.725891 1201
0.725891 1200
0.725891 1199
0.725891 1198
0.725891 1197
0.725891 1196
0.725891 1195
0.725891 1194
0.725891 1193
0.725891 1192
0.725891 1191
0.725891 1190
0.725891 1189
0.725891 1188
0.725891 1187
0.725891 1186
0.725874 1185
0.725874 1184
0.725874 1183
0.725874 1182
0.725874 1181
0.725874 1180
0.725874 1179
0.725874 1178
0.725874 1177
0.725874 1176
0.725874 1175
0.725874 1174
0.725874 1173
0.725793 1173
0.725793 1172
0.725793 1171
0.725793 1170
0.725793 1169
0.725793 1168
0.725793 1167
0.725793 1166
0.725793 1165
0.725793 1164
0.725793 1163
0.725793 1162
0.725793 1161
0.725793 1160
0.725793 1159
0.725793 1158
0.725793 1157
0.725793 1156
0.725793 1155
0.725793 1154
0.725793 1153
0.725793 1152
0.725793 1151
0.725793 1150
0.725793 1149
0.725793 1148
0.725793 1147
0.725793 1146
0.725793 1145
0.725793 1144
0.725793 1143
0.725793 1142
0.725793 1141
0.725793 1140
0.725793 1139
0.725793 1138
0.725793 1137
0.725793 1136
0.725793 1135
0.725793 1134
0.725793 1133
0.725793 1132
0.725793 1131
0.725793 1130
0.725793 1129
0.725793 1128
0.725793 1127
0.725793 1126
0.725793 1125
0.725793 1124
0.725793 1123
0.725793 1122
0.725687 1122
0.725687 1121
0.725687 1120
0.725687 1119
0.725687 1118
0.725687 1117
0.725687 1116
0.725687 1115
0.725687 1114
0.725687 1113
0.725687 1112
0.725687 1111
0.725687 1110
0.725687 1109
0.725687 1108
0.725687 1107
0.725687 1106
0.725687 1105
0.725687 1104
0.725687 1103
0.725687 1102
0.725687 1101
0.725687 1100
0.725551 1100
0.725551 1099
0.725551 1098
0.725551 1097
0.725434 1097
0.725434 1096
0.725434 1095
0.725434 1094
0.725434 1093
0.725434 1092
0.725434 1091
0.725434 1090
0.725434 1089
0.725434 1088
0.725434 1087
0.725276 1087
0.725276 1086
0.72514 1086
0.725128 1086
0.725128 1085
0.725128 1084
0.725128 1083
0.725128 1082
0.725128 1081
0.725128 1080
0.725128 1079
0.725128 1078
0.725128 1077
0.725128 1076
0.725128 1075
0.724978 1075
0.724978 1074
0.724846 1074
0.72484 1073
0.72484 1072
0.72484 1071
0.72484 1070
0.72484 1069
0.72484 1068
0.72484 1067
0.72484 1066
0.72484 1065
0.72484 1064
0.72484 1063
0.72484 1062
0.72484 1061
0.72484 1060
0.72484 1059
0.72484 1058
0.72484 1057
0.724793 1056
0.724793 1055
0.724793 1054
0.724793 1053
0.724793 1052
0.724793 1051
0.724793 1050
0.724793 1049
0.724793 1048
0.724793 1047
0.724793 1046
0.724793 1045
0.724793 1044
0.724793 1043
0.724793 1042
0.724793 1041
0.724793 1040
0.724793 1039
0.724793 1038
0.724793 1037
0.724793 1036
0.724793 1035
0.724793 1034
0.724793 1033
0.724793 1032
0.724793 1031
0.724793 1030
0.724793 1029
0.724644 1029
0.724644 1028
0.724644 1027
0.724644 1026
0.724644 1025
0.724644 1024
0.724514 1024
0.724514 1023
0.724514 1022
0.724514 1021
0.72438 1021
0.72438 1020
0.724311 1019
0.724311 1018
0.724311 1017
0.724311 1016
0.724311 1015
0.724311 1014
0.724311 1013
0.724311 1012
0.724311 1011
0.724311 1010
0.724311 1009
0.724311 1008
0.724311 1007
0.724311 1006
0.724311 1005
0.724311 1004
0.724311 1003
0.724311 1002
0.724311 1001
0.724311 1000
0.724311 999
0.724311 998
0.724311 997
0.724311 996
0.724311 995
0.724311 994
0.724311 993
0.724311 992
0.724311 991
0.724195 991
0.724195 990
0.724195 989
0.724195 988
0.724195 987
0.724195 986
0.724195 985
0.724195 984
0.724195 983
0.724089 983
0.723968 983
0.723968 982
0.723968 981
0.723968 980
0.723968 979
0.723968 978
0.723968 977
0.723968 976
0.723956 975
0.723956 974
0.723956 973
0.723956 972
0.723914 972
0.723797 972
0.723797 971
0.723797 970
0.723797 969
0.723797 968
0.723797 967
0.723797 966
0.723797 965
0.723797 964
0.723797 963
0.723797 962
0.723797 961
0.723797 960
0.723687 960
0.723687 959
0.723687 958
0.723687 957
0.723687 956
0.723687 955
0.723687 954
0.723558 954
0.723558 953
0.723558 952
0.723558 951
0.723558 950
0.723558 949
0.723558 948
0.723558 947
0.723558 946
0.723558 945
0.723558 944
0.723558 943
0.723558 942
0.723558 941
0.723558 940
0.723558 939
0.723558 938
0.723558 937
0.723558 936
0.723558 935
0.723558 934
0.723558 933
0.723558 932
0.723558 931
0.723558 930
0.723558 929
0.723558 928
0.723558 927
0.723558 926
0.723558 925
0.723558 924
0.723558 923
0.723558 922
0.723558 921
0.723552 920
0.723552 919
0.723552 918
0.723457 917
0.723457 916
0.723401 915
0.723342 914
0.723342 913
0.723342 912
0.723342 911
0.723342 910
0.723335 909
0.723335 908
0.723335 907
0.723335 906
0.723335 905
0.723335 904
0.723335 902
0.723335 901
0.723335 900
0.723335 899
0.723335 898
0.723335 897
0.723335 896
0.723335 895
0.723335 894
0.723335 893
0.723335 892
0.723335 891
0.723335 890
0.723335 889
0.723335 888
0.723335 887
0.723335 886
0.723335 885
0.723335 884
0.723188 884
0.723188 883
0.723188 882
0.723188 881
0.723079 881
0.723079 880
0.722957 880
0.722957 879
0.722957 878
0.722957 877
0.722957 876
0.722957 875
0.722957 874
0.722957 873
0.722957 872
0.722957 871
0.722957 870
0.722834 870
0.722834 869
0.722834 868
0.722834 867
0.722834 866
0.722834 865
0.722834 864
0.722834 863
0.722834 862
0.722834 861
0.722834 860
0.722834 859
0.722703 859
0.722703 858
0.722703 857
0.7226 857
0.7226 856
0.722599 855
0.722599 854
0.722599 853
0.722453 853
0.722453 852
0.722453 851
0.722453 850
0.722453 849
0.722453 848
0.722453 847
0.722346 847
0.722346 846
0.722346 845
0.722346 844
0.722346 843
0.722346 842
0.722346 841
0.722288 840
0.722288 839
0.722288 838
0.722288 837
0.722288 836
0.722288 835
0.722288 834
0.722288 833
0.722288 832
0.722131 832
0.722131 831
0.722131 830
0.722131 829
0.722131 828
0.722131 827
0.722131 826
0.722003 826
0.722003 825
0.722003 824
0.722003 823
0.722003 822
0.722003 821
0.722003 820
0.722003 819
0.722003 818
0.722003 817
0.722003 816
0.722003 815
0.722003 814
0.722003 813
0.722003 812
0.722003 811
0.722003 810
0.722003 809
0.722003 808
0.722003 807
0.722003 806
0.722003 805
0.722003 804
0.722003 803
0.722003 802
0.722003 801
0.722003 800
0.721952 799
0.721952 798
0.721952 797
0.721886 796
0.721718 796
0.721718 795
0.721718 794
0.721718 793
0.721718 792
0.721718 791
0.721638 790
0.721638 789
0.721638 788
0.721638 787
0.721638 786
0.721638 785
0.721638 784
0.721638 783
0.721638 782
0.721638 781
0.721638 780
0.721638 779
0.721638 778
0.721638 777
0.721638 776
0.721638 775
0.721638 774
0.721638 773
0.721638 772
0.721638 771
0.721505 771
0.721505 770
0.721343 770
0.721343 769
0.721219 769
0.721219 768
0.721219 767
0.721219 766
0.721219 765
0.721139 764
0.721139 763
0.721139 762
0.721139 761
0.721139 760
0.720996 760
0.720996 759
0.720996 758
0.720996 757
0.720996 756
0.720996 755
0.720961 754
0.720961 753
0.720845 753
0.720845 752
0.720845 751
0.720845 750
0.720845 749
0.720845 748
0.720845 747
0.720733 747
0.720733 746
0.720733 745
0.720733 744
0.720733 743
0.720733 742
0.720733 741
0.720733 740
0.720733 739
0.720733 738
0.720733 737
0.720733 736
0.720727 735
0.720727 734
0.720727 733
0.720727 732
0.720727 731
0.720727 730
0.720727 729
0.720727 728
0.720727 727
0.720727 726
0.720727 725
0.720727 724
0.720612 724
0.720612 723
0.720461 723
0.720457 722
0.720457 721
0.720457 720
0.720457 719
0.720457 718
0.720457 717
0.720355 717
0.720355 716
0.720355 715
0.720227 715
0.720227 714
0.720227 713
0.720227 712
0.720227 711
0.720227 710
0.720227 709
0.720227 708
0.720227 707
0.720227 706
0.720227 705
0.720227 704
0.720227 703
0.720227 702
0.720227 701
0.720227 700
0.720081 700
0.720081 699
0.720081 698
0.720081 697
0.720081 696
0.720081 695
0.719998 694
0.719905 693
0.719905 692
0.719796 692
0.719796 691
0.719796 690
0.719796 689
0.719796 688
0.719796 687
0.719793 686
0.719792 685
0.719792 684
0.719845 683
0.719845 682
0.719845 681
0.719845 680
0.719845 679
0.719845 678
0.719845 677
0.719845 676
0.719845 675
0.719845 674
0.719814 673
0.719814 672
0.719645 672
0.719607 671
0.719607 670
0.719607 669
0.719607 668
0.719607 667
0.719607 666
0.71948 666
0.71948 665
0.71948 664
0.71948 663
0.71948 662
0.719354 662
0.719258 662
0.719258 661
0.719258 660
0.719258 659
0.719126 659
0.719126 658
0.719126 657
0.719126 656
0.718997 656
0.718997 655
0.718997 654
0.718997 653
0.718969 652
0.718969 651
0.718969 650
0.718969 649
0.718969 648
0.718969 647
0.718969 646
0.718969 645
0.718969 644
0.718969 643
0.718906 642
0.718893 641
0.718893 640
0.718893 639
0.718893 638
0.718893 637
0.718893 636
0.718893 635
0.718748 635
0.718748 634
0.718748 633
0.718748 632
0.718748 631
0.718748 630
0.718748 629
0.718748 628
0.718748 627
0.718748 626
0.718748 625
0.718718 624
0.718718 623
0.718718 622
0.718718 621
0.718626 620
0.718626 619
0.718502 619
0.718502 618
0.71839 618
0.71839 617
0.71839 616
0.71839 615
0.718259 615
0.718259 614
0.718259 613
0.718194 612
0.718194 611
0.718194 610
0.718194 609
0.718194 608
0.718194 607
0.71803 607
0.71803 606
0.71803 605
0.71794 604
0.71794 603
0.71794 602
0.71794 601
0.71794 600
0.71794 599
0.717849 598
0.717849 597
0.717849 596
0.717849 595
0.717849 594
0.717849 593
0.717849 592
0.717849 591
0.717849 590
0.717849 589
0.717712 589
0.717712 588
0.717712 587
0.717712 586
0.717712 585
0.717712 584
0.717712 583
0.717712 582
0.717712 581
0.717585 581
0.717585 580
0.717585 579
0.717585 578
0.717585 577
0.717551 576
0.717551 575
0.717551 574
0.717551 573
0.717551 572
0.717551 571
0.717551 570
0.717551 569
0.717551 568
0.717551 567
0.717551 566
0.717551 565
0.717551 564
0.717551 563
0.717551 562
0.717551 561
0.717551 560
0.717551 559
0.717551 558
0.717551 557
0.717412 557
0.717412 556
0.717412 555
0.717259 555
0.717259 554
0.717131 554
0.717131 553
0.717131 552
0.717131 551
0.717131 549
0.717131 548
0.717002 548
0.717001 547
0.717001 546
0.717001 545
0.717001 544
0.717001 543
0.717001 542
0.717001 541
0.717001 540
0.717001 539
0.717001 538
0.717001 537
0.717001 536
0.717001 535
0.717001 534
0.717001 533
0.717001 532
0.717001 531
0.717001 530
0.717001 529
0.717001 528
0.717001 527
0.717001 526
0.716998 525
0.716998 524
0.716998 523
0.716998 522
0.716998 521
0.716774 521
0.716774 520
0.716774 519
0.716774 518
0.716774 517
0.716704 516
0.716704 515
0.716704 514
0.716704 513
0.716704 512
0.716704 511
0.716704 510
0.716704 509
0.716704 508
0.716588 508
0.716467 508
0.716467 507
0.716467 506
0.716467 505
0.716467 504
0.716467 503
0.716351 503
0.716351 502
0.716351 501
0.716222 501
0.716222 500
0.716222 499
0.716222 498
0.716222 497
0.716086 497
0.716086 496
0.716086 495
0.716086 494
0.716086 493
0.716086 492
0.716086 490
0.715982 490
0.715982 489
0.715982 488
0.715982 487
0.71585 487
0.71585 486
0.71585 485
0.71585 484
0.71585 483
0.71585 482
0.71585 481
0.71585 480
0.71585 479
0.715679 479
0.715513 479
0.715513 478
0.715513 477
0.715513 476
0.715513 475
0.715513 474
0.715375 474
0.715375 473
0.715375 472
0.715375 471
0.715375 470
0.715375 469
0.715375 468
0.715375 467
0.715375 466
0.715375 465
0.715375 464
0.715375 463
0.715375 462
0.715375 461
0.715375 460
0.7152 460
0.715023 460
0.715023 459
0.714878 459
0.714878 458
0.714876 457
0.714876 456
0.714876 455
0.714876 454
0.714876 453
0.714876 452
0.714876 451
0.714876 450
0.714821 449
0.714821 448
0.714821 447
0.714821 446
0.71467 446
0.71467 445
0.71467 444
0.71467 443
0.71467 442
0.71467 441
0.71467 440
0.71467 439
0.71467 438
0.71467 437
0.71467 436
0.71467 435
0.71467 434
0.714552 434
0.714552 433
0.714552 432
0.714552 431
0.714552 430
0.714552 429
0.714552 428
0.714552 427
0.714435 427
0.714435 426
0.714368 425
0.714213 425
0.714213 424
0.714213 423
0.714213 422
0.714213 421
0.714213 420
0.714213 419
0.714213 418
0.714213 417
0.714213 416
0.714213 415
0.714213 414
0.714084 414
0.713936 414
0.713936 413
0.713936 412
0.713936 411
0.713936 410
0.713936 409
0.713936 408
0.713936 407
0.713936 406
0.713936 405
0.713936 404
0.713936 403
0.713936 402
0.713936 401
0.713841 400
0.713841 399
0.713704 399
0.713704 398
0.713704 397
0.713704 396
0.713704 395
0.713704 394
0.713704 393
0.713704 392
0.713639 391
0.713639 390
0.713639 389
0.713639 388
0.713639 387
0.713639 386
0.713639 385
0.713639 384
0.713639 383
0.713639 382
0.713639 381
0.713639 380
0.713639 379
0.713639 378
0.713639 377
0.713523 377
0.713523 376
0.713523 375
0.713523 374
0.713523 373
0.713523 372
0.713383 372
0.713217 372
0.713063 372
0.713063 371
0.713063 370
0.713063 369
0.713063 368
0.712935 368
0.712935 367
0.712935 366
0.712935 365
0.712935 364
0.712924 363
0.712924 362
0.712924 361
0.712924 360
0.712924 359
0.712845 358
0.712845 357
0.712845 356
0.712845 355
0.712684 355
0.712543 355
0.712386 355
0.712386 354
0.712235 354
0.712235 353
0.712235 352
0.712118 352
0.711995 352
0.711995 351
0.711995 350
0.711995 349
0.711995 348
0.711832 348
0.711832 347
0.711832 346
0.711832 345
0.71169 345
0.71169 344
0.711574 344
0.711574 343
0.711574 342
0.711574 341
0.711574 340
0.711574 339
0.71144 339
0.71144 338
0.711291 338
0.711291 337
0.711291 336
0.711291 335
0.711291 334
0.711119 334
0.711119 333
0.711119 332
0.711119 331
0.711119 330
0.710974 330
0.710974 329
0.710974 328
0.710828 328
0.7107 328
0.7107 327
0.7107 326
0.7107 325
0.7107 324
0.7107 323
0.7107 322
0.7107 321
0.7107 320
0.7107 319
0.7107 318
0.7107 317
0.7107 316
0.7107 315
0.7107 314
0.7107 313
0.7107 312
0.7107 311
0.7107 310
0.710561 310
0.710561 309
0.710468 308
0.710468 307
0.710458 306
0.710458 305
0.710458 304
0.710339 304
0.710339 303
0.710339 302
0.710339 301
0.710339 300
0.710217 300
0.710217 299
0.710092 299
0.710092 298
0.709939 298
0.709833 298
0.709833 297
0.709833 296
0.709833 295
0.709673 295
0.709673 294
0.709673 293
0.709673 292
0.709673 291
0.709673 290
0.709561 290
0.709422 290
0.709422 289
0.709422 288
0.709422 287
0.709422 286
0.709422 285
0.709422 284
0.709422 283
0.709422 282
0.70926 282
0.70926 281
0.709105 281
0.708975 281
0.708975 280
0.708813 280
0.708813 279
0.708813 278
0.708716 278
0.708716 277
0.708716 276
0.708716 275
0.708566 275
0.708566 274
0.708566 273
0.708566 272
0.708566 271
0.708407 271
0.708407 270
0.708407 269
0.708256 269
0.708256 268
0.708256 267
0.708256 266
0.708256 265
0.708256 264
0.708093 264
0.708093 263
0.708044 262
0.708044 261
0.708044 260
0.708044 259
0.708044 258
0.707893 258
0.707893 257
0.70783 256
0.70783 255
0.707687 255
0.707687 254
0.707687 253
0.707687 252
0.707653 251
0.707653 250
0.707653 249
0.707653 248
0.707494 248
0.707494 247
0.707494 246
0.707494 245
0.707494 244
0.707374 244
0.707374 243
0.70728 242
0.70714 242
0.70714 241
0.70714 240
0.707019 240
0.707018 239
0.707018 238
0.707018 237
0.706868 237
0.706715 237
0.706715 236
0.706715 235
0.706715 234
0.706622 233
0.706622 232
0.706622 231
0.706509 231
0.706509 230
0.706509 229
0.706389 229
0.706257 229
0.706257 228
0.706257 227
0.706257 226
0.706257 225
0.706257 224
0.706257 223
0.706257 222
0.706257 221
0.706257 220
0.706093 220
0.706093 219
0.706093 218
0.705933 218
0.705933 217
0.705933 216
0.705809 216
0.705809 215
0.705809 214
0.705809 213
0.705809 212
0.705683 212
0.705559 212
0.705559 211
0.705432 211
0.705298 211
0.705298 210
0.705139 210
0.705139 209
0.705139 208
0.705139 207
0.704976 207
0.70485 207
0.70485 206
0.70485 205
0.70485 204
0.704703 204
0.704703 203
0.704703 202
0.704703 201
0.704584 201
0.704584 200
0.704584 199
0.704584 198
0.704457 198
0.704359 198
0.704359 197
0.704359 196
0.704359 195
0.704359 194
0.704359 193
0.704216 193
0.704216 192
0.704083 192
0.704083 191
0.703936 191
0.703798 191
0.703645 191
0.703645 190
0.703645 189
0.703645 188
0.703512 188
0.703393 188
0.703393 187
0.703269 187
0.703269 186
0.703257 185
0.703257 184
0.703127 184
0.703044 183
0.702877 183
0.702877 182
0.702722 182
0.702722 181
0.702722 180
0.702722 179
0.702722 178
0.702722 177
0.702722 176
0.702595 176
0.702595 175
0.702595 174
0.702468 174
0.702468 173
0.70233 173
0.70233 172
0.702218 172
0.702218 171
0.702051 171
0.701945 171
0.701945 170
0.701945 169
0.701842 169
0.701763 168
0.701763 167
0.701763 166
0.701763 165
0.701763 164
0.701763 163
0.701763 162
0.701763 161
0.701763 160
0.701763 159
0.701695 158
0.701695 157
0.701695 156
0.701695 155
0.701695 154
0.701695 153
0.701695 152
0.701588 152
0.701588 151
0.701588 150
0.701588 149
0.701541 149
0.701404 149
0.701283 149
0.701173 149
0.701173 148
0.701064 148
0.701064 147
0.701064 146
0.700944 146
0.700853 145
0.700853 144
0.700853 143
0.700853 142
0.700694 142
0.700557 142
0.700557 141
0.700557 140
0.700557 139
0.700413 139
0.700413 138
0.700413 137
0.700338 136
0.700222 136
0.700093 136
0.699969 136
0.699932 135
0.699932 134
0.699932 133
0.699765 133
0.699765 132
0.69966 132
0.699502 132
0.699345 132
0.699345 131
0.699345 130
0.699345 129
0.699345 128
0.699179 128
0.699028 128
0.699028 127
0.699028 126
0.698965 125
0.698965 124
0.698965 123
0.698965 122
0.698965 121
0.698965 120
0.698826 120
0.698826 119
0.698673 119
0.698673 118
0.698673 117
0.698673 116
0.698571 116
0.698463 116
0.698325 116
0.698325 115
0.698325 114
0.69819 114
0.698034 114
0.698034 113
0.697916 113
0.697775 113
0.697689 112
0.697539 112
0.697539 111
0.697395 111
0.697301 110
0.697301 109
0.697142 109
0.697142 108
0.696994 108
0.696994 107
0.696994 106
0.696871 106
0.696871 105
0.696871 104
0.696871 103
0.696871 102
0.696871 101
0.696871 100
0.696725 100
0.696575 100
0.696575 99
0.696575 98
0.696409 98
0.696299 98
0.696299 97
0.696173 97
0.696092 96
0.696092 95
0.696092 94
0.695925 94
0.695925 93
0.695797 93
0.695689 93
0.69563 92
0.695524 92
0.695524 91
0.695439 90
0.695362 89
0.695362 88
0.695362 87
0.695237 87
0.695107 87
0.695107 86
0.694965 86
0.694965 85
0.694965 84
0.69482 84
0.694714 84
0.694578 84
0.694443 84
0.694284 84
0.694146 84
0.694146 83
0.694004 83
0.693887 83
0.693887 82
0.693755 82
0.693623 82
0.693516 82
0.693516 81
0.693391 81
0.693367 80
0.693211 80
0.693211 79
0.693211 78
0.693062 78
0.69295 78
0.6928 78
0.692674 78
0.692674 77
0.692556 77
0.692556 76
0.692408 76
0.692336 75
0.692219 75
0.692219 74
0.692087 74
0.692004 73
0.692004 72
0.691844 72
0.691716 72
0.691716 71
0.691716 70
0.691583 70
0.691428 70
0.691428 69
0.691281 69
0.691137 69
0.691016 69
0.690888 69
0.6908 68
0.690681 68
0.690536 68
0.690536 67
0.69043 67
0.690297 67
0.690139 67
0.689991 67
0.689847 67
0.689847 66
0.689757 65
0.689757 64
0.689645 64
0.689518 64
0.689393 64
0.689287 64
0.68914 64
0.689039 64
0.68891 64
0.688768 64
0.688636 64
0.688499 64
0.688386 64
0.688386 63
0.688238 63
0.688077 63
0.688077 62
0.688077 61
0.687961 61
0.687797 61
0.687657 61
0.687533 61
0.687533 60
0.687403 60
0.687272 60
0.687272 59
0.687132 59
0.68697 59
0.686882 58
0.686882 57
0.68675 57
0.686614 57
0.68646 57
0.68646 56
0.686317 56
0.686148 56
0.686042 56
0.685879 56
0.685729 56
0.685596 56
0.68548 56
0.685377 56
0.685218 56
0.685063 56
0.684926 56
0.684789 56
0.684642 56
0.684549 55
0.684549 54
0.684407 54
0.684304 54
0.684169 54
0.684046 54
0.683892 54
0.683782 54
0.683782 53
0.683648 53
0.683516 53
0.683394 53
0.683267 53
0.683146 53
0.683013 53
0.682871 53
0.682871 52
0.682698 52
0.682546 52
0.682381 52
0.682249 52
0.682151 52
0.682014 52
0.682014 51
0.681865 51
0.681748 51
0.681655 50
0.681515 50
0.681398 50
0.681235 50
0.681122 50
0.680967 50
0.680841 50
0.6807 50
0.680594 50
0.680469 50
0.680345 50
0.680208 50
0.680072 50
0.679922 50
0.679771 50
0.679771 49
0.679771 48
0.6796 48
0.679439 48
0.679439 47
0.679335 47
0.67919 47
0.679041 47
0.678885 47
0.678885 46
0.678885 45
0.678749 45
0.678601 45
0.678447 45
0.678333 45
0.678269 44
0.678108 44
0.677953 44
0.677805 44
0.677672 44
0.677538 44
0.677409 44
0.677255 44
0.6771 44
0.676973 44
0.676885 43
0.676743 43
0.676629 43
0.676565 42
0.676441 42
0.676312 42
0.676158 42
0.676016 42
0.675871 42
0.675871 41
0.675766 41
0.675603 41
0.675461 41
0.675304 41
0.675207 40
0.675057 40
0.6749 40
0.674792 40
0.674686 40
0.674546 40
0.674546 39
0.674433 39
0.674321 39
0.674185 39
0.674185 38
0.674057 38
0.673886 38
0.673726 38
0.67359 38
0.673462 38
0.673317 38
0.673181 38
0.673062 38
0.672888 38
0.672888 37
0.672759 37
0.672759 36
0.672609 36
0.672457 36
0.672297 36
0.672179 36
0.672079 36
0.672079 35
0.67193 35
0.671799 35
0.671694 35
0.671606 34
0.671606 33
0.671473 33
0.671328 33
0.671181 33
0.671025 33
0.670903 33
0.670761 33
0.670761 32
0.670761 31
0.670621 31
0.670475 31
0.670475 30
0.670295 30
0.670177 30
0.670074 30
0.669933 30
0.669787 30
0.669647 30
0.669647 29
0.669521 29
0.66938 29
0.669237 29
0.669096 29
0.668934 29
0.6688 29
0.668662 29
0.668565 28
0.668424 28
0.668306 28
0.668157 28
0.668018 28
0.667851 28
0.667692 28
0.667585 28
0.66744 28
0.667306 28
0.667158 28
0.667015 28
0.66686 28
0.666722 28
0.66658 28
0.666424 28
0.666273 28
0.666273 27
0.66613 27
0.665969 27
0.665822 27
0.665701 27
0.66555 27
0.66555 26
0.665395 26
0.665234 26
0.665083 26
0.664982 26
0.664826 26
0.664671 26
0.664671 25
0.664516 25
0.664398 25
0.66425 25
0.664077 25
0.663947 25
0.663805 25
0.663665 25
0.663519 25
0.663363 25
0.663251 25
0.663111 25
0.663005 25
0.662861 25
0.662861 24
0.662692 24
0.662525 24
0.662396 24
0.662234 24
0.662097 24
0.661949 24
0.661785 24
0.661667 24
0.661667 23
0.661523 23
0.661523 22
0.661385 22
0.66124 22
0.661085 22
0.660968 22
0.660857 22
0.660715 22
0.660565 22
0.660403 22
0.660254 22
0.660097 22
0.659949 22
0.659814 22
0.659668 22
0.659504 22
0.659504 21
0.659371 21
0.659213 21
0.659061 21
0.658789 21
0.658789 20
0.658789 19
0.65864 19
0.658459 19
0.658328 19
0.65819 19
0.658063 19
0.658063 18
0.657918 18
0.657795 18
0.657682 18
0.65755 18
0.657453 18
0.657303 18
0.657168 18
0.657023 18
0.656903 18
0.656754 18
0.65661 18
0.656461 18
0.656331 18
0.656231 18
0.656083 18
0.655943 18
0.655778 18
0.655609 18
0.655451 18
0.655321 18
0.655178 18
0.655088 17
0.655088 16
0.654931 16
0.654801 16
0.654666 16
0.654527 16
0.654389 16
0.65427 16
0.65427 15
0.654117 15
0.653964 15
0.653821 15
0.653666 15
0.653521 15
0.653382 15
0.653232 15
0.65305 15
0.652929 15
0.652929 14
0.652787 14
0.652642 14
0.652497 14
0.652361 14
0.652197 14
0.652197 13
0.652049 13
0.651912 13
0.651766 13
0.651643 13
0.651506 13
0.651339 13
0.651198 13
0.651048 13
0.650889 13
0.650739 13
0.650601 13
0.65046 13
0.650305 13
0.650157 13
0.65004 13
0.649885 13
0.649729 13
0.649552 13
0.649395 13
0.649226 13
0.649079 13
0.648954 13
0.648804 13
0.648654 13
0.648536 13
0.648404 13
0.64825 13
0.648095 13
0.647931 13
0.647821 13
0.647667 13
0.647544 13
0.647419 13
0.647419 12
0.647295 12
0.64715 12
0.64702 12
0.646892 12
0.646774 12
0.646654 12
0.646516 12
0.646366 12
0.646231 12
0.64609 12
0.645962 12
0.645825 12
0.645671 12
0.645531 12
0.645377 12
0.645255 12
0.645111 12
0.644969 12
0.644826 12
0.644683 12
0.644532 12
0.644387 12
0.64425 12
0.644114 12
0.643967 12
0.643798 12
0.643798 11
0.643798 10
0.643629 10
0.643475 10
0.643321 10
0.643144 10
0.64301 10
0.642874 10
0.642748 10
0.642613 10
0.642465 10
0.642319 10
0.642167 10
0.642034 10
0.64188 10
0.641751 10
0.641619 10
0.641508 10
0.641386 10
0.641254 10
0.641099 10
0.640953 10
0.640805 10
0.640643 10
0.64048 10
0.640324 10
0.640198 10
0.640042 10
0.639904 10
0.639904 9
0.639739 9
0.639589 9
0.639447 9
0.639291 9
0.639138 9
0.638999 9
0.638868 9
0.638734 9
0.638603 9
0.638461 9
0.638312 9
0.638173 9
0.638029 9
0.637913 9
0.637913 8
0.637753 8
0.637592 8
0.637455 8
0.637287 8
0.637135 8
0.636993 8
0.636829 8
0.636669 8
0.636529 8
0.636375 8
0.636222 8
0.636075 8
0.635925 8
0.635779 8
0.635657 8
0.635517 8
0.635368 8
0.635212 8
0.635065 8
0.634926 8
0.634814 8
0.634675 8
0.634513 8
0.634366 8
0.634228 8
0.634089 8
0.633956 8
0.633827 8
0.633686 8
0.633532 8
0.63339 8
0.633132 8
0.633 8
0.632856 8
0.632704 8
0.632561 8
0.632425 8
0.632279 8
0.632133 8
0.632007 8
0.631893 8
0.631741 8
0.631586 8
0.631437 8
0.631326 8
0.631188 8
0.631039 8
0.630886 8
0.63073 8
0.630575 8
0.630463 8
0.630321 8
0.63018 8
0.630039 8
0.629909 8
0.629763 8
0.629591 8
0.629414 8
0.629251 8
0.629097 8
0.628968 8
0.628802 8
0.628651 8
0.628496 8
0.628338 8
0.628205 8
0.628079 8
0.627923 8
0.627774 8
0.627611 8
0.627454 8
0.627297 8
0.627167 8
0.627023 8
0.626874 8
0.626717 8
0.626567 8
0.626567 7
0.626397 7
0.626265 7
0.626121 7
0.625971 7
0.625852 7
0.625719 7
0.625621 7
0.62548 7
0.625353 7
0.625194 7
0.625047 7
0.624906 7
0.624762 7
0.62463 7
0.624444 7
0.62428 7
0.624125 7
0.623998 7
0.623863 7
0.623709 7
0.623709 6
0.623555 6
0.623439 6
0.62329 6
0.623189 6
0.623059 6
0.622908 6
0.622754 6
0.622618 6
0.622466 6
0.622325 6
0.622155 6
0.621996 6
0.62185 6
0.621701 6
0.62154 6
0.621388 6
0.621226 6
0.621086 6
0.620926 6
0.620778 6
0.620625 6
0.620494 6
0.620319 6
0.620191 6
0.620062 6
0.61993 6
0.619769 6
0.619601 6
0.619462 6
0.619329 6
0.61917 6
0.619014 6
0.618854 6
0.6187 6
0.61855 6
0.618434 6
0.618276 6
0.618118 6
0.618 6
0.617846 6
0.617731 6
0.617591 6
0.61748 6
0.617322 6
0.617194 6
0.617055 6
0.616914 6
0.616759 6
0.616629 6
0.616467 6
0.616311 6
0.616185 6
0.61604 6
0.615884 6
0.615712 6
0.615593 6
0.615431 6
0.615286 6
0.615142 6
0.614996 6
0.614853 6
0.614691 6
0.614526 6
0.61435 6
0.614193 6
0.61403 6
0.6139 6
0.613737 6
0.6136 6
0.613443 6
0.613281 6
0.613136 6
0.612986 6
0.61285 6
0.612707 6
0.612542 6
0.612391 6
0.612248 6
0.612112 6
0.611987 6
0.611829 6
0.611679 6
0.611551 6
0.611392 6
0.611262 6
0.611092 6
0.610929 6
0.610778 6
0.610633 6
0.610458 6
0.610297 6
0.610124 6
0.609964 6
0.609834 6
0.609678 6
0.609505 6
0.609353 6
0.609197 6
0.609056 6
0.608904 6
0.608777 6
0.608636 6
0.608497 6
0.608366 6
0.608196 6
0.608046 6
0.607894 6
0.60773 6
0.607553 6
0.60743 6
0.607262 6
0.607103 6
0.606972 6
0.606825 6
0.606703 6
0.606703 5
0.606587 5
0.606419 5
0.606247 5
0.606105 5
0.605941 5
0.605793 5
0.605628 5
0.605476 5
0.605334 5
0.605167 5
0.604996 5
0.604838 5
0.6047 5
0.604539 5
0.604409 5
0.604245 5
0.604094 5
0.603955 5
0.603814 5
0.603671 5
0.60352 5
0.603362 5
0.60322 5
0.60289 5
0.602731 5
0.602578 5
0.60241 5
0.602267 5
0.602095 5
0.60197 5
0.601825 5
0.601654 5
0.601493 5
0.601348 5
0.601199 5
0.601068 5
0.600923 5
0.600755 5
0.600614 5
0.600456 5
0.600302 5
0.600154 5
0.600011 5
0.599863 5
0.599729 5
0.599563 5
0.599428 5
0.599286 5
0.599144 5
0.598981 5
0.598826 5
0.598672 5
0.598525 5
0.598366 5
0.598215 5
0.598078 5
0.597932 5
0.597783 5
0.597629 5
0.597482 5
0.597319 5
0.597152 5
0.596999 5
0.596822 5
0.596661 5
0.596528 5
0.596369 5
0.596211 5
0.596092 5
0.595931 5
0.595779 5
0.595642 5
0.595498 5
0.595337 5
0.595181 5
0.595041 5
0.594889 5
0.59475 5
0.594652 5
0.594503 5
0.594347 5
0.594193 5
0.59404 5
0.593892 5
0.59373 5
0.59358 5
0.593421 5
0.593272 5
0.593151 5
0.593015 5
0.592858 5
0.592858 4
0.592725 4
0.592601 4
0.592463 4
0.592337 4
0.592207 4
0.592036 4
0.591903 4
0.591761 4
0.591606 4
0.591445 4
0.591138 4
0.591011 4
0.590851 4
0.590703 4
0.59056 4
0.590402 4
0.590259 4
0.590117 4
0.589984 4
0.589829 4
0.589669 4
0.589531 4
0.58938 4
0.589237 4
0.589081 4
0.588922 4
0.588784 4
0.588609 4
0.588467 4
0.588328 4
0.58815 4
0.58815 3
0.588004 3
0.587847 3
0.587735 3
0.587562 3
0.58741 3
0.587242 3
0.587074 3
0.586928 3
0.586783 3
0.586614 2
0.586445 2
0.586294 2
0.586148 2
0.586012 2
0.585862 2
0.585535 2
0.585389 2
0.58526 2
0.585149 2
0.584831 2
0.584698 2
0.584542 2
0.584375 2
0.584221 2
0.58407 2
0.583922 2
0.583756 2
0.583609 2
0.583453 2
0.583304 2
0.583155 2
0.583015 2
0.582856 2
0.582704 2
0.58256 2
0.582402 2
0.582253 2
0.582091 2
0.581788 2
0.581631 2
0.581475 2
0.581327 2
0.581187 2
0.581037 2
0.581037 1
0.580874 1
0.580711 1
0.58057 1
0.580409 1
0.58024 1
0.580081 1
0.57994 1
0.579775 1
0.579635 1
0.579471 1
0.579339 1
0.579176 1
0.579032 1
0.57887 1
0.57871 1
0.57856 1
0.578397 1
0.578281 1
0.578116 1
0.577952 1
0.577636 1
0.577524 1
0.57737 1
0.577232 1
0.577097 1
0.576936 1
0.576791 1
0.576635 1
0.576472 1
0.576312 1
0.576158 1
0.576001 1
0.575846 1
0.575706 1
0.575558 1
0.575399 1
0.575246 1
0.575081 1
0.574936 1
0.574792 1
0.574647 1
0.574484 1
0.574328 1
0.57417 1
0.574022 1
0.573867 1
0.573724 1
0.573571 1
0.573442 1
0.57329 1
0.573136 1
0.572981 1
0.572847 1
0.572687 1
0.572541 1
0.572377 1
0.57222 1
0.571933 1
0.571762 1
0.57161 1
0.57144 1
0.571293 1
0.571174 1
0.571026 1
0.570854 1
0.570687 1
0.570551 1
0.570389 1
0.57025 1
0.570082 1
0.569761 1
0.5696 1
0.569425 1
0.569274 1
0.569143 1
0.568979 1
0.56884 1
0.568682 1
0.568519 1
0.568376 1
0.568223 1
0.568073 1
0.567758 1
0.567758 0
0.567631 0
0.567462 0
0.567324 0
0.567015 0
0.56686 0
0.566725 0
0.566585 0
0.566285 0
0.56613 0
0.565972 0
0.565826 0
0.565679 0
0.565537 0
0.565262 0
0.565113 0
0.564957 0
0.56481 0
0.564686 0
0.564542 0
0.564376 0
0.56421 0
0.564052 0
0.563899 0
0.563743 0
0.563605 0
0.563458 0
0.563304 0
0.563167 0
0.562844 0
0.562696 0
0.562536 0
0.562374 0
0.562238 0
0.562081 0
0.561913 0
0.561745 0
0.561597 0
0.561439 0
0.561267 0
0.56112 0
0.560947 0
0.560803 0
0.560656 0
0.560502 0
0.560343 0
0.560194 0
0.560038 0
0.559911 0
0.559752 0
0.559615 0
0.559473 0
0.559328 0
0.559166 0
0.558728 0
0.558581 0
0.558417 0
0.558256 0
0.558098 0
0.557947 0
0.557787 0
0.557628 0
0.557482 0
0.557331 0
0.557162 0
0.557024 0
0.556897 0
0.55673 0
0.556594 0
0.556433 0
0.556143 0
0.555992 0
0.555846 0
0.555703 0
0.555545 0
0.555412 0
0.555262 0
0.555087 0
0.554908 0
0.554739 0
0.554573 0
0.554431 0
0.554297 0
0.554156 0
0.553997 0
0.553841 0
0.55369 0
0.553531 0
0.553217 0
0.553067 0
0.552927 0
0.552757 0
0.552595 0
0.552447 0
0.552283 0
0.552125 0
0.551976 0
0.551836 0
0.551697 0
0.551534 0
0.551386 0
0.551229 0
0.551083 0
0.550951 0
0.550801 0
0.550659 0
0.550503 0
0.550204 0
0.550066 0
0.549924 0
0.54977 0
0.549624 0
0.549485 0
0.549321 0
0.549168 0
0.54901 0
0.548873 0
0.54873 0
0.548579 0
0.548427 0
0.548312 0
0.548171 0
0.548016 0
0.547839 0
0.547692 0
0.547538 0
0.547246 0
0.546821 0
0.546639 0
0.546487 0
0.546343 0
0.546182 0
0.54604 0
0.545904 0
0.545745 0
0.545577 0
0.545445 0
0.545299 0
0.545153 0
0.544844 0
0.544523 0
0.544361 0
0.544206 0
0.544069 0
0.543899 0
0.543738 0
0.543574 0
0.543425 0
0.543255 0
0.543093 0
0.54292 0
0.542762 0
0.542604 0
0.542456 0
0.542277 0
0.542118 0
0.541969 0
0.541809 0
0.541665 0
0.541504 0
0.541352 0
0.541188 0
0.541042 0
0.540872 0
0.540708 0
0.540566 0
0.540412 0
0.540282 0
0.54002 0
0.539882 0
0.539748 0
0.539592 0
0.539443 0
0.53931 0
0.539159 0
0.538999 0
0.538845 0
0.538717 0
0.538586 0
0.538428 0
0.538109 0
0.537951 0
0.537815 0
0.537671 0
0.537516 0
0.537364 0
0.537219 0
0.537081 0
0.536916 0
0.53675 0
0.536596 0
0.536431 0
0.536283 0
0.536132 0
0.535971 0
0.535811 0
0.535639 0
0.535343 0
0.535185 0
0.535043 0
0.534745 0
0.534595 0
0.534433 0
0.534274 0
0.534101 0
0.533967 0
0.533814 0
0.533666 0
0.533368 0
0.533184 0
0.533033 0
0.532875 0
0.532748 0
0.532583 0
0.532443 0
0.532143 0
0.531987 0
0.531695 0
0.53137 0
0.531216 0
0.531052 0
0.530895 0
0.530746 0
0.530442 0
0.529966 0
0.529807 0
0.529675 0
0.529533 0
0.529383 0
0.529212 0
0.529056 0
0.528903 0
0.52875 0
0.528609 0
0.528474 0
0.528339 0
0.528181 0
0.528031 0
0.527875 0
0.527702 0
0.527377 0
0.527226 0
0.527068 0
0.526933 0
0.526781 0
0.526628 0
0.526458 0
0.526313 0
0.526162 0
0.525995 0
0.525838 0
0.525534 0
0.525368 0
0.525194 0
0.525047 0
0.524883 0
0.52471 0
0.524581 0
0.524419 0
0.524274 0
0.52412 0
0.523967 0
0.523807 0
0.523623 0
0.523452 0
0.523311 0
0.523151 0
0.522981 0
0.522827 0
0.522666 0
0.522533 0
0.522377 0
0.522211 0
0.522081 0
0.521927 0
0.52177 0
0.521608 0
0.521441 0
0.521304 0
0.521168 0
0.521026 0
0.520878 0
0.520736 0
0.520589 0
0.52027 0
0.520107 0
0.519949 0
0.519504 0
0.51934 0
0.519191 0
0.519063 0
0.518912 0
0.518761 0
0.518603 0
0.51845 0
0.518287 0
0.518134 0
0.517665 0
0.517516 0
0.517377 0
0.517247 0
0.517112 0
0.516974 0
0.516653 0
0.516496 0
0.516359 0
0.516214 0
0.516063 0
0.515894 0
0.515747 0
0.515612 0
0.515447 0
0.515289 0
0.515127 0
0.514969 0
0.514669 0
0.514532 0
0.514398 0
0.514237 0
0.514073 0
0.5139 0
0.513741 0
0.513595 0
0.513474 0
0.513155 0
0.51301 0
0.512715 0
0.512559 0
0.512421 0
0.512258 0
0.512103 0
0.511971 0
0.511828 0
0.511665 0
0.511516 0
0.511366 0
0.511195 0
0.511051 0
0.51089 0
0.510737 0
0.510562 0
0.510417 0
0.510251 0
0.510101 0
0.509938 0
0.509781 0
0.509638 0
0.509482 0
0.509328 0
0.509165 0
0.509013 0
0.508869 0
0.508725 0
0.508436 0
0.508278 0
0.508138 0
0.50798 0
0.507822 0
0.507696 0
0.507562 0
0.507404 0
0.507254 0
0.507099 0
0.506936 0
0.506781 0
0.506624 0
0.50647 0
0.506338 0
0.506181 0
0.506011 0
0.505861 0
0.505709 0
0.505573 0
0.505432 0
0.505263 0
0.505108 0
0.504812 0
0.504327 0
0.504001 0
0.503871 0
0.503726 0
0.503586 0
0.503422 0
0.503275 0
0.503116 0
0.502956 0
0.502801 0
0.502642 0
0.502477 0
0.502315 0
0.502172 0
0.502037 0
0.501905 0
0.501741 0
0.501609 0
0.501464 0
0.501313 0
0.501148 0
0.500972 0
0.500824 0
0.500662 0
0.500514 0
0.500362 0
0.500206 0
0.500043 0
0.499903 0
0.499766 0
0.499614 0
0.499464 0
0.499296 0
0.499156 0
0.499 0
0.498848 0
0.498717 0
0.498557 0
0.498413 0
0.498245 0
0.498099 0
0.497955 0
0.497804 0
0.497685 0
0.497536 0
0.49737 0
0.497221 0
0.497046 0
0.496877 0
0.496741 0
0.496577 0
0.496426 0
0.496303 0
0.496155 0
0.496001 0
0.495858 0
0.495697 0
0.495552 0
0.49542 0
0.495269 0
0.495136 0
0.494973 0
0.494839 0
0.494682 0
0.494527 0
0.494356 0
0.494222 0
0.494077 0
0.493919 0
0.493772 0
0.493614 0
0.493447 0
0.493307 0
0.493175 0
0.492891 0
0.492729 0
0.492584 0
0.49244 0
0.4923 0
0.492137 0
0.491985 0
0.491692 0
0.491532 0
0.491394 0
0.491238 0
0.491095 0
0.490954 0
0.49079 0
0.490646 0
0.490344 0
0.490174 0
0.490003 0
0.489841 0
0.489697 0
0.489551 0
0.489409 0
0.489261 0
0.489119 0
0.48896 0
0.488463 0
0.488317 0
0.488158 0
0.488003 0
0.48785 0
0.487728 0
0.487421 0
0.487281 0
0.487142 0
0.486986 0
0.486678 0
0.486551 0
0.4864 0
0.486234 0
0.486092 0
0.485923 0
0.485761 0
0.485628 0
0.485481 0
0.485336 0
0.485165 0
0.485001 0
0.484731 0
0.484433 0
0.484282 0
0.484135 0
0.483982 0
0.483823 0
0.483678 0
0.483363 0
0.483188 0
0.483047 0
0.482874 0
0.482696 0
0.482542 0
0.482372 0
0.482212 0
0.482057 0
0.481927 0
0.481754 0
0.481594 0
0.481433 0
0.481274 0
0.480983 0
0.480837 0
0.480693 0
0.480555 0
0.480402 0
0.480252 0
0.480098 0
0.479943 0
0.479784 0
0.47965 0
0.479494 0
0.479354 0
0.479194 0
0.479035 0
0.478865 0
0.478688 0
0.478549 0
0.478386 0
0.478245 0
0.478134 0
0.478007 0
0.477856 0
0.477699 0
0.477536 0
0.477369 0
0.477201 0
0.47704 0
0.476898 0
0.476566 0
0.476411 0
0.476266 0
0.475954 0
0.475811 0
0.475667 0
0.475498 0
0.475328 0
0.475191 0
0.475033 0
0.47472 0
0.47458 0
0.47442 0
0.474267 0
0.474111 0
0.473941 0
0.473788 0
0.473649 0
0.473495 0
0.473339 0
0.473192 0
0.473052 0
0.472905 0
0.472749 0
0.472582 0
0.472426 0
0.472271 0
0.472119 0
0.471971 0
0.471827 0
0.471683 0
0.471531 0
0.471372 0
0.471211 0
0.471053 0
0.470917 0
0.470591 0
0.470446 0
0.470307 0
0.47015 0
0.470006 0
0.469867 0
0.469731 0
0.469446 0
0.469292 0
0.469142 0
0.468993 0
0.46884 0
0.468678 0
0.468369 0
0.468226 0
0.467937 0
0.467814 0
0.467673 0
0.467515 0
0.467346 0
0.467178 0
0.466906 0
0.466742 0
0.466584 0
0.466428 0
0.466282 0
0.466137 0
0.46599 0
0.465824 0
0.465657 0
0.465496 0
0.465355 0
0.465195 0
0.465054 0
0.464883 0
0.464584 0
0.464433 0
0.464264 0
0.464107 0
0.463807 0
0.463513 0
0.463355 0
0.463207 0
0.46304 0
0.462899 0
0.462746 0
0.462594 0
0.462279 0
0.462142 0
0.461995 0
0.461687 0
0.461554 0
0.461214 0
0.461044 0
0.460874 0
0.460722 0
0.460582 0
0.460444 0
0.460296 0
0.460145 0
0.459997 0
0.459858 0
0.459697 0
0.459391 0
0.459245 0
0.459099 0
0.458943 0
0.458805 0
0.45849 0
0.458338 0
0.458021 0
0.457888 0
0.457744 0
0.457576 0
0.457421 0
0.457279 0
0.457115 0
0.456824 0
0.45649 0
0.456345 0
0.456184 0
0.456048 0
0.455902 0
0.455738 0
0.455565 0
0.455429 0
0.455268 0
0.455123 0
0.454976 0
0.454797 0
0.454658 0
0.454476 0
0.454325 0
0.45417 0
0.45401 0
0.453849 0
0.453689 0
0.453388 0
0.453253 0
0.453087 0
0.452933 0
0.45278 0
0.452631 0
0.452336 0
0.452172 0
0.452003 0
0.45186 0
0.451691 0
0.451529 0
0.451356 0
0.451201 0
0.451053 0
0.450912 0
0.450752 0
0.450605 0
0.45044 0
0.450269 0
0.450112 0
0.449954 0
0.449796 0
0.449631 0
0.449468 0
0.449325 0
0.449021 0
0.448876 0
0.448715 0
0.448562 0
0.448264 0
0.447941 0
0.447777 0
0.447455 0
0.447306 0
0.447162 0
0.447036 0
0.446871 0
0.446726 0
0.446565 0
0.446416 0
0.446106 0
0.445942 0
0.445775 0
0.445619 0
0.445472 0
0.445303 0
0.445147 0
0.445023 0
0.444885 0
0.444755 0
0.444601 0
0.444452 0
0.444309 0
0.444 0
0.443845 0
0.443679 0
0.443545 0
0.443395 0
0.443221 0
0.443067 0
0.442904 0
0.442733 0
0.442586 0
0.442428 0
0.442272 0
0.442116 0
0.441972 0
0.441817 0
0.441482 0
0.441323 0
0.441155 0
0.441005 0
0.44084 0
0.440676 0
0.440359 0
0.440222 0
0.440051 0
0.439928 0
0.43962 0
0.439464 0
0.439321 0
0.439175 0
0.439027 0
0.438873 0
0.438729 0
0.438585 0
0.438432 0
0.438272 0
0.437965 0
0.437797 0
0.437643 0
0.437499 0
0.437352 0
0.436931 0
0.436602 0
0.436443 0
0.436303 0
0.435997 0
0.435855 0
0.435695 0
0.435543 0
0.435381 0
0.435222 0
0.435069 0
0.434935 0
0.434649 0
0.434495 0
0.434343 0
0.434188 0
0.434043 0
0.433899 0
0.433602 0
0.433443 0
0.433273 0
0.43312 0
0.432984 0
0.432822 0
0.432383 0
0.432224 0
0.432054 0
0.431748 0
0.431603 0
0.431287 0
0.430989 0
0.43083 0
0.430674 0
0.430514 0
0.430191 0
0.430036 0
0.42989 0
0.429731 0
0.429575 0
0.429444 0
0.429296 0
0.429136 0
0.428987 0
0.428849 0
0.428557 0
0.428389 0
0.428242 0
0.428094 0
0.427951 0
0.427806 0
0.427651 0
0.427504 0
0.427356 0
0.427203 0
0.427047 0
0.426903 0
0.426734 0
0.426572 0
0.426426 0
0.426282 0
0.426137 0
0.425972 0
0.425818 0
0.425503 0
0.425199 0
0.425033 0
0.424862 0
0.424689 0
0.424532 0
0.424377 0
0.424233 0
0.423951 0
0.423788 0
0.423357 0
0.423068 0
0.422924 0
0.422777 0
0.422472 0
0.422312 0
0.422188 0
0.421882 0
0.421591 0
0.421453 0
0.421115 0
0.420966 0
0.420812 0
0.420663 0
0.420511 0
0.420361 0
0.420218 0
0.420066 0
0.419899 0
0.419752 0
0.41959 0
0.419429 0
0.41927 0
0.418961 0
0.418797 0
0.418641 0
0.418502 0
0.418201 0
0.418051 0
0.4179 0
0.417766 0
0.417619 0
0.417464 0
0.417284 0
0.417129 0
0.416974 0
0.416806 0
0.416656 0
0.416366 0
0.416211 0
0.415899 0
0.415732 0
0.415572 0
0.415407 0
0.415092 0
0.414952 0
0.41464 0
0.414493 0
0.414339 0
0.414198 0
0.414051 0
0.413889 0
0.413744 0
0.41359 0
0.413293 0
0.413158 0
0.413014 0
0.412861 0
0.412702 0
0.412533 0
0.412397 0
0.41223 0
0.412059 0
0.411893 0
0.4116 0
0.411278 0
0.410989 0
0.410514 0
0.410201 0
0.410048 0
0.409892 0
0.409424 0
0.409131 0
0.40896 0
0.408804 0
0.408652 0
0.408338 0
0.408177 0
0.408024 0
0.407853 0
0.407718 0
0.407563 0
0.407248 0
0.407113 0
0.406627 0
0.406495 0
0.406334 0
0.406157 0
0.405993 0
0.40582 0
0.405672 0
0.405503 0
0.405332 0
0.40504 0
0.404732 0
0.4046 0
0.404428 0
0.403813 0
0.403512 0
0.403198 0
0.403041 0
0.402876 0
0.402716 0
0.402414 0
0.40226 0
0.402121 0
0.401969 0
0.401813 0
0.401497 0
0.401172 0
0.401023 0
0.400548 0
0.400379 0
0.400209 0
0.399902 0
0.399449 0
0.399283 0
0.398964 0
0.3988 0
0.398651 0
0.398499 0
0.398201 0
0.398042 0
0.397748 0
0.397586 0
0.397453 0
0.397296 0
0.397129 0
0.39682 0
0.39651 0
0.396206 0
0.396062 0
0.395942 0
0.395784 0
0.395608 0
0.395318 0
0.395011 0
0.39454 0
0.394376 0
0.394062 0
0.393901 0
0.393431 0
0.393279 0
0.393132 0
0.39298 0
0.392833 0
0.392687 0
0.39253 0
0.392236 0
0.392075 0
0.39192 0
0.391768 0
0.391609 0
0.391465 0
0.391144 0
0.390995 0
0.390537 0
0.390046 0
0.389864 0
0.389715 0
0.389562 0
0.389409 0
0.389258 0
0.389115 0
0.388957 0
0.388657 0
0.388183 0
0.388035 0
0.387718 0
0.38742 0
0.38726 0
0.38712 0
0.386982 0
0.386843 0
0.386697 0
0.386516 0
0.386373 0
0.385922 0
0.385763 0
0.38563 0
0.385454 0
0.384976 0
0.384803 0
0.384476 0
0.384143 0
0.383972 0
0.383653 0
0.383471 0
0.383016 0
0.382874 0
0.382531 0
0.382371 0
0.382208 0
0.382049 0
0.381734 0
0.381569 0
0.381246 0
0.380939 0
0.380782 0
0.380467 0
0.380147 0
0.379974 0
0.379812 0
0.379663 0
0.379501 0
0.379335 0
0.379179 0
0.379023 0
0.378859 0
0.378704 0
0.37853 0
0.37837 0
0.378073 0
0.377766 0
0.37759 0
0.377449 0
0.377141 0
0.377 0
0.376836 0
0.376675 0
0.376529 0
0.37638 0
0.376211 0
0.375769 0
0.375607 0
0.375285 0
0.375111 0
0.374955 0
0.374642 0
0.374498 0
0.374341 0
0.373874 0
0.373708 0
0.373546 0
0.373383 0
0.37276 0
0.372591 0
0.37244 0
0.372296 0
0.372147 0
0.371976 0
0.371815 0
0.371662 0
0.371335 0
0.371169 0
0.371015 0
0.370854 0
0.370708 0
0.370546 0
0.370211 0
0.369894 0
0.36973 0
0.369582 0
0.369418 0
0.369262 0
0.369104 0
0.368939 0
0.36864 0
0.368357 0
0.368044 0
0.367741 0
0.367577 0
0.367408 0
0.36697 0
0.366797 0
0.36665 0
0.366489 0
0.366327 0
0.366029 0
0.3659 0
0.365738 0
0.365583 0
0.36542 0
0.365091 0
0.364774 0
0.36415 0
0.363996 0
0.363835 0
0.363687 0
0.363521 0
0.363227 0
0.363075 0
0.362758 0
0.362607 0
0.36228 0
0.362127 0
0.36198 0
0.361833 0
0.361668 0
0.361503 0
0.361361 0
0.361213 0
0.361051 0
0.360895 0
0.360617 0
0.360477 0
0.360325 0
0.360177 0
0.360008 0
0.359555 0
0.359252 0
0.359087 0
0.358931 0
0.358617 0
0.358454 0
0.358158 0
0.357997 0
0.357672 0
0.357529 0
0.357043 0
0.356893 0
0.356744 0
0.356569 0
0.356242 0
0.355902 0
0.355751 0
0.355601 0
0.355289 0
0.355156 0
0.355006 0
0.354858 0
0.354699 0
0.354563 0
0.354249 0
0.354101 0
0.353796 0
0.35365 0
0.353482 0
0.353321 0
0.353164 0
0.353011 0
0.352856 0
0.352707 0
0.352385 0
0.352227 0
0.352059 0
0.351916 0
0.351768 0
0.351605 0
0.35128 0
0.351128 0
0.350979 0
0.350667 0
0.350365 0
0.350206 0
0.349884 0
0.349732 0
0.349585 0
0.349433 0
0.349263 0
0.349112 0
0.348947 0
0.348788 0
0.348619 0
0.348441 0
0.348142 0
0.347997 0
0.34784 0
0.347508 0
0.347355 0
0.347199 0
0.347051 0
0.3469 0
0.346746 0
0.346415 0
0.346261 0
0.346103 0
0.345948 0
0.345794 0
0.34566 0
0.345187 0
0.345028 0
0.344881 0
0.344726 0
0.344572 0
0.344438 0
0.344304 0
0.344147 0
0.343809 0
0.343643 0
0.343507 0
0.343375 0
0.343061 0
0.34289 0
0.342399 0
0.342232 0
0.341724 0
0.341555 0
0.341244 0
0.341112 0
0.340795 0
0.340474 0
0.340166 0
0.340014 0
0.339713 0
0.339549 0
0.339389 0
0.339085 0
0.338929 0
0.338778 0
0.338629 0
0.338465 0
0.338296 0
0.337987 0
0.337656 0
0.337489 0
0.337332 0
0.337035 0
0.336883 0
0.336725 0
0.336579 0
0.336418 0
0.336239 0
0.335788 0
0.335362 0
0.335042 0
0.334896 0
0.33441 0
0.334067 0
0.333918 0
0.33361 0
0.33314 0
0.332829 0
0.332684 0
0.332373 0
0.332064 0
0.331914 0
0.33142 0
0.331258 0
0.331101 0
0.330935 0
0.330792 0
0.330512 0
0.330358 0
0.330205 0
0.330052 0
0.329901 0
0.329286 0
0.329122 0
0.328971 0
0.328817 0
0.328522 0
0.328376 0
0.328223 0
0.328048 0
0.327897 0
0.327589 0
0.327438 0
0.326949 0
0.326784 0
0.326633 0
0.326481 0
0.326313 0
0.326161 0
0.325996 0
0.325846 0
0.325521 0
0.32504 0
0.324891 0
0.32458 0
0.324424 0
0.324272 0
0.324103 0
0.323955 0
0.323799 0
0.323655 0
0.3235 0
0.322879 0
0.322579 0
0.322414 0
0.322244 0
0.322087 0
0.3218 0
0.32164 0
0.321054 0
0.320426 0
0.320255 0
0.320098 0
0.319946 0
0.319786 0
0.319627 0
0.319464 0
0.319304 0
0.318823 0
0.318689 0
0.318538 0
0.318397 0
0.31779 0
0.317652 0
0.317485 0
0.317164 0
0.316708 0
0.316551 0
0.31605 0
0.315898 0
0.315746 0
0.315606 0
0.315296 0
0.31516 0
0.315016 0
0.314694 0
0.314535 0
0.314373 0
0.314065 0
0.313909 0
0.31359 0
0.313434 0
0.313267 0
0.313104 0
0.312974 0
0.312646 0
0.312492 0
0.312334 0
0.312168 0
0.312008 0
0.31186 0
0.311698 0
0.311112 0
0.310967 0
0.310818 0
0.310498 0
0.31034 0
0.310181 0
0.310032 0
0.309892 0
0.309729 0
0.309408 0
0.309244 0
0.308782 0
0.308617 0
0.30846 0
0.308314 0
0.308149 0
0.307969 0
0.307811 0
0.307652 0
0.307143 0
0.306849 0
0.30669 0
0.306522 0
0.306386 0
0.305929 0
0.305161 0
0.305015 0
0.304868 0
0.304712 0
0.304553 0
0.304405 0
0.304112 0
0.30396 0
0.30364 0
0.303479 0
0.303334 0
0.303011 0
0.302847 0
0.302684 0
0.302532 0
0.302195 0
0.302048 0
0.301899 0
0.301461 0
0.301172 0
0.301037 0
0.300893 0
0.300606 0
0.300298 0
0.300145 0
0.29999 0
0.299671 0
0.299355 0
0.299032 0
0.298876 0
0.298722 0
0.298571 0
0.298249 0
0.298109 0
0.29795 0
0.297782 0
0.297612 0
0.297469 0
0.29732 0
0.297161 0
0.297002 0
0.296668 0
0.296381 0
0.296225 0
0.29591 0
0.295754 0
0.295581 0
0.295435 0
0.295297 0
0.29481 0
0.29465 0
0.294477 0
0.294332 0
0.294008 0
0.293854 0
0.293694 0
0.293536 0
0.293375 0
0.29307 0
0.292919 0
0.29277 0
0.292612 0
0.292439 0
0.292292 0
0.291669 0
0.291513 0
0.291354 0
0.291038 0
0.290891 0
0.290566 0
0.290408 0
0.290245 0
0.29008 0
0.289744 0
0.289575 0
0.289266 0
0.289107 0
0.28894 0
0.288644 0
0.288504 0
0.288369 0
0.28805 0
0.287734 0
0.287594 0
0.287292 0
0.287125 0
0.28664 0
0.28648 0
0.286325 0
0.286169 0
0.285832 0
0.285684 0
0.285392 0
0.285072 0
0.284293 0
0.283974 0
0.283822 0
0.283669 0
0.28351 0
0.28304 0
0.282867 0
0.282544 0
0.282385 0
0.282231 0
0.282086 0
0.281761 0
0.281448 0
0.28128 0
0.28113 0
0.280978 0
0.280814 0
0.280515 0
0.280029 0
0.279872 0
0.279729 0
0.279254 0
0.278792 0
0.278632 0
0.278471 0
0.277991 0
0.277838 0
0.277692 0
0.277562 0
0.27708 0
0.276756 0
0.276131 0
0.275957 0
0.275787 0
0.275644 0
0.275502 0
0.27534 0
0.274549 0
0.274385 0
0.273929 0
0.273782 0
0.27361 0
0.273441 0
0.273288 0
0.273126 0
0.272828 0
0.272528 0
0.272028 0
0.27155 0
0.271383 0
0.271069 0
0.270917 0
0.270755 0
0.270594 0
0.270143 0
0.269849 0
0.269552 0
0.269238 0
0.268918 0
0.268747 0
0.268589 0
0.268437 0
0.267972 0
0.267813 0
0.267511 0
0.267173 0
0.266864 0
0.266711 0
0.266568 0
0.26641 0
0.266247 0
0.266085 0
0.265919 0
0.265751 0
0.265446 0
0.265122 0
0.264961 0
0.264784 0
0.264474 0
0.26402 0
0.263861 0
0.263706 0
0.263541 0
0.262778 0
0.262485 0
0.262007 0
0.261531 0
0.260908 0
0.260592 0
0.260453 0
0.260154 0
0.260002 0
0.259515 0
0.259202 0
0.25904 0
0.258871 0
0.258712 0
0.258381 0
0.258062 0
0.257621 0
0.257468 0
0.25716 0
0.25667 0
0.256365 0
0.255874 0
0.255719 0
0.255571 0
0.255408 0
0.255243 0
0.255085 0
0.254481 0
0.254144 0
0.253817 0
0.253519 0
0.253358 0
0.253199 0
0.253045 0
0.252723 0
0.252578 0
0.252438 0
0.252295 0
0.251971 0
0.251822 0
0.251201 0
0.250897 0
0.25074 0
0.250591 0
0.250304 0
0.249986 0
0.249676 0
0.249538 0
0.249231 0
0.249079 0
0.248928 0
0.248779 0
0.248617 0
0.248463 0
0.248288 0
0.247859 0
0.247555 0
0.247244 0
0.246913 0
0.246412 0
0.246098 0
0.245517 0
0.245376 0
0.245083 0
0.244923 0
0.244579 0
0.244426 0
0.243985 0
0.243819 0
0.243158 0
0.242834 0
0.242665 0
0.242507 0
0.242037 0
0.241877 0
0.24155 0
0.241386 0
0.241058 0
0.240737 0
0.240408 0
0.240262 0
0.24011 0
0.239955 0
0.239784 0
0.239612 0
0.23947 0
0.239322 0
0.238998 0
0.238849 0
0.238693 0
0.238233 0
0.237605 0
0.237114 0
0.236801 0
0.236641 0
0.235996 0
0.235674 0
0.235329 0
0.23503 0
0.234888 0
0.23439 0
0.233913 0
0.233573 0
0.233106 0
0.232952 0
0.232805 0
0.232471 0
0.232307 0
0.231999 0
0.231346 0
0.231194 0
0.230731 0
0.230563 0
0.230243 0
0.229923 0
0.229453 0
0.228985 0
0.228816 0
0.228165 0
0.228004 0
0.227862 0
0.227519 0
0.227354 0
0.226898 0
0.226575 0
0.226398 0
0.226093 0
0.225933 0
0.225513 0
0.225052 0
0.224912 0
0.224572 0
0.22441 0
0.224098 0
0.223805 0
0.22366 0
0.223185 0
0.222863 0
0.222705 0
0.222553 0
0.222393 0
0.222242 0
0.221744 0
0.221591 0
0.221279 0
0.221125 0
0.22063 0
0.220307 0
0.220006 0
0.219524 0
0.219367 0
0.219223 0
0.218452 0
0.217671 0
0.21737 0
0.217029 0
0.216866 0
0.216711 0
0.216397 0
0.216083 0
0.21592 0
0.21575 0
0.215608 0
0.215452 0
0.215135 0
0.214666 0
0.214358 0
0.214221 0
0.213755 0
0.213414 0
0.213255 0
0.213088 0
0.212624 0
0.212307 0
0.211845 0
0.211679 0
0.211377 0
0.211069 0
0.210906 0
0.210749 0
0.210432 0
0.210108 0
0.209959 0
0.209803 0
0.209633 0
0.208866 0
0.208399 0
0.208249 0
0.208088 0
0.207933 0
0.207778 0
0.207445 0
0.207291 0
0.206957 0
0.206646 0
0.206328 0
0.206162 0
0.206001 0
0.205381 0
0.205229 0
0.205079 0
0.20464 0
0.20448 0
0.204026 0
0.203527 0
0.203385 0
0.203077 0
0.202931 0
0.202313 0
0.202154 0
0.201525 0
0.201042 0
0.200886 0
0.200427 0
0.200274 0
0.199966 0
0.199472 0
0.199305 0
0.198675 0
0.198187 0
0.198038 0
0.197553 0
0.197392 0
0.19679 0
0.196638 0
0.196323 0
0.195875 0
0.195556 0
0.195259 0
0.194927 0
0.194766 0
0.194603 0
0.194122 0
0.193788 0
0.193631 0
0.193308 0
0.193148 0
0.192985 0
0.192819 0
0.192495 0
0.192342 0
0.192174 0
0.19186 0
0.191712 0
0.191568 0
0.191418 0
0.191264 0
0.191106 0
0.19097 0
0.190812 0
0.190656 0
0.190506 0
0.190367 0
0.19021 0
0.190056 0
0.1899 0
0.18974 0
0.189251 0
0.189104 0
0.188937 0
0.188449 0
0.188004 0
0.187841 0
0.187383 0
0.186758 0
0.186449 0
0.18628 0
0.18612 0
0.185969 0
0.185812 0
0.185364 0
0.185044 0
0.184725 0
0.184565 0
0.184105 0
0.183937 0
0.183792 0
0.183635 0
0.183017 0
0.182865 0
0.182351 0
0.182197 0
0.182043 0
0.181727 0
0.181558 0
0.181399 0
0.181242 0
0.181082 0
0.180479 0
0.18015 0
0.179664 0
0.179163 0
0.17886 0
0.178708 0
0.178222 0
0.17807 0
0.177764 0
0.177298 0
0.177001 0
0.176846 0
0.176529 0
0.176374 0
0.176225 0
0.175589 0
0.175117 0
0.174823 0
0.174668 0
0.174198 0
0.174049 0
0.173885 0
0.173569 0
0.173249 0
0.172778 0
0.172621 0
0.172479 0
0.172148 0
0.171852 0
0.171391 0
0.170903 0
0.170067 0
0.169759 0
0.169468 0
0.169324 0
0.169169 0
0.169007 0
0.168518 0
0.168072 0
0.167757 0
0.167583 0
0.167409 0
0.16708 0
0.166616 0
0.166462 0
0.166156 0
0.165365 0
0.165054 0
0.164579 0
0.164267 0
0.164106 0
0.163026 0
0.162865 0
0.16271 0
0.162096 0
0.161638 0
0.161331 0
0.161177 0
0.160864 0
0.160537 0
0.160216 0
0.159718 0
0.159401 0
0.158946 0
0.15878 0
0.158305 0
0.15815 0
0.157526 0
0.157044 0
0.156719 0
0.156404 0
0.156095 0
0.155615 0
0.154981 0
0.154663 0
0.154496 0
0.15434 0
0.154012 0
0.153519 0
0.153221 0
0.152759 0
0.152593 0
0.151937 0
0.151442 0
0.151098 0
0.150778 0
0.150473 0
0.149981 0
0.149485 0
0.149316 0
0.148998 0
0.148671 0
0.14853 0
0.148209 0
0.147422 0
0.146962 0
0.146631 0
0.146467 0
0.146131 0
0.145979 0
0.145671 0
0.145349 0
0.144678 0
0.144528 0
0.144059 0
0.143891 0
0.143715 0
0.143554 0
0.143393 0
0.143246 0
0.143088 0
0.14261 0
0.142144 0
0.141346 0
0.141191 0
0.140874 0
0.140546 0
0.140237 0
0.13964 0
0.13901 0
0.138852 0
0.138692 0
0.138536 0
0.138383 0
0.137891 0
0.137566 0
0.137272 0
0.137125 0
0.136965 0
0.13682 0
0.136676 0
0.136204 0
0.13606 0
0.135736 0
0.135579 0
0.135109 0
0.134617 0
0.133845 0
0.133695 0
0.1332 0
0.132729 0
0.132556 0
0.132097 0
0.131927 0
0.131104 0
0.130037 0
0.129874 0
0.129402 0
0.129255 0
0.12879 0
0.128475 0
0.128322 0
0.127999 0
0.127511 0
0.126881 0
0.12657 0
0.12642 0
0.126246 0
0.126093 0
0.125928 0
0.125427 0
0.125274 0
0.124969 0
0.124476 0
0.124316 0
0.123846 0
0.1235 0
0.123172 0
0.123015 0
0.122413 0
0.122259 0
0.121949 0
0.12178 0
0.121479 0
0.120397 0
0.119771 0
0.119143 0
0.118995 0
0.118834 0
0.118369 0
0.117404 0
0.117077 0
0.116743 0
0.11658 0
0.11578 0
0.115505 0
0.115057 0
0.11489 0
0.114723 0
0.114438 0
0.114282 0
0.113485 0
0.11302 0
0.112714 0
0.112565 0
0.112238 0
0.111763 0
0.111613 0
0.110865 0
0.11055 0
0.110082 0
0.109754 0
0.109294 0
0.108492 0
0.108343 0
0.108184 0
0.10755 0
0.107227 0
0.107071 0
0.106904 0
0.106293 0
0.105972 0
0.105648 0
0.104999 0
0.104839 0
0.103871 0
0.10339 0
0.102761 0
0.102291 0
0.101821 0
0.101663 0
0.101338 0
0.101038 0
0.100895 0
0.100741 0
0.100597 0
0.100121 0
0.0996275 0
0.0988025 0
0.09849 0
0.0975567 0
0.0973844 0
0.0969123 0
0.0964399 0
0.0959567 0
0.095487 0
0.0948648 0
0.094704 0
0.094549 0
0.0937119 0
0.093407 0
0.0932366 0
0.0925847 0
0.0920735 0
0.0917734 0
0.0911275 0
0.0905008 0
0.0903488 0
0.0900224 0
0.0897192 0
0.0895623 0
0.0892199 0
0.088892 0
0.0885691 0
0.0879316 0
0.0871615 0
0.086679 0
0.0862161 0
0.08606 0
0.0852477 0
0.0849259 0
0.0844273 0
0.0837987 0
0.0831825 0
0.083025 0
0.0826905 0
0.0823904 0
0.082107 0
0.0819443 0
0.0811699 0
0.0805467 0
0.0799049 0
0.0797325 0
0.079121 0
0.0789474 0
0.0787666 0
0.0781413 0
0.0775072 0
0.0771884 0
0.0765244 0
0.0763713 0
0.0758814 0
0.0752422 0
0.0749267 0
0.074621 0
0.0744547 0
0.0739986 0
0.0733571 0
0.0729001 0
0.0724724 0
0.0720435 0
0.0715641 0
0.0714148 0
0.0712443 0
0.0710759 0
0.0704039 0
0.0700747 0
0.069892 0
0.0694118 0
0.0689366 0
0.0683134 0
0.0678492 0
0.0670676 0
0.0664569 0
0.0663109 0
0.0656384 0
0.0653174 0
0.0649773 0
0.0646359 0
0.0643177 0
0.0638581 0
0.0637088 0
0.0632223 0
0.0622812 0
0.0621358 0
0.0619721 0
0.0618106 0
0.0614713 0
0.0609961 0
0.0605263 0
0.059607 0
0.0594367 0
0.0589713 0
0.0585005 0
0.0580161 0
0.0573814 0
0.0572149 0
0.0564768 0
0.0561709 0
0.0560182 0
0.0555689 0
0.0552273 0
0.0547437 0
0.0544208 0
0.0537654 0
0.0531082 0
0.0523163 0
0.0518287 0
0.0514905 0
0.0511908 0
0.050573 0
0.0499299 0
0.0497806 0
0.0487957 0
0.0478615 0
0.0475329 0
0.0470566 0
0.0465889 0
0.0464273 0
0.0459723 0
0.0453228 0
0.0448558 0
0.0440657 0
0.0429654 0
0.0428146 0
0.042501 0
0.0421803 0
0.041711 0
0.0413941 0
0.0404011 0
0.0397685 0
0.0394323 0
0.0388027 0
0.0379949 0
0.0375057 0
0.0368775 0
0.0359189 0
0.0355838 0
0.0351345 0
0.0346505 0
0.0341499 0
0.0339904 0
0.0333508 0
0.0330169 0
0.0328606 0
0.0324198 0
0.0322398 0
0.0320889 0
0.0315797 0
0.0314193 0
0.0309279 0
0.0307493 0
0.0302684 0
0.0297908 0
0.0291468 0
0.0289793 0
0.0286646 0
0.0285133 0
0.0283505 0
0.0277077 0
0.027198 0
0.02703 0
0.0267146 0
0.0262352 0
0.0257434 0
0.0254225 0
0.0252664 0
0.0249336 0
0.0244333 0
0.0241115 0
0.0239528 0
0.0234723 0
0.0228171 0
0.0225049 0
0.0221771 0
0.0220182 0
0.0218731 0
0.0212311 0
0.020758 0
0.0202993 0
0.0199606 0
0.0197969 0
0.0190125 0
0.0186807 0
0.0182004 0
0.0180228 0
0.0175177 0
0.0172139 0
0.0168909 0
0.016565 0
0.0162453 0
0.0159347 0
0.015452 0
0.0148115 0
0.0140285 0
0.0133995 0
0.0129205 0
0.0120872 0
0.0117548 0
0.0112484 0
0.0109156 0
0.0105801 0
0.0101006 0
0.009789 0
0.00932676 0
0.00901447 0
0.00886017 0
0.00870225 0
0.00853915 0
0.00837681 0
0.0078985 0
0.00755981 0
0.00723209 0
0.00673052 0
0.00657203 0
0.00592222 0
0.00576258 0
0.00560279 0
0.00544894 0
0.00513377 0
0.00497161 0
0.00448021 0
0.00433252 0
0.00369848 0
0.00334978 0
0.00319963 0
0.00256925 0
0.00240826 0
0.00208946 0
0.00177752 0
0.00162306 0
0.00146482 0
0.00131274 0
0.00113896 0
0.000967556 0
0.000800201 0
0.000637243 0
0.000486079 0
0.000315335 0
0.000161138 0
