0.899826 375 0.40057
0.899826 374 0.400781
0.899826 373 0.400862
0.899826 372 0.40131
0.899826 371 0.401794
0.899826 370 0.403061
0.899826 369 0.403094
0.899826 368 0.403242
0.899826 367 0.403647
0.899633 367 0.404487
0.899439 367 0.405097
0.899439 366 0.40546
0.899439 365 0.406453
0.899439 364 0.406578
0.899439 363 0.406874
0.899246 363 0.407468
0.899246 362 0.4078
0.899246 361 0.408177
0.899246 360 0.408808
0.899246 359 0.409432
0.899246 358 0.410414
0.899246 357 0.410833
0.899246 356 0.410834
0.899246 355 0.410923
0.899246 354 0.411665
0.899246 353 0.411716
0.899246 352 0.41177
0.899246 351 0.411921
0.899246 350 0.412004
0.899246 349 0.412105
0.899246 348 0.412699
0.899246 347 0.413423
0.899246 346 0.413462
0.899246 345 0.414455
0.899246 344 0.41454
0.899052 344 0.41495
0.899052 343 0.415553
0.899052 342 0.417331
0.899052 341 0.417411
0.899052 340 0.418129
0.899052 339 0.418927
0.899052 338 0.419713
0.899052 337 0.420166
0.899052 336 0.420478
0.899052 335 0.421247
0.898859 335 0.422004
0.898859 334 0.422057
0.898859 333 0.422237
0.898859 332 0.422704
0.898859 331 0.422897
0.898859 330 0.422922
0.898859 329 0.423764
0.898859 328 0.423779
0.898859 327 0.424556
0.898859 326 0.426176
0.898859 325 0.426316
0.898859 324 0.426434
0.898859 323 0.42682
0.898859 322 0.427139
0.898859 321 0.42762
0.898859 320 0.427732
0.898859 319 0.427759
0.898859 318 0.427773
0.898859 317 0.429717
0.898859 316 0.43024
0.898859 315 0.430481
0.898859 314 0.431114
0.898859 313 0.431525
0.898666 313 0.432601
0.898666 312 0.433359
0.898666 311 0.43504
0.898472 311 0.43652
0.898472 310 0.436526
0.898472 309 0.436647
0.898472 308 0.437301
0.898279 308 0.439173
0.898085 308 0.440542
0.898085 307 0.440843
0.898085 306 0.441348
0.898085 305 0.441436
0.898085 304 0.442168
0.898085 303 0.444907
0.898085 302 0.445204
0.898085 301 0.446203
0.898085 300 0.446558
0.898085 299 0.447054
0.898085 298 0.447214
0.898085 297 0.447659
0.898085 296 0.44871
0.898085 295 0.449752
0.898085 294 0.449778
0.898085 293 0.449836
0.897892 293 0.450045
0.897892 292 0.451158
0.897892 291 0.451221
0.897699 291 0.451606
0.897699 290 0.452047
0.897699 289 0.452335
0.897699 288 0.452695
0.897699 287 0.453523
0.897699 286 0.453539
0.897699 285 0.453767
0.897699 284 0.455507
0.897699 283 0.456515
0.897699 282 0.456593
0.897699 281 0.457152
0.897699 280 0.457317
0.897699 279 0.45769
0.897505 279 0.459413
0.897505 278 0.461002
0.897505 277 0.461698
0.897312 277 0.461777
0.897312 276 0.462632
0.897119 276 0.46386
0.896925 276 0.46425
0.896925 275 0.464998
0.896925 274 0.465369
0.896925 273 0.465541
0.896925 272 0.466666
0.896925 271 0.467488
0.896925 270 0.468529
0.896925 269 0.468848
0.896925 268 0.470252
0.896925 267 0.470413
0.896925 266 0.471296
0.896925 265 0.472667
0.896732 265 0.47319
0.896732 264 0.474336
0.896538 264 0.474352
0.896345 264 0.476411
0.896345 263 0.477244
0.896345 262 0.477261
0.896345 261 0.477488
0.896345 260 0.47772
0.896345 259 0.479949
0.896345 258 0.480035
0.896345 257 0.480271
0.896345 256 0.480311
0.896345 255 0.480512
0.896345 254 0.48067
0.896345 253 0.480865
0.896345 252 0.482154
0.896345 251 0.483267
0.896345 250 0.483378
0.896345 249 0.483427
0.896345 248 0.483472
0.896345 247 0.485849
0.896152 247 0.486218
0.896152 246 0.486449
0.896152 245 0.486541
0.896152 244 0.487577
0.896152 243 0.488145
0.896152 242 0.488848
0.895958 242 0.489815
0.895958 241 0.489941
0.895958 240 0.490273
0.895958 239 0.490367
0.895765 239 0.491099
0.895765 238 0.492657
0.895765 237 0.492971
0.895765 236 0.495471
0.895765 235 0.49694
0.895571 235 0.497853
0.895571 234 0.499001
0.895571 233 0.499404
0.895571 232 0.501275
0.895571 231 0.501848
0.895571 230 0.502072
0.895378 230 0.50381
0.895378 229 0.504404
0.895185 229 0.50441
0.895185 228 0.504462
0.895185 227 0.506242
0.895185 226 0.506549
0.895185 225 0.507409
0.895185 224 0.508283
0.894991 224 0.509358
0.894991 223 0.509669
0.894991 222 0.509952
0.894991 221 0.509962
0.894991 220 0.511193
0.894991 219 0.512381
0.894991 218 0.513119
0.894991 217 0.514257
0.894991 216 0.51663
0.894991 215 0.517665
0.894991 214 0.51884
0.894991 213 0.51907
0.894991 212 0.519242
0.894798 212 0.520145
0.894798 211 0.521362
0.894798 210 0.522411
0.894798 209 0.522544
0.894798 208 0.523611
0.894605 208 0.524209
0.894605 207 0.524752
0.894605 206 0.525934
0.894605 205 0.526968
0.894605 204 0.527481
0.894605 203 0.527931
0.894411 203 0.528507
0.894411 202 0.528658
0.894218 202 0.529182
0.894218 201 0.529217
0.894218 200 0.529568
0.894218 199 0.53021
0.894218 198 0.531553
0.894218 197 0.534097
0.894218 196 0.534989
0.894218 195 0.535418
0.894218 194 0.53573
0.894218 193 0.536734
0.894218 192 0.536853
0.894218 191 0.539313
0.894218 190 0.539731
0.894024 190 0.540418
0.894024 189 0.541841
0.894024 188 0.542683
0.893831 188 0.543911
0.893831 187 0.545462
0.893831 186 0.545476
0.893831 185 0.545834
0.893831 184 0.546194
0.893831 183 0.546207
0.893831 182 0.546673
0.893831 181 0.547292
0.893831 180 0.547298
0.893638 180 0.548486
0.893638 179 0.551081
0.893444 179 0.552306
0.893251 179 0.553218
0.893251 178 0.554643
0.893251 177 0.555054
0.893251 176 0.55511
0.893251 175 0.558378
0.893251 174 0.558466
0.893057 174 0.560042
0.893057 173 0.561173
0.893057 172 0.561704
0.893057 171 0.562581
0.893057 170 0.563036
0.892864 170 0.563947
0.892864 169 0.564289
0.892864 168 0.564517
0.892671 168 0.565439
0.892671 167 0.566262
0.892671 166 0.567353
0.892671 165 0.567563
0.892671 164 0.568035
0.892671 163 0.568279
0.892671 162 0.572574
0.892671 161 0.575016
0.892671 160 0.575251
0.892671 159 0.578431
0.892671 158 0.580839
0.892671 157 0.585688
0.892671 156 0.588241
0.892671 155 0.588497
0.892671 154 0.58877
0.892671 153 0.591323
0.892671 152 0.591942
0.892671 151 0.592844
0.892671 150 0.593436
0.892671 149 0.595273
0.892671 148 0.595288
0.892671 147 0.595613
0.892671 146 0.59672
0.892671 145 0.597046
0.892671 144 0.599033
0.892477 144 0.601052
0.892284 144 0.601689
0.892284 143 0.602635
0.892284 142 0.604349
0.892284 141 0.605038
0.892091 141 0.607768
0.892091 140 0.608332
0.891897 140 0.608415
0.891704 140 0.610454
0.891704 139 0.611593
0.891704 138 0.612269
0.891704 137 0.612434
0.89151 137 0.614545
0.89151 136 0.614921
0.891317 136 0.619193
0.891317 135 0.623167
0.891124 135 0.62386
0.891124 134 0.624354
0.89093 134 0.625532
0.890737 134 0.625825
0.890737 133 0.625932
0.890543 133 0.626747
0.89035 133 0.630693
0.890157 133 0.631401
0.889963 133 0.631514
0.889963 132 0.633226
0.88977 132 0.634751
0.889576 132 0.635378
0.889576 131 0.635803
0.889383 131 0.636162
0.889383 130 0.63649
0.88919 130 0.637967
0.88919 129 0.63818
0.88919 128 0.639512
0.888996 128 0.64297
0.888803 128 0.644724
0.888803 127 0.645549
0.888803 126 0.646122
0.888803 125 0.646879
0.88861 125 0.6469
0.88861 124 0.646922
0.88861 123 0.654888
0.888416 123 0.655707
0.888416 122 0.657524
0.888223 122 0.658851
0.888029 122 0.660482
0.888029 121 0.660702
0.887836 121 0.661331
0.887836 120 0.661612
0.887643 120 0.662096
0.887643 119 0.663269
0.887449 119 0.663444
0.887256 119 0.664928
0.887062 119 0.667413
0.886869 119 0.668891
0.886869 118 0.671733
0.886676 118 0.671971
0.886676 117 0.673032
0.886482 117 0.673207
0.886289 117 0.674715
0.886096 117 0.677323
0.886096 116 0.67748
0.886096 115 0.678018
0.886096 114 0.678193
0.885902 114 0.678228
0.885902 113 0.678674
0.885709 113 0.679204
0.885515 113 0.679514
0.885322 113 0.679882
0.885129 113 0.680148
0.884935 113 0.681087
0.884935 112 0.681439
0.884935 111 0.683562
0.884742 111 0.683634
0.884742 110 0.683855
0.884548 110 0.687134
0.884548 109 0.687193
0.884548 108 0.688146
0.884548 107 0.689269
0.884548 106 0.689721
0.884548 105 0.69212
0.884548 104 0.692355
0.884355 104 0.693657
0.884162 104 0.696994
0.884162 103 0.697541
0.884162 102 0.697721
0.883968 102 0.698547
0.883968 101 0.699039
0.883968 100 0.700712
0.883968 99 0.70166
0.883968 98 0.701769
0.883775 98 0.703222
0.883582 98 0.708614
0.883582 97 0.70863
0.883388 97 0.710196
0.883195 97 0.710408
0.883195 96 0.710782
0.883001 96 0.712153
0.883001 95 0.71282
0.882808 95 0.714846
0.882808 94 0.715411
0.882808 93 0.715673
0.882808 92 0.715938
0.882615 92 0.716376
0.882421 92 0.717217
0.882421 91 0.719045
0.882421 90 0.721178
0.882228 90 0.723626
0.882228 89 0.724933
0.882228 88 0.726799
0.882034 88 0.727983
0.882034 87 0.728363
0.882034 86 0.728551
0.881841 86 0.731299
0.881648 86 0.732127
0.881454 86 0.732564
0.881261 86 0.733487
0.881261 85 0.734061
0.881067 85 0.736681
0.880874 85 0.737179
0.880874 84 0.739097
0.880874 83 0.741959
0.880681 83 0.742241
0.880487 83 0.744224
0.880487 82 0.744513
0.880487 81 0.750086
0.880487 80 0.750102
0.880487 79 0.754315
0.880294 79 0.758514
0.880101 79 0.759548
0.879907 79 0.759583
0.879907 78 0.760268
0.879907 77 0.763067
0.879907 76 0.765277
0.879907 75 0.769041
0.879714 75 0.770197
0.87952 75 0.770278
0.87952 74 0.771705
0.87952 73 0.773882
0.879327 73 0.774731
0.879134 73 0.774836
0.87894 73 0.774974
0.878747 73 0.782336
0.878553 73 0.785408
0.878553 72 0.786168
0.87836 72 0.790066
0.878167 72 0.790669
0.877973 72 0.791648
0.87778 72 0.791847
0.877587 72 0.792466
0.877393 72 0.792574
0.8772 72 0.793587
0.877006 72 0.794563
0.877006 71 0.794794
0.876813 71 0.796135
0.87662 71 0.797135
0.87662 70 0.798924
0.87662 69 0.799519
0.876426 69 0.799757
0.876426 68 0.800769
0.876233 68 0.801242
0.876039 68 0.801705
0.875846 68 0.80213
0.875653 68 0.802278
0.875653 67 0.803729
0.875459 67 0.80526
0.875266 67 0.805302
0.875073 67 0.805435
0.874879 67 0.805575
0.874686 67 0.805865
0.874492 67 0.805891
0.874299 67 0.807273
0.874299 66 0.810734
0.874106 66 0.812906
0.873912 66 0.813317
0.873912 65 0.81464
0.873719 65 0.814662
0.873525 65 0.815809
0.873525 64 0.815992
0.873525 63 0.817221
0.873525 62 0.817723
0.873332 62 0.818426
0.873332 61 0.818654
0.873332 60 0.82137
0.873139 60 0.82151
0.872945 60 0.822877
0.872752 60 0.823283
0.872752 59 0.823445
0.872752 58 0.823729
0.872558 58 0.824039
0.872558 57 0.826081
0.872558 56 0.826325
0.872365 56 0.827118
0.872172 56 0.827904
0.872172 55 0.831005
0.872172 54 0.831784
0.871978 54 0.83373
0.871978 53 0.833773
0.871785 53 0.834883
0.871592 53 0.835535
0.871398 53 0.836507
0.871398 52 0.83743
0.871205 52 0.840504
0.871011 52 0.84122
0.870818 52 0.844078
0.870818 51 0.844581
0.870625 51 0.845657
0.870625 50 0.846389
0.870431 50 0.847314
0.870431 49 0.848663
0.870238 49 0.848905
0.870044 49 0.849783
0.869851 49 0.849979
0.869851 48 0.850037
0.869851 47 0.853995
0.869658 47 0.854204
0.869658 46 0.85428
0.869464 46 0.85748
0.869271 46 0.858984
0.869078 46 0.860361
0.868884 46 0.861424
0.868691 46 0.861584
0.868691 45 0.86293
0.868691 44 0.863198
0.868691 43 0.8668
0.868497 43 0.871491
0.868497 42 0.87245
0.868304 42 0.873594
0.868304 41 0.874376
0.868304 40 0.874891
0.868111 40 0.875285
0.867917 40 0.875599
0.867724 40 0.876242
0.86753 40 0.876618
0.867337 40 0.879389
0.867337 39 0.883738
0.867144 39 0.885258
0.86695 39 0.887187
0.866757 39 0.888352
0.866564 39 0.888373
0.86637 39 0.889126
0.866177 39 0.88982
0.865983 39 0.889984
0.86579 39 0.890375
0.865597 39 0.890567
0.865403 39 0.892483
0.86521 39 0.892961
0.865016 39 0.893265
0.865016 38 0.895861
0.864823 38 0.89633
0.86463 38 0.898224
0.864436 38 0.899089
0.864243 38 0.899107
0.864243 37 0.899762
0.86405 37 0.900334
0.863856 37 0.902486
0.863663 37 0.902788
0.863469 37 0.904248
0.863276 37 0.904901
0.863083 37 0.905218
0.863083 36 0.906364
0.862889 36 0.906821
0.862889 35 0.912046
0.862889 34 0.913032
0.862696 34 0.91416
0.862502 34 0.914816
0.862502 33 0.920767
0.862309 33 0.921681
0.862116 33 0.922328
0.861922 33 0.922394
0.861729 33 0.922822
0.861535 33 0.923179
0.861342 33 0.923286
0.861149 33 0.924224
0.860955 33 0.924408
0.860762 33 0.924989
0.860569 33 0.92634
0.860375 33 0.926476
0.860375 32 0.927956
0.860375 31 0.929287
0.860182 31 0.933679
0.859988 31 0.93423
0.859988 30 0.934644
0.859988 29 0.934745
0.859795 29 0.935818
0.859602 29 0.937314
0.859408 29 0.938183
0.859215 29 0.939233
0.859021 29 0.939539
0.858828 29 0.942067
0.858635 29 0.942251
0.858635 28 0.942706
0.858441 28 0.94298
0.858248 28 0.943026
0.858055 28 0.943684
0.857861 28 0.948721
0.857668 28 0.948839
0.857474 28 0.948928
0.857281 28 0.949077
0.857088 28 0.951319
0.856894 28 0.9518
0.856701 28 0.953176
0.856507 28 0.95495
0.856314 28 0.955565
0.856314 27 0.95697
0.856121 27 0.95707
0.855927 27 0.957191
0.855734 27 0.957199
0.855734 26 0.957323
0.855541 26 0.957832
0.855347 26 0.958319
0.855154 26 0.958328
0.85496 26 0.958953
0.854767 26 0.959051
0.854574 26 0.960214
0.85438 26 0.960327
0.854187 26 0.960534
0.853993 26 0.960691
0.8538 26 0.962068
0.8538 25 0.962145
0.853607 25 0.962761
0.853413 25 0.962795
0.85322 25 0.963247
0.853026 25 0.963672
0.852833 25 0.9639
0.85264 25 0.964028
0.852446 25 0.964083
0.852253 25 0.964284
0.852253 24 0.964739
0.85206 24 0.965037
0.851866 24 0.96504
0.851673 24 0.966171
0.851479 24 0.966485
0.851286 24 0.967352
0.851093 24 0.968076
0.850899 24 0.968501
0.850706 24 0.968575
0.850512 24 0.969392
0.850319 24 0.969679
0.850126 24 0.970519
0.849932 24 0.970814
0.849739 24 0.971221
0.849546 24 0.971312
0.849352 24 0.971597
0.849352 23 0.971625
0.849159 23 0.971781
0.848965 23 0.971838
0.848772 23 0.972004
0.848579 23 0.97217
0.848385 23 0.973027
0.848192 23 0.975138
0.847998 23 0.975905
0.847805 23 0.976018
0.847805 22 0.976761
0.847612 22 0.976845
0.847418 22 0.976951
0.847225 22 0.977074
0.847032 22 0.977382
0.846838 22 0.977441
0.846645 22 0.978089
0.846451 22 0.978163
0.846258 22 0.978189
0.846065 22 0.978255
0.845871 22 0.978321
0.845678 22 0.978584
0.845484 22 0.979076
0.845291 22 0.979329
0.845098 22 0.98042
0.844904 22 0.980517
0.844711 22 0.980742
0.844518 22 0.98161
0.844324 22 0.982071
0.844131 22 0.982515
0.843937 22 0.983111
0.843744 22 0.983544
0.843551 22 0.983774
0.843357 22 0.984173
0.843164 22 0.984362
0.84297 22 0.984454
0.842777 22 0.984773
0.842584 22 0.985088
0.84239 22 0.985131
0.842197 22 0.985337
0.842003 22 0.985705
0.84181 22 0.985779
0.841617 22 0.986155
0.841423 22 0.986643
0.84123 22 0.986809
0.841037 22 0.987024
0.840843 22 0.987094
0.84065 22 0.987111
0.840456 22 0.987511
0.840263 22 0.987981
0.84007 22 0.988139
0.839876 22 0.988313
0.839683 22 0.989313
0.839489 22 0.9894
0.839296 22 0.989405
0.839103 22 0.989414
0.838909 22 0.989587
0.838716 22 0.989743
0.838523 22 0.989996
0.838329 22 0.990074
0.838136 22 0.990108
0.837942 22 0.990118
0.837749 22 0.990356
0.837556 22 0.990431
0.837362 22 0.990494
0.837169 22 0.990513
0.836975 22 0.991126
0.836589 22 0.991334
0.836395 22 0.991358
0.836202 22 0.991367
0.836009 22 0.991391
0.835815 22 0.99149
0.835622 22 0.991535
0.835428 22 0.991632
0.835235 22 0.991648
0.835042 22 0.991833
0.834848 22 0.991889
0.834655 22 0.991941
0.834461 22 0.991989
0.834268 22 0.992029
0.834075 22 0.992053
0.833881 22 0.992129
0.833688 22 0.992167
0.833494 22 0.992311
0.833301 22 0.99234
0.833108 22 0.992614
0.832914 22 0.992638
0.832721 22 0.99279
0.832528 22 0.992829
0.832334 22 0.992886
0.832334 21 0.992941
0.832334 20 0.992943
0.832141 20 0.992971
0.831947 20 0.993127
0.831754 20 0.993153
0.831754 19 0.993318
0.831561 19 0.993431
0.831367 19 0.993478
0.831174 19 0.993499
0.83098 19 0.993699
0.830787 19 0.993852
0.830594 19 0.993865
0.8304 19 0.994289
0.830207 19 0.994353
0.830014 19 0.994355
0.82982 19 0.994492
0.829627 19 0.994564
0.829433 19 0.994679
0.82924 19 0.994792
0.829047 19 0.994916
0.828853 19 0.994917
0.82866 19 0.995293
0.828466 19 0.995342
0.828273 19 0.995357
0.828273 18 0.995521
0.82808 18 0.995685
0.827886 18 0.99569
0.827693 18 0.995724
0.8275 18 0.995898
0.827306 18 0.995924
0.827113 18 0.995925
0.826919 18 0.996009
0.826726 18 0.996063
0.826533 18 0.996065
0.826339 18 0.996082
0.826146 18 0.996219
0.825952 18 0.996258
0.825759 18 0.996273
0.825566 18 0.996319
0.825372 18 0.996333
0.825179 18 0.996417
0.824985 18 0.99666
0.824792 18 0.996714
0.824792 17 0.996787
0.824599 17 0.996812
0.824405 17 0.996821
0.824019 17 0.99708
0.824019 16 0.997123
0.823825 16 0.997141
0.823632 16 0.997178
0.823438 16 0.997188
0.823245 16 0.997233
0.823052 16 0.997238
0.822858 16 0.997279
0.822665 16 0.997385
0.822471 16 0.997388
0.822278 16 0.997419
0.822085 16 0.997548
0.821891 16 0.997549
0.821698 16 0.997559
0.821505 16 0.997642
0.821311 16 0.997684
0.821118 16 0.997699
0.820924 16 0.997728
0.820731 16 0.997751
0.820538 16 0.997771
0.820344 16 0.997832
0.820151 16 0.997867
0.819957 16 0.997871
0.819764 16 0.997892
0.819571 16 0.997899
0.819377 16 0.99791
0.819184 16 0.997926
0.818991 16 0.998018
0.818797 16 0.998045
0.818604 16 0.998062
0.81841 16 0.998107
0.818217 16 0.998132
0.818024 16 0.998153
0.81783 16 0.998186
0.81783 15 0.998203
0.817637 15 0.998209
0.817443 15 0.998225
0.81725 15 0.998254
0.817057 15 0.998277
0.816863 15 0.998328
0.81667 15 0.998365
0.816477 15 0.998371
0.816283 15 0.998386
0.81609 15 0.998391
0.815896 15 0.998409
0.815703 15 0.998426
0.81551 15 0.998445
0.815316 15 0.998554
0.815123 15 0.998603
0.814929 15 0.998606
0.814736 15 0.99865
0.814543 15 0.99866
0.814349 15 0.998667
0.814156 15 0.998675
0.813962 15 0.998677
0.813769 15 0.998692
0.813576 15 0.998694
0.813382 15 0.998719
0.813189 15 0.99875
0.812996 15 0.998802
0.812802 15 0.998814
0.812609 15 0.998816
0.812415 15 0.99883
0.812222 15 0.998831
0.812029 15 0.998848
0.811835 15 0.998868
0.811642 15 0.998886
0.811448 15 0.998905
0.811255 15 0.998935
0.811062 15 0.998938
0.810868 15 0.998952
0.810675 15 0.998974
0.810482 15 0.999038
0.810288 15 0.999062
0.810095 15 0.99907
0.809901 15 0.999095
0.809708 15 0.999119
0.809515 15 0.999123
0.809321 15 0.999128
0.809128 15 0.999129
0.808934 15 0.999134
0.808741 15 0.999135
0.808548 15 0.999152
0.808354 15 0.999158
0.808161 15 0.999162
0.807968 15 0.999164
0.807774 15 0.999165
0.807581 15 0.999166
0.807387 15 0.999167
0.807194 15 0.999188
0.807001 15 0.999203
0.806807 15 0.999206
0.806614 15 0.999211
0.80642 15 0.99923
0.806227 15 0.999237
0.806034 15 0.999256
0.805647 15 0.999257
0.805453 15 0.999262
0.80526 15 0.999277
0.805067 15 0.999301
0.804873 15 0.999304
0.80468 15 0.999306
0.804487 15 0.99931
0.804293 15 0.999311
0.8041 15 0.999312
0.803906 15 0.999328
0.803713 15 0.99933
0.80352 15 0.999332
0.803326 15 0.999342
0.803133 15 0.999365
0.802939 15 0.999366
0.802746 15 0.999368
0.802553 15 0.999374
0.802359 15 0.999395
0.802166 15 0.999396
0.801973 15 0.9994
0.801779 15 0.999406
0.801392 15 0.999409
0.801199 15 0.999434
0.801006 15 0.999435
0.800812 15 0.999442
0.800619 15 0.999459
0.800425 15 0.99947
0.800232 15 0.999484
0.800039 15 0.99949
0.799845 15 0.999492
0.799652 15 0.999498
0.799459 15 0.999512
0.799459 14 0.999521
0.799265 14 0.999526
0.799072 14 0.999532
0.798685 14 0.999533
0.798492 14 0.999534
0.798298 14 0.999539
0.798105 14 0.999546
0.797911 14 0.999549
0.797718 14 0.999574
0.797525 14 0.999583
0.797331 14 0.999586
0.797138 14 0.999587
0.796944 14 0.999607
0.796751 14 0.99961
0.796558 14 0.999614
0.796364 14 0.999621
0.796171 14 0.999627
0.795978 14 0.999629
0.795784 14 0.999632
0.795591 14 0.999635
0.795397 14 0.999655
0.795204 14 0.999658
0.795011 14 0.999659
0.794817 14 0.999664
0.794624 14 0.999665
0.79443 14 0.999676
0.794237 14 0.999684
0.794044 14 0.999689
0.793657 14 0.999698
0.793464 14 0.999713
0.79327 14 0.999715
0.793077 14 0.999717
0.792883 14 0.999731
0.79269 14 0.999734
0.792303 14 0.999738
0.79211 14 0.999741
0.791723 14 0.999745
0.79153 14 0.999746
0.791336 14 0.999748
0.791143 14 0.999759
0.79095 14 0.999762
0.790756 14 0.999763
0.790563 14 0.999768
0.790369 14 0.999772
0.790176 14 0.999777
0.789983 14 0.999778
0.789789 14 0.999779
0.789596 14 0.999781
0.789402 14 0.999783
0.789209 14 0.999785
0.789016 14 0.999787
0.788822 14 0.999794
0.788436 14 0.999798
0.788049 14 0.999799
0.787855 14 0.999802
0.787662 14 0.999805
0.787469 14 0.999806
0.787275 14 0.999808
0.787082 14 0.999812
0.786888 14 0.999815
0.786502 14 0.999816
0.786308 14 0.999818
0.786115 14 0.999819
0.785921 14 0.99982
0.785728 14 0.999821
0.785728 13 0.999823
0.785535 13 0.999825
0.785341 13 0.999826
0.785148 13 0.999828
0.784955 13 0.999829
0.784568 13 0.999831
0.784374 13 0.999832
0.784181 13 0.999834
0.783988 13 0.999835
0.783601 13 0.999837
0.783407 13 0.999838
0.783214 13 0.999839
0.783021 13 0.999845
0.782827 13 0.999846
0.782634 13 0.99985
0.782441 13 0.999852
0.782247 13 0.999854
0.78186 13 0.999855
0.781667 13 0.999856
0.78128 13 0.999859
0.781087 13 0.999863
0.7807 13 0.999865
0.780507 13 0.999868
0.780313 13 0.999869
0.78012 13 0.99987
0.779927 13 0.999872
0.779733 13 0.999875
0.77954 13 0.999877
0.779346 13 0.999878
0.77896 13 0.999879
0.778766 13 0.99988
0.778573 13 0.999881
0.778379 13 0.999882
0.778186 13 0.999884
0.777993 13 0.999886
0.777799 13 0.999887
0.777412 13 0.999889
0.777219 13 0.999891
0.777026 13 0.999892
0.776639 13 0.999893
0.776059 13 0.999895
0.775865 13 0.999896
0.775672 13 0.999897
0.775285 13 0.999898
0.774898 13 0.999899
0.774512 13 0.999901
0.774125 13 0.999903
0.773545 13 0.999904
0.773545 12 0.999905
0.773351 12 0.999907
0.773158 12 0.999908
0.772578 12 0.999909
0.772384 12 0.99991
0.772191 12 0.999911
0.771804 12 0.999912
0.771224 12 0.999914
0.771031 12 0.999915
0.770837 12 0.999916
0.770257 12 0.999917
0.76987 12 0.999919
0.769484 12 0.99992
0.768904 12 0.999921
0.76871 12 0.999923
0.76871 11 0.999924
0.768517 11 0.999925
0.768323 11 0.999927
0.76813 11 0.999928
0.76755 11 0.999929
0.767356 11 0.99993
0.766776 11 0.999931
0.766583 11 0.999932
0.766389 11 0.999933
0.766196 11 0.999934
0.766003 11 0.999935
0.765616 11 0.999936
0.764842 11 0.999937
0.764649 11 0.999938
0.764456 11 0.999939
0.764262 11 0.99994
0.763682 11 0.999941
0.763295 11 0.999942
0.762909 11 0.999943
0.762522 11 0.999944
0.761748 11 0.999945
0.761361 11 0.999946
0.760975 10 0.999947
0.760781 10 0.999948
0.760395 10 0.999949
0.759814 10 0.99995
0.759428 10 0.999951
0.759234 10 0.999952
0.758654 10 0.999953
0.75788 10 0.999954
0.7573 9 0.999955
0.756914 9 0.999956
0.756527 9 0.999957
0.755947 9 0.999958
0.755173 9 0.999959
0.754786 9 0.99996
0.753819 9 0.999961
0.753626 9 0.999962
0.753239 9 0.999963
0.753046 9 0.999964
0.752852 9 0.999965
0.752466 9 0.999966
0.751499 9 0.999967
0.750725 9 0.999968
0.749565 9 0.999969
0.748791 9 0.999971
0.748405 9 0.999972
0.747438 9 0.999973
0.747244 9 0.999974
0.745891 9 0.999975
0.74531 9 0.999976
0.74473 9 0.999977
0.74415 9 0.999978
0.743957 9 0.999979
0.74299 9 0.99998
0.741249 9 0.999981
0.740282 9 0.999982
0.738542 9 0.999983
0.736995 9 0.999984
0.736221 9 0.999985
0.734287 9 0.999986
0.733514 9 0.999987
0.731967 9 0.999988
0.729453 9 0.999989
0.728679 9 0.99999
0.727132 9 0.999991
0.724811 9 0.999992
0.722297 9 0.999993
0.721717 9 0.999994
0.71959 9 0.999995
0.712435 9 0.999996
0.706053 9 0.999997
0.699865 9 0.999998
0.684781 9 0.999999
0.65674 8 1
0 0 1e+020
