0.615348 450
0.615348 449
0.615348 448
0.615348 447
0.615348 446
0.615348 445
0.615246 445
0.615246 444
0.615246 443
0.615246 442
0.615246 441
0.615246 440
0.615246 439
0.615246 438
0.615246 437
0.615246 436
0.615246 435
0.615246 434
0.615246 433
0.615246 432
0.615246 431
0.615246 430
0.615143 430
0.615059 429
0.615059 428
0.614953 428
0.614844 428
0.614844 427
0.614844 426
0.614844 425
0.614844 424
0.614817 423
0.614817 422
0.614817 421
0.614673 421
0.614673 420
0.614673 419
0.614673 418
0.614673 417
0.614673 416
0.614597 415
0.614597 414
0.614597 413
0.6145 413
0.6145 412
0.6145 411
0.6145 410
0.6145 409
0.6145 408
0.6145 407
0.6145 406
0.6145 405
0.6145 404
0.6145 403
0.614371 403
0.614162 403
0.614162 402
0.61405 402
0.61405 401
0.61405 400
0.613941 400
0.613802 400
0.613802 399
0.613802 398
0.613802 397
0.613802 396
0.613802 395
0.613772 394
0.613772 393
0.613772 392
0.613772 391
0.613772 390
0.613772 389
0.613772 388
0.613703 387
0.613693 386
0.613693 385
0.61355 385
0.61355 384
0.61355 383
0.61355 382
0.61355 381
0.61355 380
0.61355 379
0.61355 378
0.61355 377
0.61355 376
0.613438 376
0.613438 375
0.613438 374
0.613407 373
0.613407 372
0.613407 371
0.613407 370
0.613407 369
0.613407 368
0.613407 367
0.613407 366
0.613407 365
0.613306 365
0.613306 364
0.613306 363
0.613166 363
0.613166 362
0.613166 361
0.613045 361
0.613045 360
0.613045 359
0.613045 358
0.613002 357
0.613002 356
0.613002 355
0.613001 354
0.613001 353
0.613001 352
0.613001 351
0.613001 350
0.613001 349
0.613001 348
0.613001 347
0.613001 346
0.613001 345
0.613001 344
0.613001 343
0.613001 342
0.613001 341
0.613001 340
0.613001 339
0.613001 338
0.613001 337
0.613001 336
0.613001 335
0.613001 334
0.613001 333
0.613001 332
0.613001 331
0.613001 330
0.613001 329
0.612931 328
0.612931 327
0.612931 326
0.612877 325
0.612877 324
0.612877 323
0.612877 322
0.612877 321
0.612877 320
0.61287 319
0.61287 318
0.61287 317
0.612805 316
0.612805 315
0.612805 314
0.612805 313
0.612805 312
0.612805 311
0.612805 310
0.612776 309
0.612686 308
0.612686 307
0.612686 306
0.612686 305
0.61258 305
0.612539 304
0.612539 303
0.612539 302
0.612377 302
0.612377 301
0.612377 300
0.612377 299
0.612377 298
0.612377 297
0.612377 296
0.612377 295
0.612377 294
0.612377 293
0.612377 292
0.612377 291
0.612377 290
0.612377 289
0.612377 288
0.612377 287
0.612377 286
0.612317 285
0.612317 284
0.612317 283
0.612317 282
0.612317 281
0.612317 280
0.612317 279
0.612317 278
0.612317 277
0.612317 276
0.612317 275
0.612317 274
0.612317 273
0.612253 272
0.612253 271
0.612155 271
0.612155 270
0.612155 269
0.612155 268
0.612048 268
0.612048 267
0.612048 266
0.612048 265
0.612048 264
0.612048 263
0.612048 262
0.612048 261
0.612048 260
0.612048 259
0.611927 259
0.611927 258
0.611828 258
0.611828 257
0.61171 257
0.611603 257
0.611478 257
0.611478 256
0.611478 255
0.611478 254
0.61135 254
0.61135 253
0.61135 252
0.61135 251
0.611294 250
0.611294 249
0.611294 248
0.611294 247
0.611294 246
0.611163 246
0.611026 246
0.611012 245
0.610885 245
0.610885 244
0.610885 243
0.610885 242
0.610877 241
0.610877 240
0.610877 239
0.610877 238
0.610877 237
0.610755 237
0.610755 236
0.610755 235
0.610755 234
0.610755 233
0.610755 232
0.610755 231
0.610755 230
0.610755 229
0.610755 228
0.610755 227
0.610755 226
0.610755 225
0.610755 224
0.610682 223
0.610682 222
0.610682 221
0.610682 220
0.610682 219
0.610682 218
0.610548 218
0.610548 217
0.610548 216
0.610548 215
0.610394 215
0.610394 214
0.610293 214
0.610293 213
0.610293 212
0.610293 211
0.610221 210
0.610221 209
0.610221 208
0.61011 208
0.61011 207
0.61011 206
0.61011 205
0.609973 205
0.609973 204
0.609875 204
0.609781 203
0.609781 202
0.609781 201
0.609781 200
0.609781 199
0.609701 198
0.609701 197
0.609561 197
0.609561 196
0.609561 195
0.609449 195
0.609329 195
0.609226 195
0.609226 194
0.609226 193
0.609111 193
0.609111 192
0.608992 192
0.608891 192
0.608891 191
0.608891 190
0.608772 190
0.608772 189
0.608772 188
0.608652 188
0.608652 187
0.608652 186
0.608563 185
0.608516 184
0.608516 183
0.608383 183
0.608383 182
0.608383 181
0.608316 180
0.608229 179
0.608229 178
0.608229 177
0.608229 176
0.608229 175
0.608229 174
0.608096 174
0.608096 173
0.607977 173
0.607977 172
0.607977 171
0.607977 170
0.607834 170
0.607697 170
0.607697 169
0.607697 168
0.607596 168
0.607596 167
0.607538 166
0.607417 166
0.607417 165
0.607417 164
0.6073 164
0.6073 163
0.607298 162
0.607298 161
0.607298 160
0.607298 159
0.60715 159
0.607074 158
0.607074 157
0.606959 157
0.606959 156
0.606847 156
0.606698 156
0.606698 155
0.606567 155
0.606567 154
0.606441 154
0.606314 154
0.606314 153
0.606314 152
0.606314 151
0.606314 150
0.606314 149
0.606234 148
0.606234 147
0.606234 146
0.606124 146
0.605996 146
0.60588 146
0.60588 145
0.60588 144
0.605746 144
0.605746 143
0.605746 142
0.605746 141
0.605638 141
0.605638 140
0.605638 139
0.605638 138
0.6055 138
0.6055 137
0.605405 136
0.605251 136
0.605115 136
0.604978 136
0.60485 136
0.60485 135
0.60485 134
0.604829 133
0.604707 133
0.604601 133
0.604601 132
0.604601 131
0.604515 130
0.604515 129
0.604515 128
0.60446 128
0.60446 127
0.604359 127
0.604232 127
0.604232 126
0.604232 125
0.604139 124
0.604139 123
0.604139 122
0.604 122
0.603878 122
0.603758 122
0.603758 121
0.603758 120
0.603621 120
0.603621 119
0.603585 118
0.603585 117
0.603585 116
0.603445 116
0.603445 115
0.603445 114
0.603445 113
0.603332 113
0.603205 113
0.603066 113
0.603066 112
0.602934 112
0.602852 111
0.602852 110
0.602852 109
0.602852 108
0.602852 107
0.602848 106
0.602848 105
0.602715 105
0.602606 105
0.602496 105
0.602496 104
0.602496 103
0.602496 102
0.602393 102
0.602281 102
0.602159 102
0.602159 101
0.602159 100
0.602159 99
0.602159 98
0.602101 97
0.601995 97
0.601868 97
0.601868 96
0.601777 95
0.601648 95
0.601565 94
0.601439 94
0.601439 93
0.601321 93
0.601176 93
0.601047 93
0.600929 93
0.600929 92
0.600929 91
0.600897 90
0.600883 89
0.600762 89
0.600762 88
0.600628 88
0.600518 88
0.600518 87
0.600386 87
0.600386 86
0.600386 85
0.600273 85
0.600181 84
0.600181 83
0.600181 82
0.600181 81
0.600181 80
0.600055 80
0.599929 80
0.599815 80
0.599815 79
0.599815 78
0.599696 78
0.599574 78
0.599448 78
0.599323 78
0.599195 78
0.599195 77
0.599062 77
0.598933 77
0.598805 77
0.598677 77
0.59854 77
0.59854 76
0.598401 76
0.598401 75
0.598401 74
0.598401 73
0.598295 73
0.598295 72
0.598189 72
0.598189 71
0.598072 71
0.59795 71
0.59795 70
0.597828 70
0.597687 70
0.597687 69
0.597541 69
0.597541 68
0.597417 68
0.597294 68
0.597141 68
0.597018 68
0.596902 68
0.596824 67
0.596778 66
0.596778 65
0.596655 65
0.596511 65
0.596511 64
0.596394 64
0.596262 64
0.59613 64
0.596016 64
0.595941 63
0.595941 62
0.595837 62
0.595721 62
0.595721 61
0.595721 60
0.595721 59
0.595721 58
0.595642 57
0.595573 56
0.595468 56
0.595468 55
0.595468 54
0.595332 54
0.595215 54
0.595073 54
0.595073 53
0.594944 53
0.594944 52
0.59483 52
0.5947 52
0.594563 52
0.594464 52
0.594365 52
0.594245 52
0.594151 51
0.594024 51
0.593889 51
0.593758 51
0.593758 50
0.593676 49
0.593602 48
0.593516 47
0.593399 47
0.593265 47
0.593129 47
0.593129 46
0.593129 45
0.592982 45
0.592849 45
0.592736 45
0.592607 45
0.592458 45
0.592458 44
0.592325 44
0.592325 43
0.592212 43
0.592212 42
0.592076 42
0.591957 42
0.59185 42
0.591739 42
0.591606 42
0.591452 42
0.591319 42
0.591206 42
0.591093 42
0.591093 41
0.590976 41
0.590838 41
0.590721 41
0.590603 41
0.590603 40
0.590476 40
0.590353 40
0.590221 40
0.590103 40
0.589994 40
0.589856 40
0.589709 40
0.5896 40
0.589475 40
0.589475 39
0.589338 39
0.589338 38
0.589203 38
0.589075 38
0.588943 38
0.588821 38
0.588693 38
0.588565 38
0.588433 38
0.588433 37
0.588295 37
0.588166 37
0.588025 37
0.587884 37
0.587755 37
0.587628 37
0.587628 36
0.587628 35
0.587628 34
0.587628 33
0.587485 33
0.587356 33
0.587356 32
0.587219 32
0.58707 32
0.586936 32
0.586817 32
0.586672 32
0.586544 32
0.586421 32
0.586274 32
0.586139 32
0.585984 32
0.585853 32
0.58572 32
0.585601 32
0.585517 31
0.585392 31
0.585269 31
0.58515 31
0.585028 31
0.584908 31
0.584667 31
0.584505 31
0.584372 31
0.584269 31
0.584159 31
0.584029 31
0.583896 31
0.583772 31
0.583644 31
0.583516 31
0.58337 31
0.583254 31
0.583112 31
0.58297 31
0.582845 31
0.58271 31
0.582582 31
0.582459 31
0.582325 31
0.582203 31
0.58206 31
0.581938 31
0.581834 31
0.581834 30
0.581695 30
0.58157 30
0.581435 30
0.581315 30
0.581199 30
0.581067 30
0.580928 30
0.58079 30
0.58079 29
0.580671 29
0.580568 29
0.580445 29
0.580289 29
0.58017 29
0.580067 29
0.579918 29
0.579785 29
0.579635 29
0.5795 29
0.579384 29
0.579277 29
0.579139 29
0.579024 29
0.578892 29
0.578754 29
0.578631 29
0.578516 29
0.578378 29
0.578295 28
0.578161 28
0.578018 28
0.577891 28
0.577755 28
0.577631 28
0.577516 28
0.577391 28
0.577257 28
0.577104 28
0.576966 28
0.57684 28
0.576704 28
0.576577 28
0.576458 28
0.576342 28
0.576203 28
0.576203 27
0.576076 27
0.575941 27
0.575821 27
0.575684 27
0.57557 27
0.575444 27
0.575303 27
0.575164 27
0.575047 27
0.574916 27
0.574779 27
0.574642 27
0.574512 27
0.574392 27
0.574275 27
0.57415 27
0.574007 27
0.573862 27
0.573745 27
0.573617 27
0.573487 27
0.573338 27
0.573212 27
0.573088 27
0.572974 27
0.572974 26
0.572841 26
0.572841 25
0.572704 25
0.572569 25
0.572434 25
0.572305 25
0.5722 25
0.572089 25
0.571956 25
0.571849 25
0.571703 25
0.571576 25
0.571452 25
0.571341 25
0.571222 25
0.5711 25
0.570968 25
0.570864 25
0.570735 25
0.570625 25
0.570481 25
0.570366 25
0.570227 25
0.570098 25
0.569973 25
0.569836 25
0.569715 25
0.569715 24
0.56959 24
0.569454 24
0.569328 24
0.569207 24
0.569113 23
0.56897 23
0.568856 23
0.568728 23
0.568608 23
0.56847 23
0.568344 23
0.568066 23
0.567931 23
0.567788 23
0.567658 23
0.567535 23
0.567409 23
0.567276 23
0.567131 23
0.566992 23
0.566855 23
0.566731 23
0.566591 23
0.566444 23
0.566309 23
0.566193 23
0.566073 23
0.565953 23
0.565824 23
0.565693 23
0.565567 23
0.565443 23
0.565309 23
0.565203 23
0.565075 23
0.564964 23
0.564849 23
0.564726 23
0.564471 23
0.564354 23
0.564264 22
0.564134 22
0.56401 22
0.563891 22
0.563742 22
0.563621 22
0.563481 22
0.563353 22
0.563215 22
0.563087 22
0.562947 22
0.562842 22
0.5627 22
0.56257 22
0.562427 22
0.562284 22
0.562152 22
0.562008 22
0.561893 22
0.561758 22
0.561629 22
0.561494 22
0.561358 22
0.561222 22
0.561094 22
0.561001 21
0.560868 21
0.560741 21
0.560603 21
0.56051 20
0.56037 20
0.56025 20
0.560108 20
0.559959 20
0.55982 20
0.559701 20
0.55957 20
0.559432 20
0.559303 20
0.559179 20
0.559043 20
0.558916 20
0.558784 20
0.5587 19
0.55859 19
0.558466 19
0.558395 18
0.558266 18
0.55816 18
0.558037 18
0.557906 18
0.557772 18
0.557648 18
0.557606 18
0.557478 18
0.557342 18
0.557214 18
0.557077 18
0.556934 18
0.556804 18
0.556678 18
0.556537 18
0.556403 18
0.556275 18
0.556021 18
0.555888 18
0.555754 18
0.555642 18
0.555509 18
0.555393 18
0.555273 18
0.555157 18
0.555022 18
0.554881 18
0.554744 18
0.554605 18
0.554475 18
0.554344 18
0.554201 18
0.554072 18
0.553929 18
0.553781 18
0.553676 18
0.553552 18
0.553415 18
0.553275 18
0.553156 18
0.55303 18
0.552886 18
0.552759 18
0.552646 18
0.552518 18
0.552388 18
0.552248 18
0.55213 18
0.551995 18
0.551863 18
0.551733 18
0.551585 18
0.55147 18
0.551348 18
0.551217 18
0.551062 18
0.550927 18
0.550798 18
0.550672 18
0.550564 18
0.550446 18
0.550297 18
0.550167 18
0.550028 18
0.549895 18
0.549636 18
0.549497 18
0.549342 18
0.549334 17
0.548935 17
0.548806 17
0.548668 17
0.548535 17
0.548405 17
0.548292 17
0.548158 17
0.548019 17
0.547881 17
0.54778 17
0.547686 16
0.54755 16
0.54741 16
0.547272 16
0.547152 16
0.547047 16
0.546931 16
0.546678 16
0.546571 16
0.546466 16
0.546332 16
0.54619 16
0.546066 16
0.545949 16
0.545831 16
0.545703 16
0.545577 16
0.545436 16
0.545301 16
0.545174 16
0.545024 16
0.544904 16
0.544776 16
0.544659 16
0.544414 16
0.544276 16
0.544165 16
0.544055 16
0.543942 16
0.543648 16
0.543386 16
0.54325 16
0.543119 16
0.542997 16
0.542734 16
0.542588 16
0.542458 16
0.542314 16
0.542189 16
0.542054 16
0.541924 16
0.541801 16
0.54167 16
0.541534 16
0.541422 16
0.541327 15
0.540975 15
0.540836 15
0.540702 15
0.540568 15
0.540438 15
0.540308 15
0.540188 15
0.540068 15
0.539946 15
0.539819 15
0.539695 15
0.539565 15
0.539431 15
0.5393 15
0.53917 15
0.539064 15
0.538816 15
0.53866 15
0.538531 15
0.538412 15
0.538303 15
0.538196 15
0.538078 15
0.537965 15
0.537711 15
0.537579 15
0.537433 15
0.537301 15
0.537168 15
0.537032 15
0.536934 15
0.536813 15
0.536691 15
0.53656 15
0.53656 14
0.536434 14
0.536284 14
0.536148 14
0.536023 14
0.535937 13
0.535815 13
0.535677 13
0.535677 12
0.535403 12
0.535145 12
0.535033 12
0.534896 12
0.534769 12
0.534647 12
0.534509 12
0.534102 12
0.533843 12
0.533711 12
0.533582 12
0.533453 12
0.533316 12
0.533178 12
0.532934 12
0.532801 12
0.532666 12
0.532381 12
0.532248 12
0.532123 12
0.531972 12
0.531708 12
0.531565 12
0.531447 12
0.531318 12
0.53119 12
0.531066 12
0.53095 12
0.530839 12
0.530705 12
0.530482 12
0.530349 12
0.530223 12
0.530103 12
0.529982 12
0.529871 12
0.529755 12
0.529624 12
0.529499 12
0.529256 12
0.528864 12
0.528734 12
0.528438 12
0.52832 12
0.528196 12
0.527917 12
0.527783 12
0.527149 12
0.526871 12
0.526775 11
0.526364 11
0.526102 11
0.525691 11
0.525291 11
0.524916 11
0.524659 11
0.524406 11
0.524285 11
0.524034 11
0.523913 11
0.523762 11
0.523493 11
0.52336 11
0.523107 11
0.522732 11
0.522596 11
0.522349 11
0.522086 11
0.521583 11
0.521443 11
0.521313 11
0.521058 11
0.520923 11
0.520689 11
0.520154 11
0.519637 11
0.519378 11
0.519121 11
0.518723 11
0.518472 11
0.518348 11
0.518214 11
0.517924 11
0.51779 11
0.517261 11
0.517115 11
0.516594 11
0.516458 11
0.516087 11
0.515075 11
0.514831 11
0.513802 11
0.513523 11
0.512351 11
0.511066 11
0.510413 11
0.5098 11
0.509018 11
0.508111 11
0.506645 11
0.505357 11
0.503937 11
0.502782 11
0.500724 11
0.500066 11
0.497453 11
0.494749 11
0.49263 11
0.488457 11
0.486322 11
0.482259 10
0.474011 10
0.456202 10
0 0
0 0
