0.676275 1191
0.676275 1190
0.676161 1190
0.676059 1190
0.676059 1189
0.676059 1188
0.676059 1187
0.675941 1187
0.675941 1186
0.675941 1185
0.675826 1185
0.675826 1184
0.675826 1183
0.675826 1182
0.675826 1181
0.675826 1180
0.675826 1179
0.675826 1178
0.675826 1177
0.675826 1176
0.675826 1175
0.675826 1174
0.675826 1173
0.675826 1172
0.675826 1171
0.675674 1171
0.675674 1170
0.675674 1169
0.675674 1168
0.675674 1167
0.675587 1166
0.675587 1165
0.675587 1164
0.675587 1163
0.675587 1162
0.675587 1161
0.675587 1160
0.675587 1159
0.675587 1158
0.675587 1157
0.675587 1156
0.675587 1155
0.675587 1154
0.675587 1153
0.675587 1152
0.675587 1151
0.675587 1150
0.675587 1149
0.675587 1148
0.675587 1147
0.675587 1146
0.675587 1145
0.675587 1144
0.675587 1143
0.675587 1142
0.675587 1141
0.675587 1140
0.675587 1139
0.675587 1138
0.675587 1137
0.675474 1137
0.675474 1136
0.675474 1135
0.675319 1135
0.675319 1134
0.675292 1133
0.675292 1132
0.675292 1131
0.675292 1130
0.675292 1129
0.675292 1128
0.675188 1128
0.675188 1127
0.675188 1126
0.675188 1125
0.675188 1124
0.675188 1123
0.675188 1122
0.67513 1121
0.67513 1120
0.67513 1119
0.675055 1118
0.675055 1117
0.675055 1116
0.675055 1115
0.675055 1114
0.674932 1114
0.674932 1113
0.674932 1112
0.674932 1111
0.674842 1110
0.674842 1109
0.674842 1108
0.674699 1108
0.674699 1107
0.674632 1106
0.674632 1105
0.674632 1104
0.674632 1103
0.674632 1102
0.674612 1101
0.674612 1100
0.674612 1099
0.674612 1098
0.674612 1097
0.674612 1096
0.674609 1095
0.674609 1094
0.674609 1093
0.674609 1092
0.674609 1091
0.674609 1090
0.674609 1089
0.674562 1088
0.674562 1087
0.674562 1086
0.674562 1085
0.674562 1084
0.674562 1083
0.674562 1082
0.674455 1082
0.674455 1081
0.674455 1080
0.674455 1079
0.674455 1078
0.674455 1077
0.674455 1076
0.674455 1075
0.674455 1074
0.674455 1073
0.674342 1073
0.67427 1072
0.674134 1072
0.674134 1071
0.674134 1070
0.674134 1069
0.674134 1068
0.674134 1067
0.674134 1066
0.674134 1065
0.674134 1064
0.674134 1063
0.674134 1062
0.674134 1061
0.674134 1060
0.674134 1059
0.674134 1058
0.674134 1057
0.674134 1056
0.674134 1055
0.674134 1054
0.674134 1053
0.674007 1053
0.674007 1052
0.674007 1051
0.674007 1050
0.674007 1049
0.674007 1048
0.674007 1047
0.674007 1046
0.674007 1045
0.674007 1044
0.674007 1043
0.674007 1042
0.674007 1041
0.674007 1040
0.674007 1039
0.673943 1038
0.673943 1037
0.673943 1036
0.673943 1035
0.673943 1034
0.673943 1033
0.673943 1032
0.673943 1031
0.673943 1030
0.673943 1029
0.673943 1028
0.67387 1027
0.67387 1026
0.67387 1025
0.67387 1024
0.673736 1024
0.673736 1023
0.673736 1022
0.673736 1021
0.673736 1020
0.673736 1019
0.673736 1018
0.67372 1017
0.67372 1016
0.67372 1015
0.67372 1014
0.67372 1013
0.67372 1012
0.67372 1011
0.67372 1010
0.67372 1009
0.67372 1008
0.67372 1007
0.67372 1006
0.67372 1005
0.67372 1004
0.67372 1003
0.673569 1003
0.673569 1002
0.673569 1001
0.673569 1000
0.673569 999
0.673569 998
0.673569 997
0.673569 996
0.673569 995
0.673569 994
0.673569 993
0.673569 992
0.673569 991
0.673569 990
0.673569 989
0.673569 988
0.673569 987
0.673569 986
0.673569 985
0.673436 985
0.673436 984
0.673436 983
0.673436 982
0.673381 981
0.673381 980
0.673381 979
0.673381 978
0.673381 977
0.673381 976
0.673381 975
0.673381 974
0.673381 973
0.673381 972
0.673381 971
0.673381 970
0.673381 969
0.673381 968
0.673381 967
0.673381 966
0.673381 965
0.673381 964
0.673381 963
0.673381 962
0.673381 961
0.673381 960
0.673381 959
0.673381 958
0.673381 957
0.673213 957
0.673213 956
0.673213 955
0.673213 954
0.673213 953
0.673058 952
0.673058 951
0.673058 950
0.673058 949
0.673058 948
0.672924 948
0.672924 947
0.672796 947
0.672796 946
0.672796 945
0.672796 944
0.672796 943
0.672796 942
0.672796 941
0.672796 940
0.672796 939
0.672664 939
0.672664 938
0.672664 937
0.672535 937
0.672535 936
0.672535 935
0.672535 934
0.672535 933
0.672425 933
0.672425 932
0.672425 931
0.672425 930
0.672425 929
0.672425 928
0.672425 927
0.672425 926
0.672396 925
0.672396 924
0.672396 923
0.672396 922
0.672396 921
0.672396 920
0.672396 919
0.672396 918
0.672396 917
0.672396 916
0.672396 915
0.672396 914
0.672396 913
0.672396 912
0.672252 912
0.672252 911
0.672133 911
0.672133 910
0.672133 909
0.671969 909
0.671969 908
0.671969 907
0.671969 906
0.671969 905
0.671837 905
0.671837 904
0.671837 903
0.671837 902
0.671837 901
0.671837 900
0.671837 899
0.671837 898
0.671837 897
0.671837 896
0.671837 895
0.671837 894
0.671837 893
0.671837 892
0.671837 891
0.671837 890
0.671837 889
0.671837 888
0.671837 887
0.671837 886
0.671837 885
0.671837 884
0.671837 883
0.671837 882
0.671837 881
0.671837 880
0.671837 879
0.671837 878
0.671837 877
0.671837 876
0.671837 875
0.671837 874
0.671837 873
0.671837 872
0.671837 871
0.671704 871
0.671704 870
0.671704 869
0.671704 868
0.671704 867
0.671704 866
0.671704 865
0.671704 864
0.671704 863
0.671704 862
0.671557 862
0.671557 861
0.671557 860
0.671557 859
0.671557 858
0.671557 857
0.671557 856
0.671557 855
0.671557 854
0.671425 854
0.671425 853
0.671425 852
0.671425 851
0.671425 850
0.671425 849
0.671425 848
0.671425 847
0.671425 846
0.671425 845
0.671425 844
0.671425 843
0.671425 842
0.671425 841
0.67129 841
0.67129 840
0.67129 839
0.67129 838
0.67129 837
0.67129 836
0.67129 835
0.67129 834
0.67129 833
0.67129 832
0.67129 831
0.67129 830
0.67129 829
0.67129 828
0.67129 827
0.67129 826
0.67129 825
0.67129 824
0.67129 823
0.671162 823
0.671162 822
0.671162 821
0.671162 820
0.671162 819
0.671162 818
0.671162 817
0.671162 816
0.671162 815
0.671162 814
0.670991 814
0.670991 813
0.670991 812
0.670991 811
0.670991 810
0.670991 809
0.670991 808
0.670991 807
0.670991 806
0.670991 805
0.670991 804
0.670991 803
0.670991 802
0.670991 801
0.670991 800
0.670991 799
0.67087 799
0.67087 798
0.67087 797
0.67087 796
0.67087 795
0.67087 794
0.67087 793
0.67087 792
0.67087 791
0.67087 790
0.67087 789
0.67078 788
0.67078 787
0.67078 786
0.67078 785
0.67078 784
0.67078 783
0.67078 782
0.67078 781
0.67078 780
0.67078 779
0.67078 778
0.67078 777
0.67078 776
0.67078 775
0.67078 774
0.670632 774
0.670632 773
0.670632 772
0.670632 771
0.670632 770
0.670632 769
0.670486 769
0.670486 768
0.670486 767
0.670486 766
0.670486 765
0.670486 764
0.670486 763
0.670486 762
0.670486 761
0.670486 760
0.670486 759
0.670486 758
0.670486 757
0.670486 756
0.67034 756
0.670207 756
0.670207 755
0.670207 754
0.670079 754
0.670079 753
0.670079 752
0.670079 751
0.670079 750
0.670079 749
0.670079 748
0.670079 747
0.670079 746
0.670079 745
0.670079 744
0.670079 743
0.670079 742
0.670079 741
0.669978 741
0.669978 740
0.669978 739
0.669978 738
0.669978 737
0.669978 736
0.669978 735
0.669978 734
0.669859 734
0.669859 733
0.669859 732
0.669859 731
0.669859 730
0.669859 729
0.669859 728
0.669859 727
0.669859 726
0.669859 725
0.669859 724
0.669859 723
0.669859 722
0.669859 721
0.669859 720
0.669859 719
0.669859 718
0.669859 717
0.66974 717
0.669618 717
0.669618 716
0.669618 715
0.669618 714
0.669618 713
0.669618 712
0.66947 712
0.66947 711
0.66947 710
0.66947 709
0.66933 709
0.66933 708
0.669316 707
0.669316 706
0.669316 705
0.669252 704
0.669252 703
0.669252 702
0.669252 701
0.669252 700
0.669252 699
0.669129 699
0.669129 698
0.669129 697
0.669129 696
0.669129 695
0.669129 694
0.669023 694
0.669023 693
0.669023 692
0.669023 691
0.669023 690
0.669023 689
0.669023 688
0.669023 687
0.669023 686
0.669023 685
0.669023 684
0.669023 683
0.669023 682
0.669023 681
0.669023 680
0.669023 679
0.668885 679
0.668831 678
0.66883 677
0.66883 676
0.66883 675
0.66883 674
0.66883 673
0.66883 672
0.66883 671
0.668711 671
0.668711 670
0.668711 669
0.668711 668
0.668711 667
0.668711 666
0.668709 665
0.668709 664
0.668709 663
0.668709 662
0.668595 662
0.668586 661
0.668586 660
0.668586 659
0.668586 658
0.668586 657
0.668586 656
0.668586 655
0.668586 654
0.668586 653
0.668527 652
0.668527 651
0.668527 650
0.668442 650
0.668442 649
0.668283 649
0.668283 648
0.668283 647
0.668283 646
0.668283 645
0.668283 644
0.668255 643
0.668137 643
0.667983 643
0.667983 642
0.667983 641
0.66782 641
0.66782 640
0.66782 639
0.66768 639
0.66768 638
0.66768 637
0.66768 636
0.66768 635
0.667677 634
0.667677 633
0.667677 632
0.667677 631
0.667677 630
0.667677 629
0.667522 629
0.667393 629
0.667272 629
0.667272 628
0.667272 627
0.667148 627
0.667148 626
0.667038 626
0.667038 625
0.667038 624
0.667038 623
0.666913 623
0.666913 622
0.666913 621
0.666913 620
0.666913 619
0.666913 618
0.666913 617
0.666913 616
0.666765 616
0.666765 615
0.666765 614
0.666765 613
0.666765 612
0.666765 611
0.666765 610
0.666765 609
0.666765 608
0.666765 607
0.666765 606
0.666765 605
0.666765 604
0.666765 603
0.666765 602
0.666765 601
0.666765 600
0.666765 599
0.666765 598
0.666765 597
0.666765 596
0.666765 595
0.666635 595
0.666635 594
0.666635 593
0.666635 592
0.666635 591
0.666635 590
0.666635 589
0.666635 588
0.666635 587
0.666558 586
0.666558 585
0.666404 585
0.666404 584
0.666276 584
0.66617 584
0.66617 583
0.666012 583
0.665988 582
0.665988 581
0.665839 581
0.665839 580
0.665839 579
0.665839 578
0.665701 578
0.665701 577
0.665701 576
0.665701 575
0.665629 574
0.665629 573
0.665629 572
0.665629 571
0.665629 570
0.665479 570
0.665479 569
0.665406 568
0.665406 567
0.665311 566
0.665255 565
0.665192 564
0.665066 564
0.665066 563
0.665066 562
0.665066 561
0.664953 561
0.664953 560
0.664953 559
0.664953 558
0.664953 557
0.664953 556
0.664953 555
0.664953 554
0.664953 553
0.664807 553
0.664807 552
0.664807 551
0.664807 550
0.664807 549
0.664801 548
0.664801 547
0.664801 546
0.664801 545
0.664801 544
0.664801 543
0.664801 542
0.664712 541
0.664712 540
0.664712 539
0.664712 538
0.664712 537
0.664594 537
0.664594 536
0.664594 535
0.664594 534
0.664594 533
0.66457 532
0.66457 531
0.664514 530
0.664363 530
0.664358 529
0.664207 529
0.664207 528
0.664207 527
0.664207 526
0.664207 525
0.664207 524
0.664073 524
0.664073 523
0.663967 523
0.663967 522
0.663841 522
0.663841 521
0.663841 520
0.663841 519
0.663841 518
0.663841 517
0.663841 516
0.663841 515
0.663841 514
0.663841 513
0.663841 512
0.663841 511
0.663696 511
0.663553 511
0.663553 510
0.66341 510
0.66341 509
0.66341 508
0.663299 508
0.663299 507
0.663299 506
0.663135 506
0.663135 505
0.663135 504
0.663135 503
0.663135 502
0.663 502
0.662864 502
0.662685 502
0.662553 502
0.662553 501
0.6624 501
0.6624 500
0.6624 499
0.6624 498
0.6624 497
0.6624 496
0.662371 495
0.662371 494
0.662371 493
0.662371 492
0.662371 491
0.662297 490
0.662297 489
0.662297 488
0.662297 487
0.662297 486
0.662297 485
0.662297 484
0.662297 482
0.662297 481
0.662297 480
0.662297 479
0.662297 478
0.662203 477
0.662203 476
0.662203 475
0.662203 474
0.662203 473
0.662203 472
0.662203 471
0.662203 470
0.662203 469
0.662107 468
0.662107 467
0.662107 466
0.661995 466
0.661995 465
0.661995 464
0.661995 463
0.661995 462
0.661995 461
0.661995 460
0.661995 459
0.661995 458
0.661995 457
0.661995 456
0.661995 455
0.661995 454
0.661995 453
0.661899 452
0.661899 451
0.661899 450
0.661899 449
0.661889 448
0.661889 447
0.661751 447
0.661751 446
0.661751 445
0.661751 444
0.661751 443
0.661751 442
0.661667 441
0.661667 440
0.661667 439
0.661667 438
0.661667 437
0.661667 436
0.661667 435
0.661667 434
0.661667 433
0.661667 432
0.661667 431
0.661667 430
0.661667 429
0.661667 428
0.661667 427
0.661667 426
0.661572 425
0.661572 424
0.6614 424
0.6614 423
0.661372 422
0.661215 422
0.661215 421
0.661215 420
0.661215 419
0.661131 418
0.661131 417
0.661131 416
0.661131 415
0.661005 415
0.661005 414
0.661005 413
0.661005 412
0.661005 411
0.661005 410
0.661005 409
0.661005 408
0.661005 407
0.661005 406
0.661005 405
0.661005 404
0.660944 403
0.660944 402
0.660788 402
0.660725 401
0.660725 400
0.660725 399
0.660725 398
0.660725 397
0.660725 396
0.660725 395
0.660725 394
0.660596 394
0.660596 393
0.660596 392
0.660596 391
0.660596 390
0.660596 389
0.660596 388
0.660596 387
0.660596 386
0.660472 386
0.660472 385
0.660472 384
0.660472 383
0.660472 382
0.660313 382
0.660313 381
0.660192 381
0.660192 380
0.660055 380
0.660036 379
0.660036 378
0.660036 377
0.660036 376
0.659913 376
0.659762 376
0.659762 375
0.659762 374
0.659762 373
0.659762 372
0.659762 371
0.659762 370
0.659762 369
0.659676 368
0.659494 368
0.659341 368
0.659341 367
0.659341 366
0.659341 365
0.659341 364
0.659341 363
0.659205 363
0.659086 363
0.659086 362
0.659086 361
0.658947 361
0.658947 360
0.658947 359
0.658801 359
0.658801 358
0.658681 358
0.658564 358
0.658564 357
0.658564 356
0.658564 355
0.658428 355
0.658304 355
0.658304 354
0.65816 354
0.658022 354
0.658022 353
0.658022 352
0.658022 351
0.657917 351
0.657917 350
0.657917 349
0.657917 348
0.657917 347
0.657917 346
0.657917 345
0.657758 345
0.657758 344
0.657758 343
0.657758 342
0.657758 341
0.657758 340
0.657758 339
0.657758 338
0.657758 337
0.657617 337
0.657484 337
0.657484 336
0.657484 335
0.657484 334
0.657484 333
0.657346 333
0.657346 332
0.657186 332
0.657059 332
0.656921 332
0.656921 331
0.656921 330
0.656921 329
0.656921 328
0.656921 327
0.656798 327
0.656798 326
0.656798 325
0.656662 325
0.656662 324
0.656662 323
0.656494 323
0.656494 322
0.656375 322
0.656375 321
0.656375 320
0.656375 319
0.656218 319
0.656218 318
0.656123 317
0.656053 316
0.656053 315
0.656053 314
0.656053 313
0.656053 312
0.656053 311
0.656053 310
0.656053 309
0.655933 309
0.655933 308
0.655933 307
0.655933 306
0.655803 306
0.655698 306
0.655698 305
0.655698 304
0.655698 303
0.655698 302
0.655698 301
0.655698 300
0.655698 299
0.655698 298
0.655698 297
0.655698 296
0.655698 295
0.655698 294
0.655698 293
0.655698 292
0.655698 291
0.655698 290
0.655698 289
0.655698 288
0.655698 287
0.655549 287
0.655389 287
0.655389 286
0.655389 285
0.655221 285
0.655221 284
0.655221 283
0.655068 283
0.654924 283
0.654924 282
0.654814 282
0.654814 281
0.654656 281
0.654656 280
0.654656 279
0.65449 279
0.65449 278
0.654354 278
0.654354 277
0.654354 276
0.654354 275
0.654216 275
0.654216 274
0.654216 273
0.654154 272
0.654154 271
0.653991 271
0.653897 270
0.653897 269
0.653741 269
0.65363 269
0.65363 268
0.65363 267
0.65363 266
0.653547 265
0.653547 264
0.653547 263
0.653414 263
0.653271 263
0.653271 262
0.653271 261
0.653271 260
0.653271 259
0.653121 259
0.653079 258
0.653079 257
0.652941 257
0.652941 256
0.652941 255
0.652941 254
0.652941 253
0.652941 252
0.652941 251
0.652941 250
0.652941 249
0.652941 248
0.652845 247
0.652845 246
0.652845 245
0.652735 245
0.652735 244
0.652735 243
0.652588 243
0.652588 242
0.652488 242
0.652488 241
0.652488 240
0.652424 239
0.652424 238
0.652286 238
0.652286 237
0.652286 236
0.652286 235
0.652208 234
0.652208 233
0.652208 232
0.652208 231
0.652208 230
0.6521 230
0.6521 229
0.6521 228
0.6521 227
0.6521 226
0.651958 226
0.651957 225
0.651957 224
0.651801 224
0.651801 223
0.651645 223
0.651508 223
0.651508 222
0.651508 221
0.651508 220
0.651405 220
0.651252 220
0.651252 219
0.651252 218
0.65114 218
0.65114 217
0.651054 216
0.651054 215
0.651054 214
0.650894 214
0.650786 214
0.650786 213
0.650786 212
0.650786 211
0.650629 211
0.650629 210
0.650366 210
0.650366 209
0.650366 208
0.650366 207
0.650366 206
0.650366 205
0.650346 204
0.650346 203
0.650346 202
0.650298 201
0.650211 200
0.650103 200
0.650103 199
0.64996 199
0.64996 198
0.64996 197
0.64996 196
0.64983 196
0.64983 195
0.64983 194
0.64983 193
0.649724 193
0.649724 192
0.649724 191
0.649567 191
0.649567 190
0.649567 189
0.649567 188
0.649567 187
0.649406 187
0.649406 186
0.649406 185
0.649406 184
0.649406 183
0.64933 182
0.649186 182
0.649186 181
0.649071 181
0.648961 181
0.648833 181
0.648833 180
0.648833 179
0.648833 178
0.648694 178
0.648581 178
0.648427 178
0.6483 178
0.648183 178
0.648183 177
0.648061 177
0.647938 177
0.647896 176
0.647896 175
0.647896 174
0.647896 173
0.64786 172
0.647846 171
0.647846 170
0.647754 169
0.647754 168
0.647632 168
0.647632 167
0.647527 167
0.647527 166
0.647527 165
0.647391 165
0.647391 164
0.647391 163
0.647391 162
0.647391 161
0.647391 160
0.647254 160
0.647254 159
0.647254 158
0.647254 157
0.647133 157
0.646976 157
0.646859 157
0.646721 157
0.646609 157
0.646609 156
0.646453 156
0.646334 156
0.646334 155
0.646334 154
0.646334 153
0.646167 153
0.646167 152
0.646028 152
0.645877 152
0.64578 152
0.645654 152
0.645519 152
0.645519 151
0.645378 151
0.645223 151
0.645223 150
0.645112 150
0.645112 149
0.645112 148
0.644956 148
0.644802 148
0.644626 148
0.64449 148
0.64449 147
0.644352 147
0.644236 147
0.644048 147
0.64399 146
0.64399 145
0.643817 145
0.643817 144
0.643679 144
0.643524 144
0.643524 143
0.643419 143
0.643279 143
0.643138 143
0.642993 143
0.64285 143
0.642702 143
0.642702 142
0.642578 142
0.642447 142
0.642298 142
0.642298 141
0.642298 140
0.642139 140
0.641978 140
0.641833 140
0.641764 139
0.641588 139
0.641459 139
0.641335 139
0.641177 139
0.641177 138
0.641049 138
0.640953 137
0.640868 136
0.640868 135
0.640868 134
0.640717 134
0.640565 134
0.64048 133
0.640344 133
0.640225 133
0.640225 132
0.640105 132
0.639962 132
0.639872 131
0.639872 130
0.639872 129
0.639872 128
0.639715 128
0.639575 128
0.639423 128
0.63927 128
0.639209 127
0.639209 126
0.639053 126
0.63892 126
0.638793 126
0.638793 125
0.638678 125
0.638544 125
0.638544 124
0.638459 123
0.638459 122
0.638459 121
0.638289 121
0.638189 121
0.638039 121
0.637907 121
0.637777 121
0.637777 120
0.63763 120
0.637616 119
0.637535 118
0.637535 117
0.637383 117
0.637262 117
0.637262 116
0.637153 116
0.637051 116
0.636907 116
0.636907 115
0.636907 114
0.636907 113
0.636755 113
0.636611 113
0.636478 113
0.63635 113
0.63635 112
0.63635 111
0.63635 110
0.636234 110
0.636234 109
0.636073 109
0.636073 108
0.636073 107
0.636002 106
0.635864 106
0.635693 106
0.635558 106
0.635393 106
0.635265 106
0.635265 105
0.635163 105
0.635052 105
0.635052 104
0.634924 104
0.634924 103
0.634831 102
0.634706 102
0.634706 101
0.634706 100
0.63458 100
0.634465 100
0.634367 100
0.634208 100
0.634086 100
0.634086 99
0.633992 98
0.633992 97
0.633821 97
0.633821 96
0.633644 96
0.633644 95
0.633536 95
0.633536 94
0.633373 94
0.633246 94
0.6331 94
0.633039 93
0.633039 92
0.633039 91
0.632941 91
0.632784 91
0.632633 91
0.632529 91
0.632253 91
0.632159 90
0.632038 90
0.63201 89
0.631883 89
0.631749 89
0.631595 89
0.631451 89
0.631307 89
0.631147 89
0.630982 89
0.630982 88
0.630826 88
0.630684 88
0.630684 87
0.630561 87
0.63043 87
0.630339 86
0.630339 85
0.630339 84
0.630339 83
0.630268 82
0.630105 82
0.629945 82
0.62981 82
0.629641 82
0.629513 82
0.629424 81
0.629325 81
0.62918 81
0.62918 80
0.62918 79
0.62918 78
0.629077 78
0.628919 78
0.62879 78
0.62879 77
0.628625 77
0.628474 77
0.628474 76
0.628329 76
0.628197 76
0.628065 76
0.627897 76
0.627752 76
0.627615 76
0.627615 75
0.627575 74
0.627575 73
0.627575 72
0.627461 72
0.627373 71
0.627373 70
0.627258 70
0.627108 70
0.627024 69
0.626927 69
0.626927 68
0.62683 68
0.626699 68
0.626596 68
0.626436 68
0.626368 67
0.626196 67
0.626051 67
0.625896 67
0.625754 67
0.625754 66
0.625754 65
0.625644 65
0.625498 65
0.625411 64
0.625267 64
0.625131 64
0.624981 64
0.624822 64
0.624659 64
0.624533 64
0.624372 64
0.624233 64
0.624109 64
0.624034 63
0.623868 63
0.623721 63
0.623583 63
0.623441 63
0.623316 63
0.623171 63
0.623171 62
0.623005 62
0.622888 62
0.622888 61
0.622742 61
0.622742 60
0.622742 59
0.622588 59
0.622588 58
0.622468 58
0.622317 58
0.622154 58
0.622035 58
0.621902 58
0.621776 58
0.621657 58
0.62153 58
0.621365 57
0.62124 57
0.62124 56
0.621134 56
0.620997 56
0.620872 56
0.620713 56
0.620564 56
0.620404 56
0.620239 56
0.62009 56
0.62009 55
0.619943 55
0.619784 55
0.619771 54
0.619663 54
0.619524 54
0.619474 53
0.619336 53
0.619184 53
0.619034 53
0.618871 53
0.618728 53
0.618578 53
0.618578 52
0.618578 51
0.618429 51
0.618286 51
0.618163 51
0.618033 51
0.617885 51
0.617742 51
0.617742 50
0.617742 49
0.617742 48
0.617595 48
0.617595 47
0.617464 47
0.617326 47
0.617184 47
0.617057 47
0.616954 47
0.616806 47
0.616662 47
0.61653 47
0.61653 46
0.61653 45
0.616378 45
0.616213 45
0.616072 45
0.615927 45
0.615824 45
0.615738 44
0.615738 43
0.615585 43
0.615427 43
0.615427 42
0.615291 42
0.615171 42
0.615023 42
0.614889 42
0.614889 41
0.614726 41
0.614594 41
0.614475 41
0.614361 41
0.614194 41
0.61406 41
0.613924 41
0.613783 41
0.613672 41
0.613493 41
0.613371 41
0.613214 41
0.613049 41
0.612917 41
0.612828 40
0.612671 40
0.612512 40
0.612391 40
0.612264 40
0.612149 40
0.612032 40
0.611904 40
0.611776 40
0.611643 40
0.611508 40
0.611336 40
0.611195 40
0.611055 40
0.610889 40
0.610743 40
0.610607 40
0.610607 39
0.610493 39
0.610343 39
0.610238 39
0.610088 39
0.60995 39
0.609801 39
0.609801 38
0.609801 37
0.609663 37
0.609503 37
0.609398 37
0.609282 37
0.609154 37
0.609018 37
0.609018 36
0.608888 36
0.608745 36
0.608628 36
0.608468 36
0.608468 35
0.608328 35
0.608163 35
0.60801 35
0.6079 35
0.607765 35
0.607611 35
0.607448 35
0.607292 35
0.607126 35
0.607126 34
0.607036 33
0.606944 32
0.606783 32
0.606672 32
0.606582 31
0.606416 31
0.606286 31
0.606132 31
0.606048 30
0.605894 30
0.605749 30
0.605598 30
0.605539 29
0.605397 29
0.605228 29
0.605104 29
0.604947 29
0.604782 29
0.604622 29
0.604473 29
0.604312 29
0.604168 29
0.604019 29
0.603884 29
0.603726 29
0.603578 29
0.603477 29
0.603344 29
0.603203 29
0.603069 29
0.602975 28
0.602975 27
0.602828 27
0.602707 27
0.602707 26
0.602556 26
0.602438 26
0.602311 26
0.602163 26
0.60202 26
0.601864 26
0.601702 26
0.601571 26
0.601468 26
0.601156 26
0.601027 26
0.600881 26
0.600741 26
0.600741 25
0.600625 25
0.600479 25
0.600336 25
0.600214 25
0.60007 25
0.599927 25
0.599774 25
0.599647 25
0.599487 25
0.599334 25
0.599179 25
0.59904 25
0.598888 25
0.598742 25
0.598645 24
0.598497 24
0.598327 24
0.598212 24
0.59814 23
0.597992 23
0.597848 23
0.597697 23
0.597536 23
0.597386 23
0.597259 23
0.597259 22
0.597118 22
0.597006 22
0.596851 22
0.596717 22
0.59656 22
0.596408 22
0.596242 22
0.596242 21
0.596079 21
0.595932 21
0.59563 21
0.59548 21
0.595343 21
0.595194 21
0.595076 21
0.594942 21
0.594771 21
0.5946 21
0.594475 21
0.594325 21
0.594183 21
0.594044 21
0.593926 21
0.593766 21
0.593637 21
0.593483 21
0.593306 21
0.593181 21
0.593068 21
0.592905 21
0.592756 21
0.59262 21
0.592496 21
0.592347 21
0.592199 21
0.592085 21
0.591935 21
0.591773 21
0.591653 21
0.591518 21
0.591378 21
0.591224 21
0.591073 21
0.590921 21
0.590827 20
0.590683 20
0.590522 20
0.59038 20
0.590216 20
0.590061 20
0.589949 20
0.589785 20
0.589641 20
0.589531 20
0.589401 20
0.589271 20
0.589133 20
0.588984 20
0.588825 20
0.588693 20
0.58861 19
0.588477 19
0.588346 19
0.588202 19
0.588065 19
0.587956 19
0.587788 19
0.587646 19
0.587535 19
0.587388 19
0.587219 19
0.587099 19
0.586967 19
0.586814 19
0.586693 19
0.586597 18
0.586445 18
0.586332 18
0.586162 18
0.586012 18
0.585869 18
0.585717 18
0.585565 18
0.585413 18
0.585288 18
0.585124 18
0.584981 18
0.584981 17
0.584838 17
0.584716 17
0.584571 17
0.584419 17
0.584419 16
0.584291 16
0.584122 16
0.584027 15
0.583892 15
0.583735 15
0.583565 15
0.583415 15
0.583278 15
0.583124 15
0.582988 15
0.582835 15
0.582672 15
0.582543 15
0.582427 15
0.582283 15
0.582155 15
0.582016 15
0.581875 15
0.581738 15
0.58161 15
0.58145 15
0.581273 15
0.581109 15
0.580967 15
0.580863 15
0.580758 15
0.580602 15
0.580452 15
0.580344 15
0.580171 15
0.580051 15
0.579916 15
0.5798 15
0.579639 15
0.579538 15
0.579385 15
0.579233 15
0.57909 15
0.57893 15
0.578776 15
0.578644 15
0.578487 15
0.578356 15
0.578217 15
0.57806 15
0.577928 15
0.577774 15
0.577623 15
0.577463 15
0.577323 15
0.577176 15
0.577041 15
0.576902 15
0.576726 15
0.576564 15
0.576444 15
0.576299 15
0.57616 15
0.576023 15
0.575897 15
0.575755 15
0.575605 15
0.575459 15
0.575301 15
0.575201 15
0.575038 15
0.574918 15
0.574818 15
0.574667 15
0.574506 15
0.574354 15
0.574203 15
0.574084 15
0.573953 15
0.573821 15
0.573717 15
0.573587 15
0.573433 15
0.573295 15
0.573174 15
0.573021 15
0.572879 15
0.572745 15
0.572597 15
0.572461 15
0.572363 15
0.572261 15
0.572111 15
0.571942 15
0.57179 15
0.571652 15
0.571508 15
0.571377 15
0.571221 15
0.571073 15
0.570939 15
0.570793 15
0.570617 15
0.57047 15
0.570323 15
0.570188 15
0.570083 15
0.569947 15
0.56979 15
0.56965 15
0.569492 15
0.569354 15
0.569223 15
0.569135 14
0.568988 14
0.568827 14
0.568719 14
0.5686 14
0.568439 14
0.568294 14
0.568158 14
0.568066 13
0.567939 13
0.567791 13
0.567623 13
0.567523 13
0.567417 13
0.567258 13
0.567097 13
0.566954 13
0.566795 13
0.56666 13
0.566531 13
0.566363 13
0.566209 13
0.566037 13
0.565858 13
0.565715 13
0.565563 13
0.565429 13
0.565263 13
0.565139 13
0.564985 13
0.564856 13
0.56472 13
0.564583 13
0.564427 13
0.564284 13
0.564131 13
0.564015 13
0.563867 13
0.56371 13
0.563571 13
0.563428 13
0.563271 13
0.563137 13
0.563003 13
0.562856 13
0.562704 13
0.562542 13
0.562413 13
0.562259 13
0.562116 13
0.561973 13
0.561822 13
0.561697 13
0.561554 13
0.561401 13
0.561296 13
0.561149 13
0.561008 13
0.560881 13
0.560742 13
0.560592 13
0.560457 13
0.560317 13
0.560177 13
0.560016 13
0.559867 13
0.559745 13
0.559591 13
0.559444 13
0.559274 13
0.55912 13
0.558959 13
0.558825 13
0.558687 13
0.55856 13
0.558431 13
0.558329 13
0.558167 13
0.558039 13
0.557947 12
0.557781 12
0.557627 12
0.557478 12
0.557368 12
0.557213 12
0.557073 12
0.556913 12
0.556751 12
0.556602 12
0.556441 12
0.556311 12
0.556174 12
0.556012 12
0.555913 12
0.55579 12
0.555667 12
0.555527 12
0.555363 12
0.55523 12
0.555067 12
0.554922 12
0.55479 12
0.554631 12
0.554516 12
0.554362 12
0.554232 12
0.554081 12
0.553971 12
0.553817 12
0.553663 12
0.553527 12
0.553385 12
0.553258 12
0.553131 12
0.552974 12
0.552825 12
0.552688 12
0.552547 12
0.552391 12
0.552238 12
0.552123 12
0.551997 12
0.551883 12
0.551777 12
0.551634 12
0.551495 12
0.551374 12
0.551207 12
0.551064 12
0.550916 12
0.550782 12
0.550621 12
0.550461 12
0.550315 12
0.550155 12
0.549993 12
0.549829 12
0.549681 12
0.549545 12
0.549407 12
0.549247 12
0.549105 12
0.548939 12
0.548785 12
0.54864 12
0.54864 11
0.548516 11
0.548376 11
0.548244 11
0.5481 11
0.547922 11
0.547766 11
0.547653 11
0.547521 11
0.54741 11
0.547251 11
0.547103 11
0.546957 11
0.546811 11
0.546653 11
0.546487 11
0.54633 11
0.546177 11
0.546046 11
0.545926 11
0.545801 11
0.54565 11
0.545483 11
0.545329 11
0.545173 11
0.545083 10
0.54493 10
0.544783 10
0.544648 10
0.544526 10
0.544415 10
0.54427 10
0.54414 10
0.543981 10
0.543843 10
0.543695 10
0.543544 10
0.5434 10
0.543274 10
0.543132 10
0.542953 10
0.5428 10
0.54263 10
0.54249 10
0.542325 10
0.542184 10
0.542007 10
0.541893 10
0.541727 10
0.54159 10
0.541438 10
0.541283 10
0.541146 10
0.540981 10
0.54083 10
0.540695 10
0.540525 10
0.540416 10
0.540289 10
0.540158 10
0.540021 10
0.539879 10
0.539713 10
0.539589 10
0.539471 10
0.539304 10
0.539164 10
0.539037 10
0.538866 10
0.538741 10
0.538596 10
0.53847 10
0.538355 10
0.538209 10
0.538052 10
0.537916 10
0.537758 10
0.537618 10
0.537461 10
0.53732 10
0.537159 10
0.537005 10
0.536867 10
0.536714 10
0.536575 10
0.536449 10
0.536291 10
0.536156 10
0.53604 10
0.535908 10
0.535756 10
0.535592 10
0.535416 10
0.535274 10
0.535131 10
0.534989 10
0.534823 10
0.534651 10
0.534558 9
0.534421 9
0.534279 9
0.534138 9
0.533984 9
0.533817 9
0.53351 9
0.53337 9
0.533241 9
0.533133 9
0.53299 9
0.532849 9
0.532763 8
0.532629 8
0.532468 8
0.532327 8
0.532174 8
0.532018 8
0.531846 8
0.531703 8
0.531566 8
0.531415 8
0.531302 8
0.531205 8
0.53106 8
0.53093 8
0.530816 8
0.530674 8
0.530519 8
0.530394 8
0.530282 8
0.530137 8
0.530007 8
0.529849 8
0.529685 8
0.529535 8
0.529408 8
0.52927 8
0.529124 8
0.528967 8
0.528814 8
0.528673 8
0.528538 8
0.5284 8
0.52825 8
0.528109 8
0.527986 8
0.52789 7
0.527746 7
0.527612 7
0.527511 7
0.52734 7
0.527195 7
0.527042 7
0.526883 7
0.526738 7
0.526574 7
0.526404 7
0.526243 7
0.526113 7
0.525942 7
0.525815 7
0.525664 7
0.525534 7
0.525414 7
0.525317 7
0.525156 7
0.525005 7
0.524875 7
0.524741 7
0.524607 7
0.524478 7
0.524344 7
0.524189 7
0.52402 7
0.523887 7
0.52371 7
0.523558 7
0.523405 7
0.523237 7
0.523116 7
0.522957 7
0.522793 7
0.522639 7
0.522476 7
0.522324 7
0.522176 7
0.522029 7
0.521887 7
0.521759 7
0.521604 7
0.521446 7
0.521297 7
0.521141 7
0.520983 7
0.520848 7
0.520706 7
0.520592 7
0.520479 7
0.520323 7
0.520171 7
0.52003 7
0.519896 7
0.519757 7
0.519614 7
0.519459 7
0.5193 7
0.519069 6
0.518943 6
0.518795 6
0.518635 6
0.518496 6
0.518351 6
0.51819 6
0.518049 6
0.51791 6
0.517748 6
0.517621 6
0.517486 6
0.517322 6
0.517139 6
0.51698 6
0.516824 6
0.516683 6
0.516523 6
0.516387 6
0.51626 6
0.516117 6
0.515959 6
0.515779 6
0.515658 6
0.515507 6
0.515374 6
0.515238 6
0.515104 6
0.514958 6
0.514842 6
0.51469 6
0.514565 6
0.514429 6
0.514295 6
0.514139 6
0.513974 6
0.513846 6
0.513713 6
0.51354 6
0.513409 6
0.513246 6
0.513078 6
0.51298 6
0.512835 6
0.512694 6
0.512558 6
0.512428 6
0.512306 6
0.512155 6
0.512004 6
0.511869 6
0.511755 6
0.511655 6
0.511517 6
0.511378 6
0.511227 6
0.511077 6
0.510965 6
0.510827 6
0.510664 6
0.510526 6
0.510376 6
0.510215 6
0.510066 6
0.509925 6
0.509788 6
0.509685 6
0.50952 6
0.50937 6
0.509227 6
0.509102 6
0.508944 6
0.508789 6
0.508627 6
0.50845 6
0.508291 6
0.508132 6
0.507986 6
0.507824 6
0.507674 6
0.507511 6
0.507341 6
0.50719 6
0.507024 6
0.506885 6
0.506738 6
0.506568 6
0.506413 6
0.506255 6
0.506113 6
0.505959 6
0.505823 6
0.505674 6
0.505519 6
0.505416 6
0.505254 6
0.505106 6
0.504936 6
0.504792 6
0.504657 6
0.504508 6
0.504389 6
0.504241 6
0.50407 6
0.503927 6
0.503791 6
0.503629 6
0.50347 6
0.503309 6
0.503157 6
0.503014 6
0.502869 6
0.5027 6
0.50252 6
0.502376 6
0.50223 6
0.502144 5
0.501992 5
0.501866 5
0.501553 5
0.501402 5
0.501265 5
0.501143 5
0.501004 5
0.500894 5
0.500759 5
0.500623 5
0.500484 5
0.500329 5
0.50019 5
0.500029 5
0.499848 5
0.499714 5
0.499578 5
0.499426 5
0.499266 5
0.499119 5
0.498963 5
0.498835 5
0.498708 5
0.498552 5
0.498418 5
0.498257 5
0.498121 5
0.497982 5
0.497843 5
0.497691 5
0.497546 5
0.49742 5
0.49727 5
0.497107 5
0.496973 5
0.496814 5
0.496666 5
0.496514 5
0.496356 5
0.496225 5
0.496062 5
0.495902 5
0.495756 5
0.495602 5
0.495447 5
0.495305 5
0.495126 5
0.495014 5
0.494869 5
0.494743 5
0.494603 5
0.494449 5
0.494305 5
0.494173 5
0.494009 5
0.493875 5
0.493721 5
0.49361 5
0.493452 5
0.493324 5
0.493155 5
0.493013 5
0.492859 5
0.492708 5
0.492547 5
0.492401 5
0.492254 5
0.492091 5
0.491954 5
0.491794 5
0.491683 5
0.491526 5
0.491385 5
0.491236 5
0.491103 5
0.490976 5
0.490818 5
0.490674 5
0.490524 5
0.490393 5
0.490277 5
0.490155 5
0.490015 5
0.48986 5
0.4897 5
0.489535 5
0.489383 5
0.489239 5
0.489091 5
0.488934 5
0.488813 5
0.488681 5
0.488557 5
0.488407 5
0.488277 5
0.488136 5
0.487995 5
0.48785 5
0.487742 5
0.487598 5
0.487424 5
0.487268 5
0.487118 5
0.486972 5
0.486808 5
0.486652 5
0.48633 5
0.486164 5
0.486025 5
0.485873 5
0.485699 5
0.485547 5
0.48539 5
0.485256 5
0.485109 5
0.484974 5
0.484847 5
0.484711 5
0.484561 5
0.484398 5
0.484398 4
0.484291 4
0.484164 4
0.48401 4
0.483841 4
0.48369 4
0.483552 4
0.483414 4
0.483255 4
0.483108 4
0.482944 4
0.482809 4
0.482683 4
0.482552 4
0.482408 4
0.482247 4
0.482116 4
0.481972 4
0.481831 4
0.481672 4
0.481567 4
0.48142 4
0.481259 4
0.481091 4
0.480947 4
0.480817 4
0.480638 4
0.480485 4
0.480345 4
0.480186 4
0.480033 4
0.479909 4
0.479761 4
0.47963 4
0.479498 4
0.479358 4
0.479188 4
0.479043 4
0.478922 4
0.478753 4
0.478597 4
0.478474 4
0.478333 4
0.478197 4
0.478039 4
0.477956 3
0.477785 3
0.477657 3
0.477548 3
0.477395 3
0.477275 3
0.477098 3
0.476971 3
0.476795 3
0.476667 3
0.47648 3
0.476327 3
0.47617 3
0.47605 3
0.475907 3
0.475761 3
0.475616 3
0.47548 3
0.475343 3
0.475207 3
0.475059 3
0.474923 3
0.474799 3
0.474671 3
0.474532 3
0.474369 3
0.474043 3
0.473928 3
0.473787 3
0.473669 3
0.473516 3
0.473359 3
0.473203 3
0.473033 3
0.472886 3
0.472743 3
0.472596 3
0.472433 3
0.472275 3
0.472139 3
0.472004 3
0.471838 3
0.471697 3
0.471571 3
0.471438 3
0.471329 3
0.471166 3
0.47103 3
0.470868 3
0.470753 3
0.470596 3
0.470434 3
0.470302 3
0.470157 3
0.470031 3
0.469864 3
0.469712 3
0.469571 3
0.469422 3
0.469316 3
0.469159 3
0.469038 3
0.468907 3
0.468752 3
0.468612 3
0.468462 3
0.468315 3
0.468193 3
0.468036 3
0.467866 3
0.467727 3
0.467585 3
0.467453 3
0.467297 3
0.467135 3
0.46699 3
0.466814 3
0.466681 3
0.466531 3
0.466368 3
0.466237 3
0.466089 3
0.465936 3
0.465785 3
0.465658 3
0.465518 3
0.465391 3
0.465245 3
0.465118 3
0.464951 3
0.464825 3
0.464704 3
0.464558 3
0.464419 3
0.464247 3
0.464094 3
0.463964 3
0.463828 3
0.463707 3
0.463593 3
0.463422 3
0.463276 3
0.463111 3
0.462977 3
0.462817 3
0.462665 3
0.462506 3
0.462361 3
0.462195 3
0.462067 3
0.461911 3
0.461785 3
0.461647 3
0.461495 3
0.461388 3
0.461221 3
0.461055 3
0.460888 3
0.460737 3
0.460592 3
0.460426 3
0.460286 3
0.460116 3
0.459968 3
0.459828 3
0.459669 3
0.459512 3
0.459354 3
0.459209 3
0.459075 3
0.458913 3
0.458752 3
0.458628 3
0.458463 3
0.458317 3
0.458174 3
0.458038 3
0.45789 3
0.457748 3
0.457611 3
0.457459 3
0.457313 3
0.457152 3
0.456982 3
0.456835 3
0.456675 3
0.456536 3
0.456376 3
0.456221 3
0.456048 3
0.455881 3
0.455729 3
0.455591 3
0.455454 3
0.455291 3
0.455132 3
0.454986 3
0.454812 3
0.45466 3
0.454504 3
0.454401 3
0.454239 3
0.454089 3
0.453952 3
0.453793 3
0.45366 3
0.453488 3
0.453343 3
0.453186 3
0.453054 3
0.452945 3
0.452771 3
0.452613 3
0.452467 3
0.452312 3
0.45217 3
0.452013 3
0.45186 3
0.451703 3
0.451587 3
0.451438 3
0.451301 3
0.451161 3
0.451039 3
0.450893 3
0.450734 3
0.450603 3
0.450448 3
0.450322 3
0.450179 3
0.450057 3
0.449898 3
0.449741 3
0.449619 3
0.449468 3
0.449323 3
0.449153 3
0.448999 3
0.448844 3
0.448702 3
0.448541 3
0.44839 3
0.448224 3
0.448072 3
0.447945 3
0.447779 3
0.447648 3
0.447505 3
0.447351 3
0.447203 3
0.447064 3
0.446955 3
0.44679 3
0.446652 3
0.446548 3
0.44644 3
0.446299 3
0.446169 3
0.446019 3
0.445878 3
0.445745 3
0.445582 3
0.445441 3
0.445305 3
0.445141 3
0.44502 3
0.444871 3
0.444697 3
0.444561 3
0.444389 3
0.444267 3
0.444146 3
0.44401 3
0.443848 3
0.443694 3
0.443536 3
0.443397 3
0.443272 3
0.443116 3
0.442983 3
0.442838 3
0.442704 3
0.442591 3
0.442454 3
0.442302 3
0.442165 3
0.442035 3
0.441889 3
0.44172 3
0.441551 3
0.441432 3
0.441274 3
0.441127 3
0.440959 3
0.440805 3
0.440684 3
0.440541 3
0.440395 3
0.440285 3
0.440133 3
0.440008 3
0.439863 3
0.439732 3
0.439575 3
0.439449 3
0.439295 3
0.439163 3
0.439013 3
0.438849 3
0.438675 3
0.438501 3
0.438342 3
0.438222 3
0.438082 3
0.437936 3
0.437797 3
0.437669 3
0.437527 3
0.437381 3
0.437229 3
0.437061 3
0.436968 2
0.4368 2
0.436668 2
0.436482 2
0.436336 2
0.436194 2
0.436042 2
0.435882 2
0.435762 2
0.435652 2
0.435514 2
0.435383 2
0.435252 2
0.435138 2
0.434988 2
0.434859 2
0.43472 2
0.434592 2
0.434466 2
0.43432 2
0.434177 2
0.434012 2
0.43388 2
0.433766 2
0.433614 2
0.433496 2
0.433352 2
0.4332 2
0.433031 2
0.432872 2
0.432718 2
0.432578 2
0.432426 2
0.432289 2
0.43214 2
0.43198 2
0.431839 2
0.431701 2
0.431564 2
0.431405 2
0.431248 2
0.431082 2
0.430944 2
0.43079 2
0.430625 2
0.430479 2
0.430313 2
0.430164 2
0.430081 1
0.429909 1
0.42977 1
0.429626 1
0.429472 1
0.429323 1
0.429189 1
0.429035 1
0.428872 1
0.428739 1
0.428603 1
0.428471 1
0.428341 1
0.428195 1
0.427946 1
0.427795 1
0.42765 1
0.427483 1
0.427331 1
0.427192 1
0.427062 1
0.426899 1
0.426743 1
0.426596 1
0.426451 1
0.426304 1
0.426175 1
0.426023 1
0.425851 1
0.425714 1
0.425551 1
0.425422 1
0.425263 1
0.425134 1
0.424992 1
0.424863 1
0.424714 1
0.424581 1
0.424459 1
0.424325 1
0.424184 1
0.424032 1
0.423869 1
0.423704 1
0.423556 1
0.423378 1
0.423223 1
0.423072 1
0.422929 1
0.422761 1
0.422615 1
0.422501 1
0.422354 1
0.422181 1
0.422032 1
0.421902 1
0.421779 1
0.421665 1
0.421514 1
0.421371 1
0.42122 1
0.421065 1
0.420896 1
0.420763 1
0.420621 1
0.420451 1
0.420303 1
0.420147 1
0.419998 1
0.419862 1
0.419734 1
0.419587 1
0.419424 1
0.419264 1
0.41913 1
0.418998 1
0.418832 1
0.418706 1
0.418567 1
0.418296 1
0.418164 1
0.418013 1
0.41785 1
0.417744 1
0.417586 1
0.417455 1
0.417307 1
0.417161 1
0.417014 1
0.416732 1
0.416581 1
0.41644 1
0.416312 1
0.416186 1
0.416044 1
0.41592 1
0.415766 1
0.415621 1
0.415498 1
0.415365 1
0.415219 1
0.415103 1
0.41496 1
0.414837 1
0.414719 1
0.414574 1
0.414419 1
0.41428 1
0.414117 1
0.413954 1
0.413813 1
0.413655 1
0.413496 1
0.41337 1
0.413244 1
0.413081 1
0.412919 1
0.412763 1
0.412617 1
0.412479 1
0.412328 1
0.41218 1
0.412021 1
0.411879 1
0.411726 1
0.411562 1
0.4114 1
0.411259 1
0.411124 1
0.410979 1
0.410826 1
0.410688 1
0.410535 1
0.410419 1
0.410277 1
0.410121 1
0.409985 1
0.409842 1
0.409686 1
0.409548 1
0.409403 1
0.409262 1
0.409113 1
0.408966 1
0.408807 1
0.408639 1
0.408502 1
0.408341 1
0.408195 1
0.408017 1
0.407881 1
0.407729 1
0.407454 1
0.407298 1
0.40715 1
0.406996 1
0.406834 1
0.40669 1
0.406543 1
0.406411 1
0.406272 1
0.406134 1
0.406003 1
0.405831 1
0.405704 1
0.405555 1
0.40541 1
0.405257 1
0.405109 1
0.404935 1
0.404799 1
0.404635 1
0.404495 1
0.404363 1
0.404224 1
0.404093 1
0.403945 1
0.403803 1
0.403639 1
0.40351 1
0.403339 1
0.403218 1
0.403069 1
0.402918 1
0.402751 1
0.402619 1
0.402486 1
0.402338 1
0.402199 1
0.402042 1
0.401906 1
0.401761 1
0.401641 1
0.401513 1
0.401359 1
0.401205 1
0.401034 1
0.4009 1
0.400752 1
0.400606 1
0.400483 1
0.400341 1
0.400176 1
0.400035 1
0.399879 1
0.399716 1
0.39956 1
0.399408 1
0.399247 1
0.399078 1
0.398948 1
0.398812 1
0.39866 1
0.398501 1
0.398344 1
0.398207 1
0.398068 1
0.397734 1
0.397592 1
0.397435 1
0.397312 1
0.397186 1
0.397021 1
0.396875 1
0.396735 1
0.396602 1
0.39646 1
0.396314 1
0.396157 1
0.396025 1
0.395865 1
0.395724 1
0.395607 1
0.395433 1
0.395259 1
0.395133 1
0.394989 1
0.394832 1
0.39468 1
0.394537 1
0.394435 1
0.39428 1
0.394121 1
0.393994 1
0.393861 1
0.393704 1
0.393582 1
0.393437 1
0.393262 1
0.3931 1
0.392936 1
0.39278 1
0.392623 1
0.392455 1
0.392314 1
0.392163 1
0.392003 1
0.391851 1
0.391716 1
0.391563 1
0.391397 1
0.391251 1
0.391119 1
0.390973 1
0.390837 1
0.390709 1
0.390549 1
0.390407 1
0.390257 1
0.390124 1
0.389965 1
0.389824 1
0.389685 1
0.389538 1
0.389383 1
0.38928 1
0.389125 1
0.388962 1
0.388808 1
0.388674 1
0.388533 1
0.388375 1
0.388224 1
0.388073 1
0.387916 1
0.387759 1
0.387619 1
0.387472 1
0.387323 1
0.387203 1
0.387059 1
0.386928 1
0.38678 1
0.386609 1
0.386454 1
0.386293 1
0.386164 1
0.386013 1
0.385864 1
0.385722 1
0.385439 1
0.385308 1
0.385182 1
0.385018 1
0.384918 1
0.384763 1
0.384619 1
0.384462 1
0.384307 1
0.384156 1
0.384019 1
0.383859 1
0.383723 1
0.383576 1
0.383432 1
0.383271 1
0.383166 1
0.38301 1
0.382887 1
0.38274 1
0.382586 1
0.382441 1
0.382309 1
0.382148 1
0.382032 1
0.381878 1
0.381726 1
0.381586 1
0.381434 1
0.381281 1
0.381165 1
0.381007 1
0.380862 1
0.380712 1
0.38056 1
0.380438 1
0.380295 1
0.380152 1
0.380012 1
0.379846 1
0.379681 1
0.379543 1
0.379395 1
0.379261 1
0.37911 1
0.378978 1
0.378844 1
0.378679 1
0.378517 1
0.378372 1
0.37823 1
0.378096 1
0.377946 1
0.377789 1
0.377646 1
0.377502 1
0.377352 1
0.377188 1
0.376906 1
0.376762 1
0.376627 1
0.376484 1
0.376323 1
0.376161 1
0.375995 1
0.375861 1
0.375728 1
0.375606 1
0.375453 1
0.375281 1
0.375138 1
0.374984 1
0.374852 1
0.374705 1
0.374548 1
0.374402 1
0.374257 1
0.374114 1
0.373961 1
0.373862 1
0.373695 1
0.373559 1
0.373414 1
0.373257 1
0.373086 1
0.372935 1
0.372789 1
0.372675 1
0.372516 1
0.372372 1
0.372228 1
0.37206 1
0.371914 1
0.371796 1
0.371672 1
0.371521 1
0.371397 1
0.371245 1
0.371099 1
0.370933 1
0.370785 1
0.370642 1
0.370482 1
0.370321 1
0.370159 1
0.370021 1
0.369875 1
0.369697 1
0.369552 1
0.369411 1
0.369258 1
0.369108 1
0.368952 1
0.368806 1
0.368654 1
0.368496 1
0.368333 1
0.368174 1
0.368004 1
0.367841 1
0.367672 1
0.367507 1
0.367369 1
0.36722 1
0.367058 1
0.366924 1
0.366773 1
0.366632 1
0.366489 1
0.36635 1
0.366186 1
0.366038 1
0.365904 1
0.365752 1
0.3656 1
0.365462 1
0.365321 1
0.365155 1
0.365012 1
0.364862 1
0.364717 1
0.364572 1
0.364433 1
0.364304 1
0.36414 1
0.364007 1
0.36388 1
0.363741 1
0.36358 1
0.363471 1
0.363338 1
0.363204 1
0.363096 1
0.362926 1
0.3628 1
0.36269 1
0.36252 1
0.362378 1
0.36223 1
0.362094 1
0.361941 1
0.361775 1
0.361632 1
0.361477 1
0.361333 1
0.361168 1
0.361013 1
0.360861 1
0.360709 1
0.360552 1
0.360421 1
0.360259 1
0.360113 1
0.359947 1
0.359783 1
0.35964 1
0.35948 1
0.359328 1
0.359159 1
0.359023 1
0.35888 1
0.358746 1
0.358603 1
0.358449 1
0.358295 1
0.358132 1
0.358026 1
0.357882 1
0.357729 1
0.357593 1
0.357456 1
0.357312 1
0.357147 1
0.35699 1
0.356816 1
0.356662 1
0.356499 1
0.356351 1
0.356201 1
0.35606 1
0.355904 1
0.355773 1
0.355635 1
0.355481 1
0.355332 1
0.355175 1
0.355011 1
0.354887 1
0.354759 1
0.354621 1
0.354459 1
0.354296 1
0.354151 1
0.354001 1
0.353843 1
0.353706 1
0.353575 1
0.353433 1
0.353278 1
0.353145 1
0.353 1
0.352843 1
0.352692 1
0.352532 1
0.352359 1
0.352221 1
0.352069 1
0.351928 1
0.351789 1
0.351643 1
0.351484 1
0.351367 1
0.351211 1
0.351072 1
0.350923 1
0.350788 1
0.350652 1
0.350498 1
0.350339 1
0.350183 1
0.350032 1
0.349897 1
0.34973 1
0.349586 1
0.349434 1
0.34932 1
0.349154 1
0.349029 1
0.348888 1
0.348737 1
0.3486 1
0.348457 1
0.348293 1
0.348156 1
0.347988 1
0.347841 1
0.347671 1
0.347498 1
0.347356 1
0.347215 1
0.347077 1
0.346944 1
0.346779 1
0.346651 1
0.346491 1
0.346351 1
0.346191 1
0.34604 1
0.345892 1
0.345747 1
0.345601 1
0.345439 1
0.345275 1
0.345141 1
0.345039 1
0.344864 1
0.344711 1
0.344565 1
0.34443 1
0.344313 1
0.344177 1
0.344021 1
0.343897 1
0.343721 1
0.343569 1
0.34344 1
0.343313 1
0.34317 1
0.343025 1
0.342886 1
0.342746 1
0.342594 1
0.342455 1
0.342307 1
0.342157 1
0.342033 1
0.341873 1
0.341708 1
0.341588 1
0.341426 1
0.341294 1
0.34114 1
0.341007 1
0.340837 1
0.340693 1
0.340528 1
0.340373 1
0.340205 1
0.340085 1
0.339943 1
0.339773 1
0.33963 1
0.339491 1
0.339353 1
0.339178 1
0.339034 1
0.338926 1
0.338789 1
0.338618 1
0.338459 1
0.338291 1
0.338125 1
0.337968 1
0.337832 1
0.337681 1
0.337534 1
0.337382 1
0.337211 1
0.337059 1
0.336912 1
0.336632 1
0.336484 1
0.336333 1
0.336188 1
0.33604 1
0.335881 1
0.335748 1
0.335584 1
0.335425 1
0.335257 1
0.335094 1
0.334952 1
0.334828 1
0.334693 1
0.334554 1
0.334405 1
0.334269 1
0.334124 1
0.333991 1
0.333829 1
0.333667 1
0.333502 1
0.33335 1
0.333215 1
0.333044 1
0.332888 1
0.332757 1
0.332592 1
0.33245 1
0.332307 1
0.332197 1
0.332055 1
0.331921 1
0.331784 1
0.331635 1
0.331496 1
0.331338 1
0.331187 1
0.331051 1
0.330923 1
0.330774 1
0.330626 1
0.330477 1
0.330344 1
0.330192 1
0.330056 1
0.329898 1
0.329766 1
0.329603 1
0.329473 1
0.329326 1
0.329153 1
0.328996 1
0.328864 1
0.328698 1
0.328562 1
0.328394 1
0.328234 1
0.328082 1
0.327926 1
0.327787 1
0.327645 1
0.327472 1
0.327338 1
0.3272 1
0.327039 1
0.326879 1
0.326742 1
0.326594 1
0.326455 1
0.326323 1
0.326181 1
0.326064 1
0.325918 1
0.325758 1
0.325627 1
0.32548 1
0.325334 1
0.325184 1
0.32503 1
0.324881 1
0.324729 1
0.324572 1
0.324411 1
0.324273 1
0.324095 1
0.323958 1
0.323789 1
0.323627 1
0.323495 1
0.323338 1
0.323189 1
0.323046 1
0.322879 1
0.322737 1
0.322592 1
0.322455 1
0.322314 1
0.322148 1
0.322011 1
0.321843 1
0.321693 1
0.321571 1
0.321423 1
0.321282 1
0.321132 1
0.320964 1
0.32082 1
0.320682 1
0.320534 1
0.320383 1
0.320244 1
0.32011 1
0.319974 1
0.319691 1
0.319536 1
0.31941 1
0.319264 1
0.3191 1
0.31894 1
0.31879 1
0.318635 1
0.318481 1
0.318353 1
0.318191 1
0.31804 1
0.317876 1
0.317718 1
0.317575 1
0.317428 1
0.317265 1
0.317149 1
0.31697 1
0.316817 1
0.31666 1
0.316491 1
0.316362 1
0.316211 1
0.316065 1
0.315932 1
0.315777 1
0.315646 1
0.315482 1
0.315334 1
0.31519 1
0.315055 1
0.314896 1
0.314745 1
0.314619 1
0.314466 1
0.314354 1
0.314219 1
0.314066 1
0.313907 1
0.313771 1
0.313619 1
0.313488 1
0.313322 1
0.313165 1
0.313025 1
0.312895 1
0.312742 1
0.312575 1
0.31241 1
0.312235 1
0.312135 1
0.311979 1
0.311815 1
0.31165 1
0.311497 1
0.311339 1
0.311171 1
0.311014 1
0.310849 1
0.310737 1
0.310605 1
0.310456 1
0.310325 1
0.310159 1
0.310011 1
0.309864 1
0.309713 1
0.309546 1
0.309419 1
0.309257 1
0.3091 1
0.30895 1
0.308793 1
0.308641 1
0.308485 1
0.308335 1
0.308206 1
0.308069 1
0.307929 1
0.307766 1
0.307616 1
0.30746 1
0.307295 1
0.307171 1
0.307045 1
0.306896 1
0.306733 1
0.30658 1
0.306452 1
0.306289 1
0.306157 1
0.306012 1
0.305855 1
0.305728 1
0.305583 1
0.305435 1
0.305262 1
0.305111 1
0.304996 1
0.304833 1
0.30467 1
0.304406 1
0.304247 1
0.30408 1
0.303922 1
0.303789 1
0.303651 1
0.303505 1
0.303343 1
0.303205 1
0.303046 1
0.302933 1
0.302781 1
0.302655 1
0.302516 1
0.302363 1
0.302224 1
0.302081 1
0.301916 1
0.301752 1
0.301584 1
0.301432 1
0.301295 1
0.301157 1
0.301038 1
0.300883 1
0.300724 1
0.300569 1
0.30041 1
0.300266 1
0.300102 1
0.299962 1
0.299831 1
0.299678 1
0.299522 1
0.299391 1
0.299261 1
0.299121 1
0.298956 1
0.29879 1
0.298644 1
0.2985 1
0.29833 1
0.298183 1
0.298026 1
0.297857 1
0.297695 1
0.297533 1
0.297379 1
0.297238 1
0.297091 1
0.296957 1
0.296816 1
0.296668 1
0.296525 1
0.296349 1
0.296227 1
0.296065 1
0.295918 1
0.295793 1
0.295638 1
0.295493 1
0.295344 1
0.295033 1
0.294886 1
0.294741 1
0.294614 1
0.294486 1
0.294351 1
0.294209 1
0.294048 1
0.29388 1
0.293729 1
0.29356 1
0.293417 1
0.293249 1
0.293089 1
0.29299 1
0.292845 1
0.292692 1
0.292557 1
0.292422 1
0.292274 1
0.292117 1
0.291996 1
0.291869 1
0.291718 1
0.291572 1
0.291417 1
0.291276 1
0.291124 1
0.290988 1
0.290849 1
0.290702 1
0.290549 1
0.290413 1
0.290241 1
0.2901 1
0.289949 1
0.289787 1
0.289631 1
0.289462 1
0.289328 1
0.289178 1
0.289033 1
0.28887 1
0.288731 1
0.288595 1
0.28844 1
0.28827 1
0.288128 1
0.288002 1
0.287854 1
0.287719 1
0.287553 1
0.287415 1
0.28725 1
0.287104 1
0.28695 1
0.286792 1
0.286623 1
0.286466 1
0.286316 1
0.286144 1
0.285987 1
0.28584 1
0.285694 1
0.285528 1
0.285381 1
0.285222 1
0.285052 1
0.284922 1
0.284772 1
0.284611 1
0.284439 1
0.284305 1
0.284162 1
0.284021 1
0.283936 0
0.283798 0
0.283668 0
0.283507 0
0.283366 0
0.283228 0
0.283088 0
0.282953 0
0.282809 0
0.282684 0
0.282527 0
0.282387 0
0.282235 0
0.282075 0
0.281927 0
0.281778 0
0.281648 0
0.281471 0
0.281312 0
0.281183 0
0.281055 0
0.280941 0
0.280788 0
0.280654 0
0.280515 0
0.280381 0
0.280235 0
0.280095 0
0.27995 0
0.279806 0
0.279639 0
0.27953 0
0.279375 0
0.279239 0
0.279077 0
0.278921 0
0.27877 0
0.278624 0
0.278479 0
0.278342 0
0.278206 0
0.278028 0
0.277852 0
0.277702 0
0.277553 0
0.277418 0
0.277266 0
0.277133 0
0.276979 0
0.276808 0
0.276676 0
0.27655 0
0.276383 0
0.276213 0
0.276091 0
0.275938 0
0.275799 0
0.275657 0
0.275521 0
0.275353 0
0.275187 0
0.275019 0
0.274871 0
0.274713 0
0.274575 0
0.274396 0
0.274244 0
0.274085 0
0.273928 0
0.273749 0
0.273605 0
0.273443 0
0.273307 0
0.27317 0
0.273028 0
0.272917 0
0.272777 0
0.272633 0
0.272495 0
0.272354 0
0.272224 0
0.272072 0
0.271906 0
0.271778 0
0.27163 0
0.271466 0
0.271303 0
0.27118 0
0.271034 0
0.270882 0
0.270727 0
0.270573 0
0.270404 0
0.27026 0
0.270111 0
0.269963 0
0.269806 0
0.269663 0
0.269535 0
0.269386 0
0.269252 0
0.269092 0
0.268948 0
0.268789 0
0.268635 0
0.268479 0
0.268339 0
0.268183 0
0.268036 0
0.267913 0
0.26774 0
0.267581 0
0.267428 0
0.267303 0
0.267157 0
0.267045 0
0.266909 0
0.266746 0
0.266612 0
0.266501 0
0.266336 0
0.266183 0
0.26604 0
0.265891 0
0.265777 0
0.26564 0
0.265512 0
0.265348 0
0.265205 0
0.265045 0
0.264921 0
0.264794 0
0.264645 0
0.264513 0
0.264357 0
0.264225 0
0.264063 0
0.263904 0
0.263763 0
0.263603 0
0.263463 0
0.263313 0
0.263192 0
0.263048 0
0.262907 0
0.262771 0
0.262634 0
0.262481 0
0.262321 0
0.262177 0
0.262014 0
0.261888 0
0.261726 0
0.261601 0
0.261455 0
0.261292 0
0.261143 0
0.260999 0
0.260848 0
0.260718 0
0.260575 0
0.26042 0
0.260258 0
0.26011 0
0.25994 0
0.259812 0
0.259658 0
0.25952 0
0.25939 0
0.259255 0
0.259085 0
0.25895 0
0.258799 0
0.258659 0
0.258521 0
0.258364 0
0.258217 0
0.258058 0
0.25791 0
0.257761 0
0.257611 0
0.25745 0
0.257289 0
0.257147 0
0.257009 0
0.256858 0
0.256702 0
0.25658 0
0.256437 0
0.256289 0
0.256122 0
0.255976 0
0.255814 0
0.25567 0
0.255559 0
0.255402 0
0.255242 0
0.255095 0
0.254953 0
0.254784 0
0.25462 0
0.254461 0
0.254318 0
0.254161 0
0.254003 0
0.253865 0
0.253717 0
0.253581 0
0.253438 0
0.253295 0
0.253146 0
0.252991 0
0.252863 0
0.252706 0
0.25255 0
0.252421 0
0.252273 0
0.2521 0
0.251941 0
0.251794 0
0.251651 0
0.251509 0
0.251351 0
0.251228 0
0.251072 0
0.25092 0
0.250783 0
0.250657 0
0.250494 0
0.250332 0
0.250176 0
0.250017 0
0.24985 0
0.249681 0
0.249537 0
0.249385 0
0.249264 0
0.249115 0
0.248954 0
0.248804 0
0.248641 0
0.248499 0
0.24835 0
0.248189 0
0.248039 0
0.247905 0
0.247751 0
0.24761 0
0.247471 0
0.247337 0
0.24718 0
0.24703 0
0.246874 0
0.24671 0
0.246581 0
0.246447 0
0.246313 0
0.246184 0
0.246017 0
0.245875 0
0.245726 0
0.245578 0
0.245425 0
0.245286 0
0.24513 0
0.244976 0
0.24482 0
0.244684 0
0.24457 0
0.244435 0
0.244279 0
0.244109 0
0.243964 0
0.243803 0
0.243664 0
0.243521 0
0.243355 0
0.24322 0
0.243092 0
0.242968 0
0.242817 0
0.242666 0
0.242533 0
0.242364 0
0.242051 0
0.241912 0
0.241764 0
0.241644 0
0.241496 0
0.241349 0
0.241189 0
0.241038 0
0.240887 0
0.240738 0
0.240592 0
0.240448 0
0.240306 0
0.240146 0
0.239987 0
0.239826 0
0.239669 0
0.239544 0
0.239381 0
0.239213 0
0.239053 0
0.238896 0
0.23874 0
0.238587 0
0.238436 0
0.23831 0
0.238175 0
0.238043 0
0.237901 0
0.237764 0
0.237623 0
0.237483 0
0.237333 0
0.237194 0
0.237036 0
0.23688 0
0.236713 0
0.236551 0
0.2364 0
0.236268 0
0.236109 0
0.235946 0
0.235807 0
0.23565 0
0.235511 0
0.235374 0
0.235203 0
0.235064 0
0.234936 0
0.234791 0
0.234659 0
0.234486 0
0.234331 0
0.234173 0
0.234022 0
0.233883 0
0.233734 0
0.233572 0
0.233414 0
0.233284 0
0.233141 0
0.23297 0
0.232826 0
0.232699 0
0.232554 0
0.232402 0
0.232254 0
0.232122 0
0.231973 0
0.231823 0
0.231686 0
0.231527 0
0.231354 0
0.231207 0
0.231053 0
0.230909 0
0.230768 0
0.230628 0
0.230468 0
0.23033 0
0.230188 0
0.230045 0
0.229876 0
0.229716 0
0.229558 0
0.229405 0
0.229259 0
0.229128 0
0.228973 0
0.228803 0
0.228668 0
0.228539 0
0.228399 0
0.228244 0
0.228084 0
0.227921 0
0.227798 0
0.227665 0
0.227506 0
0.227341 0
0.227167 0
0.227023 0
0.226872 0
0.226724 0
0.226596 0
0.22644 0
0.2263 0
0.226163 0
0.226025 0
0.225857 0
0.225723 0
0.225572 0
0.225425 0
0.225288 0
0.225124 0
0.224984 0
0.224859 0
0.22472 0
0.224562 0
0.224404 0
0.224247 0
0.224101 0
0.223933 0
0.223776 0
0.223618 0
0.223452 0
0.223293 0
0.223191 0
0.223049 0
0.222917 0
0.222768 0
0.222616 0
0.222483 0
0.222338 0
0.222172 0
0.222022 0
0.221867 0
0.221711 0
0.221557 0
0.221421 0
0.22127 0
0.221116 0
0.220972 0
0.22081 0
0.220653 0
0.220505 0
0.220348 0
0.220215 0
0.220058 0
0.219917 0
0.21961 0
0.219469 0
0.219295 0
0.219131 0
0.218991 0
0.218831 0
0.218673 0
0.218513 0
0.218362 0
0.218206 0
0.218048 0
0.217897 0
0.217755 0
0.217482 0
0.217321 0
0.217168 0
0.217004 0
0.216859 0
0.21672 0
0.216582 0
0.216452 0
0.216304 0
0.216178 0
0.216046 0
0.215878 0
0.215731 0
0.21556 0
0.215388 0
0.215239 0
0.215109 0
0.214975 0
0.214823 0
0.214699 0
0.214549 0
0.214396 0
0.214235 0
0.21409 0
0.213949 0
0.21379 0
0.213613 0
0.213478 0
0.213341 0
0.213191 0
0.213008 0
0.212865 0
0.212708 0
0.212554 0
0.212423 0
0.212263 0
0.212115 0
0.211986 0
0.211847 0
0.211695 0
0.211562 0
0.211431 0
0.211283 0
0.21114 0
0.210975 0
0.210807 0
0.210675 0
0.210519 0
0.210352 0
0.210195 0
0.21004 0
0.209907 0
0.209769 0
0.209629 0
0.209486 0
0.209343 0
0.209185 0
0.209044 0
0.208888 0
0.208732 0
0.20857 0
0.208427 0
0.208289 0
0.208148 0
0.208004 0
0.207855 0
0.207711 0
0.207555 0
0.207388 0
0.207228 0
0.207093 0
0.206934 0
0.206765 0
0.206627 0
0.206481 0
0.206316 0
0.206145 0
0.205979 0
0.205838 0
0.205695 0
0.205552 0
0.205402 0
0.205246 0
0.205079 0
0.204928 0
0.20479 0
0.204649 0
0.204504 0
0.204367 0
0.204249 0
0.204083 0
0.203963 0
0.203801 0
0.203676 0
0.203532 0
0.203376 0
0.203215 0
0.203068 0
0.202913 0
0.202772 0
0.202612 0
0.202436 0
0.202271 0
0.202122 0
0.201959 0
0.20182 0
0.201679 0
0.201521 0
0.201395 0
0.201248 0
0.201089 0
0.20094 0
0.200807 0
0.200649 0
0.20051 0
0.200361 0
0.200211 0
0.200081 0
0.199946 0
0.199787 0
0.199649 0
0.199493 0
0.199351 0
0.199213 0
0.199045 0
0.1989 0
0.198744 0
0.198574 0
0.198435 0
0.198293 0
0.19817 0
0.198019 0
0.197863 0
0.197719 0
0.197572 0
0.197424 0
0.197269 0
0.19711 0
0.196932 0
0.196793 0
0.196633 0
0.196473 0
0.196309 0
0.196168 0
0.196004 0
0.195757 0
0.195606 0
0.195493 0
0.195327 0
0.195175 0
0.19503 0
0.194885 0
0.194748 0
0.194598 0
0.194441 0
0.194273 0
0.194094 0
0.193942 0
0.193781 0
0.193622 0
0.193469 0
0.193323 0
0.193172 0
0.193044 0
0.192894 0
0.192732 0
0.192565 0
0.192403 0
0.192247 0
0.192106 0
0.191818 0
0.19166 0
0.191518 0
0.19138 0
0.191258 0
0.191118 0
0.190961 0
0.190793 0
0.190634 0
0.190477 0
0.190315 0
0.190176 0
0.190008 0
0.18986 0
0.189713 0
0.189585 0
0.189455 0
0.189316 0
0.189161 0
0.189033 0
0.188894 0
0.188748 0
0.188604 0
0.188443 0
0.188288 0
0.188128 0
0.187975 0
0.187832 0
0.187705 0
0.187585 0
0.187431 0
0.187276 0
0.187124 0
0.186956 0
0.186803 0
0.186648 0
0.18649 0
0.186365 0
0.186204 0
0.186052 0
0.185896 0
0.185764 0
0.185603 0
0.185456 0
0.185325 0
0.185186 0
0.18505 0
0.184909 0
0.184766 0
0.184623 0
0.184482 0
0.184356 0
0.184201 0
0.184032 0
0.18388 0
0.183741 0
0.183625 0
0.183468 0
0.18333 0
0.183189 0
0.183025 0
0.182868 0
0.182721 0
0.182573 0
0.182422 0
0.182276 0
0.182118 0
0.181969 0
0.181795 0
0.181633 0
0.181489 0
0.181335 0
0.181212 0
0.181051 0
0.180895 0
0.180754 0
0.180607 0
0.18046 0
0.180316 0
0.180192 0
0.180032 0
0.179866 0
0.179712 0
0.179559 0
0.179414 0
0.179267 0
0.179122 0
0.17897 0
0.178797 0
0.178624 0
0.178492 0
0.178331 0
0.178184 0
0.178056 0
0.177911 0
0.177754 0
0.177466 0
0.177309 0
0.177177 0
0.177024 0
0.17687 0
0.176706 0
0.176561 0
0.17641 0
0.176255 0
0.175948 0
0.175807 0
0.175671 0
0.175529 0
0.17539 0
0.175231 0
0.175081 0
0.174942 0
0.174793 0
0.174644 0
0.174496 0
0.174343 0
0.174189 0
0.17402 0
0.173876 0
0.17372 0
0.173579 0
0.17342 0
0.173307 0
0.173165 0
0.173017 0
0.172876 0
0.172736 0
0.172581 0
0.172412 0
0.172278 0
0.172144 0
0.171996 0
0.171842 0
0.171685 0
0.171528 0
0.171385 0
0.171251 0
0.171098 0
0.170954 0
0.170806 0
0.170664 0
0.17053 0
0.170393 0
0.170239 0
0.170077 0
0.169936 0
0.169761 0
0.169632 0
0.169491 0
0.169351 0
0.169225 0
0.168935 0
0.168791 0
0.16862 0
0.168475 0
0.168317 0
0.16818 0
0.168055 0
0.167917 0
0.167745 0
0.167579 0
0.1674 0
0.167263 0
0.167097 0
0.16694 0
0.166786 0
0.166638 0
0.166504 0
0.166358 0
0.166203 0
0.16606 0
0.165908 0
0.165739 0
0.165588 0
0.165442 0
0.165324 0
0.165169 0
0.16502 0
0.164858 0
0.164706 0
0.16456 0
0.164391 0
0.164243 0
0.164085 0
0.163922 0
0.163793 0
0.163614 0
0.163454 0
0.163299 0
0.163165 0
0.163003 0
0.162867 0
0.162705 0
0.162542 0
0.162384 0
0.162245 0
0.162098 0
0.16195 0
0.161788 0
0.161638 0
0.161487 0
0.161324 0
0.161165 0
0.161051 0
0.160929 0
0.160776 0
0.160616 0
0.160502 0
0.160343 0
0.160199 0
0.160033 0
0.159878 0
0.159732 0
0.159584 0
0.159448 0
0.159287 0
0.159159 0
0.158999 0
0.158868 0
0.158712 0
0.158546 0
0.158409 0
0.158269 0
0.158119 0
0.157967 0
0.157823 0
0.157671 0
0.157543 0
0.157281 0
0.157128 0
0.156947 0
0.156766 0
0.156608 0
0.156461 0
0.156291 0
0.156149 0
0.155988 0
0.155827 0
0.155659 0
0.15551 0
0.155363 0
0.155195 0
0.155067 0
0.154769 0
0.15462 0
0.154461 0
0.154297 0
0.154181 0
0.154061 0
0.153911 0
0.153741 0
0.153585 0
0.153432 0
0.153314 0
0.153144 0
0.152991 0
0.15281 0
0.152665 0
0.152511 0
0.15236 0
0.152219 0
0.152094 0
0.151925 0
0.151795 0
0.151659 0
0.151509 0
0.151334 0
0.151188 0
0.151026 0
0.150887 0
0.150727 0
0.150594 0
0.150433 0
0.150279 0
0.150135 0
0.15 0
0.149841 0
0.149693 0
0.149528 0
0.149372 0
0.14921 0
0.149048 0
0.148914 0
0.148769 0
0.148629 0
0.148477 0
0.148326 0
0.148171 0
0.148005 0
0.147862 0
0.147701 0
0.147577 0
0.147411 0
0.147262 0
0.147108 0
0.146948 0
0.146802 0
0.146673 0
0.146509 0
0.146366 0
0.146224 0
0.146066 0
0.145911 0
0.145781 0
0.145636 0
0.1455 0
0.14535 0
0.145187 0
0.145028 0
0.144874 0
0.144727 0
0.144562 0
0.144405 0
0.144266 0
0.144114 0
0.143969 0
0.143823 0
0.143677 0
0.14355 0
0.143388 0
0.143276 0
0.143136 0
0.142982 0
0.142819 0
0.142676 0
0.142527 0
0.142354 0
0.142216 0
0.142061 0
0.14191 0
0.141766 0
0.141621 0
0.141514 0
0.141369 0
0.141197 0
0.14105 0
0.140881 0
0.140748 0
0.140605 0
0.140442 0
0.140296 0
0.140159 0
0.140011 0
0.139862 0
0.139726 0
0.139588 0
0.139427 0
0.139318 0
0.139151 0
0.139005 0
0.138844 0
0.138697 0
0.138546 0
0.138378 0
0.138214 0
0.138043 0
0.137905 0
0.137744 0
0.137579 0
0.137408 0
0.13724 0
0.137074 0
0.136941 0
0.136775 0
0.136626 0
0.13649 0
0.136186 0
0.136043 0
0.135902 0
0.135771 0
0.135608 0
0.135457 0
0.135301 0
0.135152 0
0.134995 0
0.134859 0
0.134714 0
0.134562 0
0.134409 0
0.13427 0
0.134108 0
0.133945 0
0.133801 0
0.133636 0
0.133466 0
0.133334 0
0.133187 0
0.13305 0
0.132895 0
0.132749 0
0.1326 0
0.13244 0
0.132273 0
0.132107 0
0.131965 0
0.131811 0
0.131663 0
0.1315 0
0.131356 0
0.131212 0
0.131055 0
0.130917 0
0.130784 0
0.130633 0
0.130478 0
0.130342 0
0.130205 0
0.130072 0
0.129928 0
0.1298 0
0.129645 0
0.1295 0
0.12934 0
0.129183 0
0.129033 0
0.128872 0
0.128725 0
0.128563 0
0.128408 0
0.128248 0
0.128115 0
0.127991 0
0.127833 0
0.127693 0
0.127525 0
0.127367 0
0.127248 0
0.127087 0
0.126953 0
0.126787 0
0.12662 0
0.12647 0
0.126299 0
0.126144 0
0.126004 0
0.125862 0
0.125704 0
0.125574 0
0.125436 0
0.125273 0
0.125104 0
0.124937 0
0.124663 0
0.124525 0
0.124388 0
0.124241 0
0.124092 0
0.12393 0
0.12378 0
0.123627 0
0.123497 0
0.123341 0
0.123191 0
0.123029 0
0.122894 0
0.122742 0
0.122578 0
0.122434 0
0.122284 0
0.122114 0
0.121958 0
0.121814 0
0.121648 0
0.121489 0
0.121341 0
0.121212 0
0.121059 0
0.120891 0
0.120728 0
0.120568 0
0.120409 0
0.120259 0
0.120128 0
0.119993 0
0.11986 0
0.119722 0
0.119557 0
0.119403 0
0.119254 0
0.119128 0
0.118964 0
0.118832 0
0.118692 0
0.118535 0
0.118383 0
0.118249 0
0.118132 0
0.117969 0
0.117818 0
0.117673 0
0.117512 0
0.117396 0
0.117242 0
0.117106 0
0.116943 0
0.11677 0
0.116608 0
0.11645 0
0.116319 0
0.116157 0
0.116014 0
0.115855 0
0.115707 0
0.115566 0
0.115409 0
0.115248 0
0.11509 0
0.114949 0
0.114778 0
0.114616 0
0.114483 0
0.114353 0
0.1142 0
0.114048 0
0.113901 0
0.113742 0
0.113589 0
0.113437 0
0.113278 0
0.113127 0
0.11297 0
0.112833 0
0.11254 0
0.112385 0
0.112233 0
0.112089 0
0.111944 0
0.111777 0
0.111608 0
0.11145 0
0.111297 0
0.111143 0
0.111011 0
0.110852 0
0.110684 0
0.11053 0
0.110385 0
0.110224 0
0.110074 0
0.109904 0
0.109753 0
0.109622 0
0.109471 0
0.109303 0
0.109155 0
0.109026 0
0.108877 0
0.108728 0
0.108565 0
0.108419 0
0.108278 0
0.108127 0
0.107987 0
0.107829 0
0.107687 0
0.107565 0
0.10741 0
0.107249 0
0.107106 0
0.10696 0
0.106793 0
0.106657 0
0.106521 0
0.106371 0
0.106194 0
0.106062 0
0.105904 0
0.105753 0
0.105605 0
0.105451 0
0.105297 0
0.105138 0
0.105 0
0.104844 0
0.10472 0
0.104551 0
0.104396 0
0.104244 0
0.104093 0
0.10396 0
0.103809 0
0.103651 0
0.103501 0
0.103332 0
0.103202 0
0.103058 0
0.102907 0
0.102761 0
0.102593 0
0.102453 0
0.102302 0
0.102132 0
0.10198 0
0.101842 0
0.101674 0
0.101552 0
0.101402 0
0.101238 0
0.101082 0
0.100933 0
0.100783 0
0.100625 0
0.10046 0
0.100293 0
0.10015 0
0.0999842 0
0.0998532 0
0.0997046 0
0.0995469 0
0.0994132 0
0.0992692 0
0.0991221 0
0.0989924 0
0.0988399 0
0.0986712 0
0.0985178 0
0.0983618 0
0.098228 0
0.0980813 0
0.0979002 0
0.0977657 0
0.0976182 0
0.0974726 0
0.0973137 0
0.0971625 0
0.0970079 0
0.0968732 0
0.0967294 0
0.0965681 0
0.0964235 0
0.0962705 0
0.0961159 0
0.0959477 0
0.0957889 0
0.0956586 0
0.0954991 0
0.0953493 0
0.0952145 0
0.095074 0
0.0949292 0
0.0947652 0
0.0946566 0
0.0945068 0
0.0943581 0
0.0941898 0
0.0940284 0
0.0938684 0
0.0937457 0
0.0935978 0
0.0934545 0
0.0932974 0
0.0931372 0
0.0929891 0
0.092831 0
0.0926939 0
0.092546 0
0.0923988 0
0.0922542 0
0.0921059 0
0.0919829 0
0.0918419 0
0.0916866 0
0.0915433 0
0.0914165 0
0.0912634 0
0.0911302 0
0.0909712 0
0.0908135 0
0.0906489 0
0.0905145 0
0.0903699 0
0.0902075 0
0.0900411 0
0.0898911 0
0.0897696 0
0.0896262 0
0.0894576 0
0.0893015 0
0.0891343 0
0.0889641 0
0.088834 0
0.0886866 0
0.088538 0
0.0883836 0
0.0882443 0
0.0880902 0
0.0879289 0
0.0877979 0
0.0876498 0
0.0875025 0
0.0873375 0
0.0872018 0
0.0870528 0
0.0869242 0
0.086764 0
0.0866091 0
0.0864407 0
0.0862796 0
0.0861157 0
0.0859651 0
0.0858092 0
0.0856603 0
0.0855298 0
0.0853933 0
0.0852536 0
0.085089 0
0.084951 0
0.0847981 0
0.0846469 0
0.0844905 0
0.0843248 0
0.08417 0
0.0840027 0
0.0838639 0
0.0837122 0
0.0835803 0
0.083412 0
0.0832695 0
0.0831011 0
0.0829537 0
0.0827773 0
0.0826347 0
0.0824848 0
0.0823299 0
0.0821864 0
0.082018 0
0.0818739 0
0.0815641 0
0.0814208 0
0.0813133 0
0.0811694 0
0.0810215 0
0.0808614 0
0.0807174 0
0.0805655 0
0.0804092 0
0.0802427 0
0.0800761 0
0.0799305 0
0.0797737 0
0.0796138 0
0.0794653 0
0.0793384 0
0.0791741 0
0.0790325 0
0.0788822 0
0.078736 0
0.0785963 0
0.0784502 0
0.078307 0
0.0781411 0
0.0779788 0
0.0778018 0
0.077668 0
0.0775214 0
0.0773574 0
0.077219 0
0.0770615 0
0.0769409 0
0.0768092 0
0.0766504 0
0.0765047 0
0.0763491 0
0.0762005 0
0.076041 0
0.0759052 0
0.0757532 0
0.0755994 0
0.0754653 0
0.0753095 0
0.0751586 0
0.0749932 0
0.0748336 0
0.0746829 0
0.0745334 0
0.0743938 0
0.0742266 0
0.0740525 0
0.0738983 0
0.0737417 0
0.0735957 0
0.0734534 0
0.0732942 0
0.0731589 0
0.0730162 0
0.0728564 0
0.0727322 0
0.0725827 0
0.0724183 0
0.0722702 0
0.0721139 0
0.0719755 0
0.0718379 0
0.0717326 0
0.0715974 0
0.0714805 0
0.0713494 0
0.0712002 0
0.0710619 0
0.0709045 0
0.0707306 0
0.0705825 0
0.0704274 0
0.0702724 0
0.0701146 0
0.069992 0
0.0698458 0
0.0696909 0
0.0695276 0
0.0693804 0
0.069215 0
0.0690533 0
0.0688886 0
0.068737 0
0.068602 0
0.0684722 0
0.0683155 0
0.068156 0
0.0680087 0
0.0678517 0
0.0677122 0
0.0675527 0
0.0674017 0
0.0672614 0
0.0671244 0
0.0669659 0
0.0668141 0
0.0666724 0
0.0665084 0
0.0663756 0
0.066228 0
0.0660648 0
0.0659159 0
0.0657712 0
0.065615 0
0.0654522 0
0.0653213 0
0.0651715 0
0.065015 0
0.0648666 0
0.0647376 0
0.0645677 0
0.0644281 0
0.06428 0
0.0641187 0
0.0639628 0
0.0638342 0
0.0636879 0
0.0635275 0
0.0633699 0
0.0632154 0
0.0630641 0
0.0629268 0
0.0627871 0
0.0626448 0
0.0624994 0
0.0623641 0
0.0622113 0
0.062058 0
0.0619106 0
0.0617653 0
0.0616103 0
0.0614604 0
0.0613031 0
0.06116 0
0.0610131 0
0.0608662 0
0.0607048 0
0.0605586 0
0.0604214 0
0.0602844 0
0.0601185 0
0.059954 0
0.0598016 0
0.0596464 0
0.0594839 0
0.0593197 0
0.0591638 0
0.058993 0
0.0588485 0
0.058718 0
0.0585758 0
0.0584341 0
0.0583164 0
0.058174 0
0.0580227 0
0.0578625 0
0.0577068 0
0.0575457 0
0.0574031 0
0.057261 0
0.0571121 0
0.0569498 0
0.0568013 0
0.056663 0
0.056506 0
0.056382 0
0.0562224 0
0.0560802 0
0.0559162 0
0.0557461 0
0.0556151 0
0.0554623 0
0.0553192 0
0.0551743 0
0.0550272 0
0.0548703 0
0.0547097 0
0.0545763 0
0.0544378 0
0.0543028 0
0.054148 0
0.0540007 0
0.0538466 0
0.053708 0
0.0535645 0
0.0533997 0
0.0532714 0
0.0531433 0
0.0529923 0
0.0528492 0
0.0527006 0
0.0525592 0
0.0523942 0
0.0522332 0
0.0520784 0
0.0519287 0
0.0517845 0
0.0516366 0
0.0514942 0
0.0513259 0
0.0511657 0
0.0510152 0
0.0508763 0
0.0507337 0
0.0505755 0
0.0504109 0
0.0502685 0
0.0501497 0
0.0500086 0
0.0498555 0
0.0497044 0
0.0495699 0
0.0494495 0
0.0492975 0
0.0491431 0
0.0490046 0
0.0488434 0
0.0486981 0
0.0485331 0
0.0483747 0
0.0482305 0
0.0480953 0
0.0479574 0
0.0478018 0
0.0476339 0
0.0474857 0
0.0473391 0
0.0472013 0
0.0470548 0
0.0468969 0
0.0467702 0
0.0466065 0
0.0464379 0
0.0462658 0
0.0461292 0
0.0459873 0
0.0458463 0
0.0456895 0
0.0455471 0
0.0453819 0
0.0452267 0
0.0450806 0
0.0449419 0
0.0447979 0
0.0446374 0
0.0444689 0
0.0443191 0
0.0441614 0
0.0440392 0
0.0438805 0
0.0437273 0
0.0435835 0
0.0434258 0
0.0432751 0
0.0431271 0
0.0429848 0
0.0428284 0
0.0426846 0
0.0425609 0
0.0424254 0
0.0422776 0
0.042149 0
0.0419958 0
0.0418479 0
0.0416907 0
0.0415535 0
0.0413945 0
0.0412428 0
0.0410883 0
0.0409173 0
0.0407564 0
0.0406208 0
0.0404995 0
0.0403464 0
0.0402035 0
0.0400744 0
0.0399316 0
0.0397724 0
0.0396268 0
0.039486 0
0.0393518 0
0.039218 0
0.0390593 0
0.0388923 0
0.0387514 0
0.0385946 0
0.0384718 0
0.0383054 0
0.038178 0
0.0380263 0
0.0378604 0
0.0376929 0
0.037549 0
0.0374031 0
0.0372744 0
0.0371182 0
0.0369664 0
0.0368254 0
0.0366641 0
0.0365103 0
0.0363627 0
0.0362215 0
0.0360725 0
0.0359304 0
0.0357874 0
0.0356594 0
0.035509 0
0.0353563 0
0.0352169 0
0.0350535 0
0.0349006 0
0.0347519 0
0.0345963 0
0.0344472 0
0.0342784 0
0.0341204 0
0.0339823 0
0.0338511 0
0.0337101 0
0.0335561 0
0.0334024 0
0.0332685 0
0.033119 0
0.0329731 0
0.0328282 0
0.0326772 0
0.0325265 0
0.032377 0
0.032235 0
0.032098 0
0.0319601 0
0.0317946 0
0.0316333 0
0.0314766 0
0.0313238 0
0.0312032 0
0.0310453 0
0.0309118 0
0.0307547 0
0.0305985 0
0.0304231 0
0.0302984 0
0.0301572 0
0.0300192 0
0.0298669 0
0.0297162 0
0.0295641 0
0.0294072 0
0.0292547 0
0.0291109 0
0.0289522 0
0.0288106 0
0.0286493 0
0.0284907 0
0.028355 0
0.0282109 0
0.0280601 0
0.0279068 0
0.0277579 0
0.0275893 0
0.0274452 0
0.0272954 0
0.027151 0
0.0269819 0
0.0268432 0
0.0266806 0
0.0265135 0
0.0263561 0
0.0262034 0
0.0260523 0
0.0259313 0
0.025802 0
0.0256394 0
0.0254931 0
0.0253601 0
0.0251901 0
0.0250493 0
0.0248996 0
0.0247402 0
0.0245743 0
0.0244371 0
0.0243017 0
0.0241504 0
0.0240032 0
0.0238345 0
0.0236831 0
0.023532 0
0.0233868 0
0.0232517 0
0.0230982 0
0.0229451 0
0.0227962 0
0.0226261 0
0.0224739 0
0.0223287 0
0.0221667 0
0.0220391 0
0.0219166 0
0.0217586 0
0.0216136 0
0.0214664 0
0.0213243 0
0.0211804 0
0.0210539 0
0.0209204 0
0.0207828 0
0.0206378 0
0.0204895 0
0.0203503 0
0.0202049 0
0.0200455 0
0.0198981 0
0.019741 0
0.0195977 0
0.0194661 0
0.0191359 0
0.0189814 0
0.0188288 0
0.01868 0
0.0185416 0
0.0184083 0
0.0182698 0
0.0181176 0
0.0179572 0
0.0177918 0
0.0176351 0
0.0174728 0
0.017323 0
0.0171845 0
0.0170291 0
0.0168767 0
0.0167309 0
0.016568 0
0.0164084 0
0.0162409 0
0.0160802 0
0.0159114 0
0.0157885 0
0.0154757 0
0.0153249 0
0.0151552 0
0.015019 0
0.0148676 0
0.0147033 0
0.014548 0
0.0143884 0
0.0142212 0
0.0140724 0
0.0139371 0
0.0137857 0
0.0136583 0
0.0135258 0
0.0133621 0
0.0131941 0
0.0130489 0
0.0128999 0
0.0127396 0
0.0125888 0
0.0124214 0
0.012257 0
0.0121056 0
0.0119548 0
0.0118111 0
0.0116604 0
0.0115052 0
0.0113499 0
0.0111867 0
0.0110411 0
0.0108707 0
0.0107151 0
0.0105734 0
0.0104235 0
0.010268 0
0.0101119 0
0.00994303 0
0.00979619 0
0.00963924 0
0.00950302 0
0.00934659 0
0.0091955 0
0.00905836 0
0.00891985 0
0.00876437 0
0.00864018 0
0.0085052 0
0.00837354 0
0.00821559 0
0.00805446 0
0.00789424 0
0.00774446 0
0.00760348 0
0.00746425 0
0.00731328 0
0.00716544 0
0.0070313 0
0.00687651 0
0.00671185 0
0.00656644 0
0.00641026 0
0.00628038 0
0.00612154 0
0.0059824 0
0.00582951 0
0.00566695 0
0.00550995 0
0.00538127 0
0.00523571 0
0.00506945 0
0.0049254 0
0.00476691 0
0.00461536 0
0.00446766 0
0.00433039 0
0.00417353 0
0.00400488 0
0.00382649 0
0.00368695 0
0.00353315 0
0.00336744 0
0.0032181 0
0.00305783 0
0.0028997 0
0.00276627 0
0.00260465 0
0.00247073 0
0.00231628 0
0.00217103 0
0.00201991 0
0.00185541 0
0.00169238 0
0.00154368 0
0.00139303 0
0.00123433 0
0.00107262 0
0.000908808 0
0.000754302 0
0.000609168 0
0.000474454 0
0.000327845 0
0.000145687 0
