0.698479 1495
0.698479 1494
0.698479 1493
0.698337 1493
0.698337 1492
0.698337 1491
0.698337 1490
0.698337 1489
0.698337 1488
0.698337 1487
0.698337 1486
0.698337 1485
0.698337 1484
0.698337 1483
0.698337 1482
0.698337 1481
0.698337 1480
0.698337 1479
0.698337 1478
0.698337 1477
0.698337 1476
0.698337 1475
0.698337 1474
0.698337 1473
0.698337 1472
0.698337 1471
0.698337 1470
0.698191 1470
0.698191 1469
0.698191 1468
0.698191 1467
0.698191 1466
0.698191 1465
0.698191 1464
0.698191 1463
0.698191 1462
0.698191 1461
0.698191 1460
0.698191 1459
0.698057 1459
0.698057 1458
0.698057 1457
0.698057 1456
0.698026 1455
0.698026 1454
0.698026 1453
0.698026 1452
0.698026 1451
0.698026 1450
0.698026 1449
0.698026 1448
0.698026 1447
0.698026 1446
0.698026 1445
0.698026 1444
0.698026 1443
0.698026 1442
0.698026 1441
0.698026 1440
0.698026 1439
0.698026 1438
0.698026 1437
0.698026 1436
0.698026 1435
0.698026 1434
0.698026 1433
0.697946 1432
0.697946 1431
0.697946 1430
0.697946 1429
0.697946 1428
0.697946 1427
0.697946 1426
0.697946 1425
0.697946 1424
0.697946 1423
0.697946 1422
0.697946 1421
0.697946 1420
0.697946 1419
0.697946 1418
0.697946 1417
0.697946 1416
0.697946 1415
0.697946 1414
0.697946 1413
0.697946 1412
0.697912 1411
0.697912 1410
0.697912 1409
0.697912 1408
0.697912 1407
0.697912 1406
0.697912 1405
0.697912 1404
0.697912 1403
0.697912 1402
0.697912 1401
0.697912 1400
0.697912 1399
0.697912 1398
0.697912 1397
0.697912 1396
0.697912 1395
0.697912 1394
0.697912 1393
0.697912 1392
0.697912 1391
0.697912 1390
0.697912 1389
0.697912 1388
0.697912 1387
0.697912 1386
0.697912 1385
0.697912 1384
0.697912 1383
0.69775 1383
0.69775 1382
0.697675 1382
0.697675 1381
0.697675 1380
0.697675 1379
0.697523 1379
0.697523 1378
0.697523 1377
0.697523 1376
0.697405 1376
0.697405 1375
0.697405 1374
0.697405 1373
0.697405 1372
0.697405 1371
0.697405 1370
0.697317 1370
0.697317 1369
0.697317 1368
0.697317 1367
0.697317 1366
0.697317 1365
0.697317 1364
0.697317 1363
0.697317 1362
0.697215 1362
0.697215 1361
0.697215 1360
0.697215 1359
0.697215 1358
0.697215 1357
0.697215 1356
0.697215 1355
0.697215 1354
0.697215 1353
0.697215 1352
0.697215 1351
0.697215 1350
0.697215 1349
0.697215 1348
0.697215 1347
0.697215 1346
0.697215 1345
0.697215 1344
0.697215 1343
0.697207 1342
0.697207 1341
0.697207 1340
0.697207 1339
0.697207 1338
0.697207 1337
0.697207 1336
0.697207 1335
0.697207 1334
0.697207 1333
0.697207 1332
0.697207 1331
0.697096 1331
0.697096 1330
0.697096 1329
0.697096 1328
0.697096 1327
0.697096 1326
0.697044 1325
0.697044 1324
0.697044 1323
0.697044 1322
0.697044 1321
0.697044 1320
0.697044 1319
0.697044 1318
0.696959 1317
0.696959 1316
0.696836 1316
0.696836 1315
0.696832 1314
0.69682 1313
0.69682 1312
0.69682 1311
0.69682 1310
0.69682 1309
0.696787 1308
0.696787 1307
0.696787 1306
0.696787 1305
0.696787 1304
0.696787 1303
0.696787 1302
0.696787 1301
0.696787 1300
0.696672 1300
0.696672 1299
0.696596 1298
0.696596 1297
0.696478 1297
0.696478 1296
0.696478 1295
0.696478 1294
0.696478 1293
0.696478 1292
0.696478 1291
0.696478 1290
0.696478 1289
0.696478 1288
0.696478 1287
0.696478 1286
0.696478 1285
0.696478 1284
0.696478 1283
0.696478 1282
0.696478 1281
0.696442 1280
0.696442 1279
0.696442 1278
0.696442 1277
0.696442 1276
0.696442 1275
0.696442 1274
0.696442 1273
0.696442 1272
0.696442 1271
0.696442 1270
0.696442 1269
0.696442 1268
0.696442 1267
0.696442 1266
0.696442 1265
0.696442 1264
0.696442 1263
0.696442 1262
0.696442 1261
0.696442 1260
0.696322 1260
0.696214 1260
0.696214 1259
0.696214 1258
0.696214 1257
0.696214 1256
0.696214 1255
0.696214 1254
0.696214 1253
0.696214 1252
0.696214 1251
0.696082 1251
0.696082 1250
0.696082 1249
0.695985 1249
0.695985 1248
0.695985 1247
0.695985 1246
0.695825 1246
0.695825 1245
0.69581 1244
0.695801 1243
0.695801 1242
0.695801 1241
0.695801 1240
0.695801 1239
0.695704 1239
0.695704 1238
0.695704 1237
0.695704 1236
0.695704 1235
0.695704 1234
0.695704 1233
0.695704 1232
0.695704 1231
0.695704 1230
0.695569 1230
0.695569 1229
0.695569 1228
0.695457 1228
0.695457 1227
0.69545 1226
0.69545 1225
0.69545 1224
0.69545 1223
0.69545 1222
0.69545 1221
0.69545 1220
0.69545 1219
0.69545 1218
0.69545 1217
0.69545 1216
0.695307 1216
0.695174 1216
0.695174 1215
0.695174 1214
0.695174 1213
0.695174 1212
0.695174 1211
0.695174 1210
0.695174 1209
0.695174 1208
0.695174 1207
0.695174 1206
0.695174 1205
0.695174 1204
0.695174 1203
0.695174 1202
0.695174 1201
0.695174 1200
0.695174 1199
0.695174 1198
0.695174 1197
0.695174 1196
0.695174 1195
0.695174 1194
0.695174 1193
0.695174 1192
0.695174 1191
0.695174 1190
0.695098 1190
0.695098 1189
0.695098 1188
0.695098 1187
0.695098 1186
0.695098 1185
0.695098 1184
0.695098 1183
0.695098 1182
0.695098 1181
0.695098 1180
0.695098 1179
0.695098 1178
0.695053 1177
0.695053 1176
0.695053 1175
0.695053 1174
0.695053 1173
0.694914 1173
0.694914 1172
0.694914 1171
0.694914 1170
0.694914 1169
0.694914 1168
0.694914 1167
0.694914 1166
0.694914 1165
0.694914 1164
0.694914 1163
0.694914 1162
0.694914 1161
0.694914 1160
0.694914 1159
0.694783 1159
0.694783 1158
0.694783 1157
0.694783 1156
0.694783 1155
0.694783 1154
0.694783 1153
0.694783 1152
0.694783 1151
0.694783 1150
0.694783 1149
0.694783 1148
0.694783 1147
0.694783 1146
0.694783 1145
0.694783 1144
0.694783 1143
0.694631 1143
0.694631 1142
0.694631 1141
0.694631 1140
0.694631 1139
0.694631 1138
0.694631 1137
0.694631 1136
0.694631 1135
0.694631 1134
0.694631 1133
0.694631 1132
0.694631 1131
0.694631 1130
0.694631 1129
0.694631 1128
0.694631 1127
0.694631 1126
0.694631 1125
0.694631 1124
0.694631 1123
0.694631 1122
0.694492 1122
0.694492 1121
0.694492 1120
0.694492 1119
0.694492 1118
0.694492 1117
0.694492 1116
0.694492 1115
0.694492 1114
0.694492 1113
0.694492 1112
0.694492 1111
0.694383 1111
0.694383 1110
0.694329 1109
0.694329 1108
0.694329 1107
0.694329 1106
0.694329 1105
0.694329 1104
0.694194 1104
0.69416 1103
0.69416 1102
0.69416 1101
0.69416 1100
0.69416 1099
0.69416 1098
0.69416 1097
0.69416 1096
0.69416 1095
0.69416 1094
0.69416 1093
0.69416 1092
0.69416 1091
0.69416 1090
0.69416 1089
0.69416 1088
0.69416 1087
0.69416 1086
0.69416 1085
0.69416 1084
0.694065 1083
0.694065 1082
0.694065 1081
0.694065 1080
0.693995 1079
0.693995 1078
0.693995 1077
0.693995 1076
0.693995 1075
0.693894 1075
0.693894 1074
0.693894 1073
0.693894 1072
0.693894 1071
0.693894 1070
0.693894 1069
0.693894 1068
0.693894 1067
0.693894 1066
0.69372 1066
0.69372 1065
0.69372 1064
0.69372 1063
0.69372 1062
0.69372 1061
0.69372 1060
0.69372 1059
0.69372 1058
0.693655 1057
0.693655 1056
0.693655 1055
0.693655 1054
0.693655 1053
0.693512 1053
0.693512 1052
0.693512 1051
0.693512 1050
0.693512 1049
0.693512 1048
0.693512 1047
0.693512 1046
0.693512 1045
0.693512 1044
0.693512 1043
0.693512 1042
0.693512 1041
0.693512 1040
0.693512 1039
0.693512 1038
0.693512 1037
0.693512 1036
0.693512 1035
0.693512 1034
0.693512 1033
0.693512 1032
0.693512 1031
0.693512 1030
0.693512 1029
0.693399 1029
0.693399 1028
0.693399 1027
0.693399 1026
0.693399 1025
0.693399 1024
0.693399 1023
0.693399 1022
0.693255 1022
0.693255 1021
0.693255 1020
0.693255 1019
0.693255 1018
0.693255 1017
0.693255 1016
0.693255 1015
0.693255 1014
0.693255 1013
0.693255 1012
0.693102 1012
0.693001 1012
0.693001 1011
0.693001 1010
0.693001 1009
0.692889 1009
0.692889 1008
0.692889 1007
0.692889 1006
0.692889 1005
0.692889 1004
0.692889 1003
0.692889 1002
0.692889 1001
0.692758 1001
0.692758 1000
0.692758 999
0.692758 998
0.692758 997
0.692758 996
0.692758 995
0.692722 994
0.692722 993
0.692722 992
0.692722 991
0.692722 990
0.692722 989
0.692722 988
0.692722 987
0.692722 986
0.692722 985
0.692722 984
0.692722 983
0.692722 982
0.692568 982
0.692568 981
0.692568 980
0.692568 979
0.692568 978
0.692542 977
0.692542 976
0.692542 975
0.692542 974
0.692542 973
0.692542 972
0.692542 971
0.692542 970
0.692542 969
0.692542 968
0.692542 967
0.692542 966
0.692467 964
0.692467 963
0.692348 963
0.692348 962
0.69229 961
0.69229 960
0.69229 959
0.69229 958
0.69229 957
0.69229 956
0.69229 955
0.69229 954
0.69229 953
0.69229 952
0.692145 952
0.692145 951
0.692145 950
0.69206 949
0.69206 948
0.69206 947
0.69206 946
0.69206 945
0.691911 945
0.691911 944
0.691911 943
0.691911 942
0.691869 941
0.691869 940
0.691869 939
0.691869 938
0.691869 937
0.691869 936
0.691869 935
0.691869 934
0.691869 933
0.691869 932
0.691869 931
0.691869 930
0.691869 929
0.691783 928
0.691783 927
0.691783 926
0.691783 925
0.691783 924
0.691783 923
0.691783 922
0.691783 921
0.691783 920
0.691783 919
0.691783 918
0.691783 917
0.691783 916
0.691783 915
0.691783 914
0.691783 913
0.691783 912
0.691622 912
0.691622 911
0.691512 911
0.691512 910
0.691512 909
0.691512 908
0.691381 908
0.691381 907
0.691381 906
0.691381 905
0.691381 904
0.691381 903
0.691381 902
0.691381 901
0.691381 900
0.691381 899
0.691381 898
0.691381 897
0.691248 897
0.691248 896
0.691248 894
0.691248 893
0.69111 893
0.69111 892
0.69111 891
0.69111 890
0.69111 889
0.69111 888
0.69111 887
0.691106 886
0.691106 885
0.691106 884
0.691106 883
0.691106 882
0.691106 881
0.691106 880
0.691106 879
0.691106 878
0.691106 877
0.691101 876
0.691101 875
0.691101 874
0.691101 873
0.691101 872
0.691101 871
0.691101 870
0.691101 869
0.690961 869
0.690961 868
0.690961 867
0.690961 866
0.690961 865
0.690961 864
0.690961 863
0.690961 862
0.690961 861
0.690961 860
0.690961 859
0.690961 858
0.690961 857
0.690855 857
0.690855 856
0.690855 855
0.690855 854
0.690855 853
0.690855 852
0.690855 851
0.690855 850
0.690855 849
0.690855 848
0.690855 847
0.690855 846
0.690855 845
0.690855 844
0.690855 843
0.690855 842
0.690855 841
0.690855 840
0.690855 839
0.690855 838
0.690855 837
0.690855 836
0.690855 835
0.690855 834
0.690855 833
0.690855 832
0.690855 831
0.690855 830
0.690855 829
0.690855 828
0.690855 827
0.690855 826
0.69085 825
0.69085 824
0.69085 823
0.69085 822
0.6907 822
0.6907 821
0.6907 820
0.6907 819
0.6907 818
0.6907 817
0.6907 816
0.6907 815
0.6907 814
0.6907 813
0.690663 812
0.690555 812
0.690555 811
0.69048 810
0.69048 809
0.69048 808
0.690334 808
0.690334 807
0.690334 806
0.690334 805
0.690334 804
0.690334 803
0.690269 802
0.690269 801
0.690269 800
0.690269 799
0.690269 798
0.690269 797
0.690269 796
0.690269 795
0.690269 794
0.690174 793
0.690038 793
0.690038 792
0.690038 791
0.690038 790
0.690038 789
0.690038 788
0.690038 787
0.690038 786
0.690038 785
0.690038 784
0.690038 783
0.690035 782
0.689927 782
0.689885 781
0.689885 780
0.689885 779
0.689885 778
0.689785 778
0.689785 777
0.689785 776
0.689785 775
0.689785 774
0.689785 773
0.689785 772
0.689785 771
0.689785 770
0.689785 769
0.689785 768
0.689785 767
0.689693 766
0.689693 765
0.689693 764
0.689693 763
0.689693 762
0.689693 761
0.689587 761
0.689587 760
0.689587 759
0.689587 758
0.689587 757
0.689587 756
0.689587 755
0.689425 755
0.689425 754
0.689425 753
0.689425 752
0.689276 752
0.689276 751
0.689113 751
0.689113 750
0.689113 749
0.688994 749
0.688994 748
0.688994 747
0.688994 746
0.688994 745
0.688994 744
0.688994 743
0.688994 742
0.688994 741
0.688994 740
0.688994 739
0.688994 738
0.688994 737
0.688994 736
0.688881 736
0.688881 735
0.688805 734
0.688805 733
0.688805 732
0.688805 731
0.688805 730
0.688805 729
0.688805 728
0.688805 727
0.688805 726
0.688805 725
0.688805 724
0.688805 723
0.688805 722
0.688805 721
0.688805 720
0.688805 719
0.688805 718
0.688805 717
0.688805 716
0.688805 715
0.688805 714
0.688805 713
0.688732 712
0.688732 711
0.688732 710
0.688732 709
0.688732 708
0.688732 707
0.688732 706
0.688732 705
0.688732 704
0.688732 703
0.688732 702
0.688728 701
0.688724 700
0.688632 699
0.688632 698
0.688632 697
0.688632 696
0.688632 695
0.688488 695
0.688423 694
0.688423 693
0.688423 692
0.688423 691
0.688423 690
0.688423 689
0.688423 688
0.688423 687
0.688407 686
0.688407 685
0.688407 684
0.688407 683
0.688407 682
0.688407 681
0.688264 681
0.688264 680
0.688264 679
0.688264 678
0.688264 677
0.688264 676
0.688264 675
0.688264 674
0.688264 673
0.688264 672
0.688264 671
0.688264 670
0.688264 669
0.688144 669
0.688016 669
0.688016 668
0.687987 667
0.687886 667
0.687883 666
0.687883 665
0.687883 664
0.687883 663
0.687883 662
0.687883 661
0.687762 661
0.687762 660
0.687762 659
0.687762 658
0.687762 657
0.687677 656
0.687677 655
0.687677 654
0.687677 653
0.687677 652
0.687677 651
0.687677 650
0.687677 649
0.687677 648
0.687677 647
0.687677 646
0.687677 645
0.687677 644
0.687677 643
0.687677 642
0.687677 641
0.687677 640
0.687677 639
0.687611 638
0.687611 637
0.687611 636
0.687611 635
0.687611 634
0.687611 633
0.687611 632
0.687611 631
0.687611 630
0.687611 629
0.687611 628
0.687552 627
0.687552 626
0.687552 625
0.687552 624
0.687421 624
0.687421 623
0.687359 622
0.687359 621
0.687359 620
0.687248 620
0.687248 619
0.687248 618
0.68709 618
0.686967 618
0.686967 617
0.686844 617
0.686844 616
0.686844 615
0.686844 614
0.686844 613
0.686844 612
0.686697 612
0.686697 611
0.686697 610
0.686697 609
0.686697 608
0.686697 607
0.686697 606
0.686697 605
0.686697 604
0.686697 603
0.686616 602
0.686487 602
0.686479 601
0.686479 600
0.686479 599
0.686479 598
0.686479 597
0.686479 596
0.686479 595
0.686479 594
0.686479 593
0.686479 592
0.686479 591
0.686479 590
0.686479 589
0.686479 588
0.686479 587
0.686479 586
0.686479 585
0.686375 585
0.686375 584
0.686375 583
0.68623 583
0.68623 582
0.68623 581
0.68623 580
0.68623 579
0.68623 578
0.686217 577
0.686217 576
0.686217 575
0.686217 574
0.686217 573
0.686217 572
0.686037 572
0.686037 571
0.686037 570
0.686037 569
0.686037 568
0.686037 567
0.686037 566
0.686037 565
0.686037 564
0.686037 563
0.686037 562
0.686037 561
0.686037 560
0.686037 559
0.686037 558
0.686037 557
0.686037 556
0.686037 555
0.685883 555
0.685883 554
0.685883 553
0.685883 552
0.685754 552
0.685754 551
0.685754 550
0.685754 549
0.685585 549
0.685585 548
0.685585 547
0.685585 546
0.685585 545
0.685585 544
0.685585 543
0.685585 542
0.685585 541
0.685585 540
0.685585 539
0.685585 538
0.685585 537
0.685585 536
0.685469 536
0.685469 535
0.685469 534
0.685469 533
0.685469 532
0.685469 531
0.685469 530
0.685468 529
0.685468 528
0.685468 527
0.685468 526
0.685358 526
0.685358 525
0.685358 524
0.685358 523
0.685358 522
0.685358 521
0.685358 520
0.685358 519
0.685358 518
0.685358 517
0.685358 516
0.685358 515
0.685358 514
0.685207 514
0.685207 513
0.685207 512
0.685034 512
0.685034 511
0.685034 510
0.685034 509
0.685034 508
0.685034 507
0.685034 506
0.685034 505
0.685034 504
0.684973 503
0.684973 502
0.684859 502
0.684859 501
0.684859 500
0.684859 499
0.684859 498
0.684859 497
0.684859 496
0.684859 495
0.684859 494
0.684859 493
0.684859 492
0.684859 491
0.684859 490
0.684859 489
0.684859 488
0.684859 487
0.684734 487
0.684734 486
0.684734 485
0.684734 484
0.684734 483
0.684734 482
0.684734 481
0.684734 480
0.684734 479
0.684611 479
0.684611 478
0.684611 477
0.684611 476
0.684611 475
0.684611 474
0.684513 474
0.684513 473
0.684513 472
0.684513 471
0.684513 470
0.684513 469
0.684513 468
0.684513 467
0.684513 466
0.684391 466
0.684297 465
0.684165 465
0.684165 464
0.684165 463
0.684165 462
0.684151 461
0.684151 460
0.684151 459
0.684151 458
0.684151 457
0.684151 456
0.684151 455
0.684151 454
0.684151 453
0.684085 452
0.684085 451
0.684085 450
0.684085 449
0.684085 448
0.68402 447
0.68402 446
0.68402 445
0.68402 444
0.68402 443
0.68402 442
0.68402 441
0.68402 440
0.68402 439
0.68402 438
0.68402 437
0.68402 436
0.68402 435
0.68402 434
0.683855 434
0.683855 433
0.683855 432
0.683769 431
0.683769 430
0.683769 429
0.683769 428
0.683769 427
0.683769 426
0.683769 425
0.683769 424
0.683769 423
0.683769 422
0.683769 421
0.683602 421
0.683469 421
0.683422 420
0.683422 419
0.683422 418
0.683422 417
0.683311 417
0.683311 416
0.683311 415
0.683311 414
0.683311 413
0.683311 412
0.683311 411
0.683311 410
0.683311 409
0.683311 408
0.683311 407
0.683311 406
0.683311 405
0.683311 404
0.683311 403
0.683167 403
0.683167 402
0.683167 401
0.683039 401
0.683039 400
0.683039 399
0.683039 398
0.683039 397
0.683039 396
0.683039 395
0.683039 394
0.68302 393
0.68302 392
0.68302 391
0.682904 391
0.682904 390
0.682773 390
0.682773 389
0.682773 388
0.682773 387
0.682773 386
0.682773 385
0.682773 384
0.682646 384
0.682646 383
0.682646 382
0.682646 381
0.682646 380
0.682646 379
0.682646 378
0.682477 378
0.682477 377
0.682198 377
0.682198 376
0.682198 375
0.682079 375
0.682079 374
0.682079 373
0.681948 373
0.681876 372
0.681757 372
0.681757 371
0.681757 370
0.681757 369
0.681757 368
0.681746 367
0.681746 366
0.681567 366
0.681567 365
0.681567 364
0.681567 363
0.681567 362
0.681567 361
0.681567 360
0.681567 359
0.681424 359
0.681424 358
0.681424 357
0.681424 356
0.681424 355
0.681273 355
0.681273 354
0.681119 354
0.681119 353
0.681119 352
0.680962 352
0.680962 351
0.680962 350
0.680962 349
0.680869 348
0.680869 347
0.680869 346
0.680869 345
0.680869 344
0.680869 343
0.680869 342
0.680739 342
0.68062 342
0.68062 341
0.68062 340
0.680608 339
0.68044 339
0.68042 338
0.680372 337
0.680372 336
0.680311 335
0.680311 334
0.680311 333
0.680311 332
0.680311 331
0.680311 330
0.680311 329
0.680311 328
0.680217 327
0.680129 326
0.680129 325
0.679987 325
0.679987 324
0.679987 323
0.679987 322
0.679869 322
0.679869 321
0.679734 321
0.679734 320
0.679734 319
0.679558 319
0.679558 318
0.679451 318
0.679451 317
0.679451 316
0.679451 315
0.679451 314
0.679451 313
0.679451 312
0.679451 311
0.679451 310
0.679451 309
0.679285 309
0.679285 308
0.679285 307
0.679285 306
0.679285 305
0.679285 304
0.679285 303
0.679285 302
0.679285 301
0.679285 300
0.679285 299
0.679221 298
0.679221 297
0.679221 296
0.679221 295
0.679221 294
0.679221 293
0.679221 292
0.679081 292
0.67893 292
0.67893 291
0.678779 291
0.678779 290
0.678703 289
0.678703 288
0.678703 287
0.678703 286
0.678703 285
0.678703 284
0.678703 283
0.678703 282
0.678703 281
0.678703 280
0.67855 280
0.67855 279
0.67855 278
0.67855 277
0.678544 276
0.678419 276
0.678419 275
0.678419 274
0.678419 273
0.678266 273
0.678266 272
0.678121 272
0.678121 271
0.677982 271
0.677982 270
0.677982 269
0.677865 269
0.677721 269
0.677605 269
0.677547 268
0.677547 267
0.677547 266
0.677396 266
0.677396 265
0.677396 264
0.677396 263
0.677396 262
0.677396 261
0.677396 260
0.677277 260
0.677133 260
0.677124 259
0.676989 259
0.676971 258
0.676971 257
0.676863 257
0.676863 256
0.676863 255
0.676863 254
0.676863 253
0.676762 253
0.676762 252
0.676595 252
0.676426 252
0.676426 251
0.676426 250
0.676353 249
0.676353 248
0.676353 247
0.676246 247
0.676078 247
0.675993 246
0.675826 246
0.675683 246
0.675567 246
0.675567 245
0.675567 244
0.675567 243
0.675567 242
0.675551 241
0.675551 240
0.675551 239
0.675409 239
0.675409 238
0.675409 237
0.675409 236
0.675409 235
0.675287 235
0.675236 234
0.675236 233
0.675236 232
0.675236 231
0.67523 230
0.67514 229
0.67514 228
0.67514 227
0.675069 226
0.675068 225
0.675068 224
0.674904 224
0.674748 224
0.674748 223
0.674748 222
0.674748 221
0.674748 220
0.674748 219
0.674597 219
0.674513 218
0.674513 217
0.674404 217
0.674404 216
0.674281 216
0.674281 215
0.674281 214
0.674281 213
0.674118 213
0.673959 213
0.673959 212
0.673959 211
0.673959 210
0.673802 210
0.673802 209
0.673746 208
0.673746 207
0.673601 207
0.673601 206
0.673601 205
0.673601 204
0.673601 203
0.673468 203
0.673314 203
0.673209 203
0.673089 203
0.672963 203
0.672963 202
0.672963 201
0.672831 201
0.672831 200
0.672797 199
0.672797 198
0.672635 198
0.672546 197
0.672546 196
0.672402 196
0.672402 195
0.672252 195
0.672252 194
0.672145 194
0.672013 194
0.672013 193
0.67187 193
0.671812 192
0.671812 191
0.671812 190
0.671812 189
0.671812 188
0.671812 187
0.671812 186
0.671648 186
0.671527 186
0.671419 186
0.671419 185
0.671419 184
0.671325 183
0.671325 182
0.671325 181
0.671257 180
0.671167 179
0.671167 178
0.671167 177
0.671167 176
0.671167 175
0.671167 174
0.671044 174
0.671044 173
0.671044 172
0.671044 171
0.671044 170
0.670911 170
0.670911 169
0.670754 169
0.670641 169
0.670483 169
0.670327 169
0.670327 168
0.670206 168
0.670206 167
0.670206 166
0.670206 165
0.670206 164
0.670206 163
0.670206 162
0.670206 161
0.670039 161
0.670039 160
0.67 159
0.67 158
0.669844 158
0.669734 158
0.669582 158
0.669437 158
0.669437 157
0.669437 156
0.669437 155
0.669437 154
0.669363 153
0.669237 153
0.669237 152
0.669237 151
0.669237 150
0.669237 149
0.669237 148
0.669237 147
0.669237 146
0.669125 146
0.669125 145
0.669125 144
0.669125 143
0.669006 143
0.668841 143
0.668841 142
0.668715 142
0.668715 141
0.668552 141
0.668552 140
0.668552 139
0.668552 138
0.668379 138
0.668379 137
0.668274 137
0.668274 136
0.668181 135
0.668037 135
0.667918 135
0.667769 135
0.667769 134
0.667676 133
0.667565 133
0.667565 132
0.667441 132
0.667441 131
0.667441 130
0.667441 129
0.667441 128
0.667441 127
0.667288 127
0.667149 127
0.666997 127
0.666835 127
0.666677 127
0.666528 127
0.666528 126
0.666528 125
0.666374 125
0.666206 125
0.666206 124
0.666206 123
0.666206 122
0.666206 121
0.666159 120
0.666016 120
0.666016 119
0.665869 119
0.665869 118
0.665781 117
0.665781 116
0.665626 116
0.665626 115
0.665522 115
0.665413 115
0.665413 114
0.665413 113
0.665413 112
0.665269 112
0.665104 112
0.665104 111
0.665104 110
0.664963 110
0.664827 110
0.664701 110
0.664701 109
0.66453 109
0.66453 108
0.66453 107
0.66453 106
0.66453 105
0.664407 105
0.664249 105
0.664156 104
0.664156 103
0.664002 103
0.664002 102
0.663874 102
0.663874 101
0.663752 101
0.663752 100
0.663752 99
0.663605 99
0.663605 98
0.663489 98
0.663375 98
0.663228 98
0.663228 97
0.663091 97
0.662945 97
0.662945 96
0.662945 95
0.66279 95
0.662698 94
0.662614 93
0.662454 93
0.662375 92
0.662249 92
0.662249 91
0.662249 90
0.662101 90
0.661977 90
0.661977 89
0.661817 89
0.661732 88
0.661732 87
0.661576 87
0.66152 86
0.661378 86
0.661378 85
0.6611 85
0.660966 85
0.660966 84
0.660966 83
0.660829 83
0.660674 83
0.660533 83
0.660533 82
0.660407 82
0.660273 82
0.660273 81
0.660273 80
0.660143 80
0.65998 80
0.659836 80
0.659696 80
0.659546 80
0.659403 80
0.659283 80
0.659283 79
0.659283 78
0.659121 78
0.659121 77
0.659121 76
0.658991 76
0.658878 76
0.658878 75
0.658721 75
0.658585 75
0.658451 75
0.658293 75
0.658147 75
0.658021 75
0.658021 74
0.657897 74
0.657759 74
0.657609 74
0.657473 74
0.657473 73
0.657473 72
0.657473 71
0.657326 71
0.657326 70
0.657174 70
0.657174 69
0.657024 69
0.657024 68
0.656869 68
0.656742 68
0.656742 67
0.656636 67
0.656479 67
0.656362 67
0.656241 67
0.656096 67
0.655912 67
0.655912 66
0.655912 65
0.655782 65
0.655782 64
0.655782 63
0.655782 62
0.655626 62
0.655626 61
0.655496 61
0.655339 61
0.655339 60
0.6552 60
0.655097 60
0.654941 60
0.654841 60
0.654731 60
0.654731 59
0.654582 59
0.654436 59
0.654436 58
0.654308 58
0.654174 58
0.6541 57
0.653996 57
0.653888 57
0.653783 57
0.653632 57
0.653494 57
0.65335 57
0.653194 57
0.653026 57
0.653026 56
0.652887 56
0.652731 56
0.652731 55
0.652578 55
0.652425 55
0.652294 55
0.652129 55
0.652068 54
0.652068 53
0.651908 53
0.651818 52
0.651692 52
0.651515 52
0.651515 51
0.651436 50
0.651315 50
0.651171 50
0.651019 50
0.650843 50
0.650843 49
0.650706 49
0.650641 48
0.650377 48
0.650254 48
0.65012 48
0.649982 48
0.649811 48
0.649666 48
0.649505 48
0.649364 48
0.649201 48
0.649068 48
0.648953 48
0.648805 48
0.648676 48
0.64853 48
0.64841 48
0.648274 48
0.64813 48
0.647975 48
0.647975 47
0.64784 47
0.64784 46
0.647716 46
0.647711 45
0.647561 45
0.647561 44
0.64739 44
0.647219 44
0.647066 44
0.64693 44
0.646781 44
0.646625 44
0.646491 44
0.646376 44
0.646376 43
0.646376 42
0.64621 42
0.646053 42
0.645907 42
0.645751 42
0.645597 42
0.645423 42
0.645305 42
0.645226 41
0.645056 41
0.644909 41
0.644909 40
0.644749 40
0.644594 40
0.644456 40
0.644325 40
0.644163 40
0.644021 40
0.643891 40
0.643774 40
0.64369 39
0.643556 39
0.643474 38
0.643375 38
0.643199 38
0.643084 38
0.64295 38
0.642774 38
0.642646 38
0.642514 38
0.642414 38
0.642274 38
0.642113 38
0.641996 38
0.641845 38
0.641688 38
0.641688 37
0.641548 37
0.641414 37
0.641278 37
0.641142 37
0.64101 37
0.640871 37
0.640736 37
0.640633 37
0.640489 37
0.640344 37
0.640175 37
0.640175 36
0.640015 36
0.639895 36
0.639787 36
0.639787 35
0.639687 35
0.639575 35
0.639426 35
0.63929 35
0.639132 35
0.63901 35
0.638911 35
0.638783 35
0.638639 35
0.6385 35
0.638367 35
0.638199 35
0.638083 35
0.637953 35
0.637792 35
0.637683 35
0.637535 35
0.637387 35
0.637244 35
0.637103 35
0.636981 35
0.636815 35
0.636815 34
0.636703 34
0.636599 34
0.636482 34
0.63633 34
0.636187 34
0.636097 33
0.635941 33
0.635941 32
0.635833 32
0.63567 32
0.63567 31
0.63553 31
0.635395 31
0.635254 31
0.635105 31
0.634955 31
0.634837 31
0.634695 31
0.634564 31
0.63441 31
0.634246 31
0.634093 31
0.633945 31
0.633829 31
0.63369 31
0.633542 31
0.633402 31
0.633259 31
0.633111 31
0.63297 31
0.63281 31
0.632653 31
0.632491 31
0.632328 31
0.632207 31
0.632083 31
0.631962 31
0.631822 31
0.631693 31
0.631531 31
0.631371 31
0.631242 31
0.631079 31
0.631079 30
0.63096 30
0.630791 30
0.630661 30
0.630507 30
0.630368 30
0.630224 30
0.630082 30
0.629942 30
0.629788 30
0.629638 30
0.62949 30
0.62949 29
0.629403 28
0.629235 28
0.629144 27
0.628989 27
0.628843 27
0.62872 27
0.628579 27
0.628437 27
0.628302 27
0.62816 27
0.628005 27
0.627867 27
0.627708 27
0.627561 27
0.627407 27
0.62727 27
0.627122 27
0.626993 27
0.626846 27
0.62671 27
0.626551 27
0.626409 27
0.626278 27
0.626183 26
0.626014 26
0.625856 26
0.625713 26
0.625571 26
0.625411 26
0.625254 26
0.62511 26
0.624976 26
0.624851 26
0.624715 26
0.6246 26
0.624486 26
0.62437 26
0.624205 26
0.624072 26
0.623895 26
0.623726 26
0.623579 26
0.623441 26
0.62335 25
0.62322 25
0.623108 25
0.622949 25
0.622812 25
0.622676 25
0.62252 25
0.622425 24
0.622309 24
0.622207 24
0.622112 23
0.621942 23
0.621773 23
0.621618 23
0.621459 23
0.621319 23
0.621198 23
0.621055 23
0.620883 23
0.62074 23
0.620632 23
0.62048 23
0.620346 23
0.620218 23
0.620078 23
0.619928 23
0.619813 23
0.619813 22
0.619704 22
0.619562 22
0.619397 22
0.619239 22
0.619133 22
0.618953 22
0.618804 22
0.618666 22
0.618523 22
0.618387 22
0.618265 22
0.618106 22
0.618016 21
0.617878 21
0.617732 21
0.6176 21
0.617483 21
0.617329 21
0.617197 21
0.617034 21
0.616881 21
0.616881 20
0.616749 20
0.616626 20
0.616517 20
0.616403 20
0.616244 20
0.616081 20
0.61592 20
0.615777 20
0.615628 20
0.615501 20
0.615395 20
0.615245 20
0.615084 20
0.614964 20
0.614834 20
0.614718 20
0.614568 20
0.614393 20
0.614224 20
0.614056 20
0.614056 19
0.613907 19
0.613783 19
0.613783 18
0.613618 18
0.613473 18
0.613376 18
0.613229 18
0.613115 18
0.612972 18
0.612836 18
0.612704 18
0.612608 17
0.612458 17
0.612325 17
0.612188 17
0.612055 17
0.611924 17
0.611777 17
0.611613 17
0.61148 17
0.611355 17
0.611225 17
0.611071 17
0.610908 17
0.610754 17
0.610613 17
0.61046 17
0.610305 17
0.610133 17
0.609992 17
0.609846 17
0.609701 17
0.60956 17
0.609397 17
0.609227 17
0.609084 17
0.608982 17
0.608824 17
0.608708 17
0.608545 17
0.608403 17
0.608287 17
0.608175 17
0.608037 17
0.60788 17
0.607742 17
0.607593 17
0.607429 17
0.607276 17
0.607124 17
0.607124 16
0.606974 16
0.606826 16
0.606651 16
0.606545 16
0.606442 16
0.6063 16
0.606151 16
0.60604 16
0.605904 16
0.605766 16
0.605605 16
0.605445 16
0.605292 16
0.605144 16
0.605012 16
0.604862 16
0.604751 16
0.604596 16
0.604449 16
0.604301 16
0.60414 16
0.603991 16
0.60384 16
0.603699 16
0.603561 16
0.603383 16
0.60323 16
0.603091 16
0.602964 16
0.602812 16
0.602647 16
0.602504 16
0.602348 16
0.602222 16
0.602074 16
0.601924 16
0.601802 16
0.601661 16
0.601511 16
0.601382 16
0.601239 16
0.601109 16
0.600955 16
0.600849 16
0.600707 16
0.60057 16
0.600437 16
0.600302 16
0.600169 16
0.600014 16
0.599851 16
0.599718 16
0.599557 16
0.599392 16
0.59926 16
0.599121 16
0.598992 16
0.598826 16
0.59865 16
0.59865 15
0.5985 15
0.598367 15
0.598219 15
0.598139 14
0.59799 14
0.597859 14
0.59777 13
0.597624 13
0.597461 13
0.597316 13
0.597176 13
0.597031 13
0.596883 13
0.596816 12
0.59666 12
0.59652 12
0.596225 12
0.596052 12
0.59589 12
0.59574 12
0.595576 12
0.595424 12
0.595264 12
0.595096 12
0.594954 12
0.594816 12
0.594655 12
0.594497 12
0.594447 11
0.594312 11
0.594176 11
0.594067 11
0.593944 11
0.59378 11
0.593645 11
0.593504 11
0.593329 11
0.593166 11
0.593034 11
0.592882 11
0.592721 11
0.59258 11
0.592409 11
0.592256 11
0.592095 11
0.592012 10
0.591877 10
0.591743 10
0.591591 10
0.591436 10
0.591309 10
0.591165 10
0.591055 10
0.590911 10
0.590733 10
0.59059 10
0.590434 10
0.590279 10
0.590119 10
0.589797 10
0.589702 9
0.58955 9
0.58943 9
0.589269 9
0.589143 9
0.589 9
0.588875 9
0.588715 9
0.588636 8
0.588477 8
0.58835 8
0.588175 8
0.588041 8
0.587877 8
0.587732 8
0.58759 8
0.587433 8
0.587309 8
0.587147 8
0.586987 8
0.586856 8
0.586723 8
0.586575 8
0.586449 8
0.586321 8
0.586175 8
0.586049 8
0.585942 8
0.58581 8
0.585652 8
0.585485 8
0.585334 8
0.585199 8
0.58503 8
0.584865 8
0.584687 8
0.584598 7
0.584431 7
0.584293 7
0.584142 7
0.583984 7
0.583841 7
0.583704 7
0.583557 7
0.583392 7
0.583217 7
0.583098 7
0.58293 7
0.582767 7
0.582615 7
0.582483 7
0.582326 7
0.582191 7
0.58205 7
0.581916 7
0.58175 7
0.581625 7
0.581495 7
0.58134 7
0.581199 7
0.58104 7
0.580892 7
0.580738 7
0.580583 7
0.580461 7
0.580292 7
0.580141 7
0.580013 7
0.579858 7
0.579724 7
0.579561 7
0.579472 6
0.579326 6
0.579174 6
0.579038 6
0.578898 6
0.578758 6
0.578594 6
0.578456 6
0.578295 6
0.578151 6
0.578022 6
0.577846 6
0.577688 6
0.577529 6
0.577348 6
0.577163 6
0.577014 6
0.576872 6
0.576695 6
0.576545 6
0.576398 6
0.576225 6
0.576078 6
0.57592 6
0.575772 6
0.575612 6
0.575461 6
0.575295 6
0.575144 6
0.575003 6
0.574853 6
0.57471 6
0.574562 6
0.574235 6
0.574078 6
0.573901 6
0.573752 6
0.573578 6
0.57342 6
0.573265 6
0.573115 6
0.572934 6
0.572804 6
0.572649 6
0.572488 6
0.57234 6
0.572188 6
0.572022 6
0.571858 6
0.571725 6
0.57155 6
0.571408 6
0.571228 6
0.571071 6
0.570903 6
0.570742 6
0.57062 6
0.570478 6
0.570306 6
0.570161 6
0.570034 6
0.569882 6
0.569728 6
0.569578 6
0.569478 6
0.569319 6
0.569155 6
0.568986 6
0.568814 6
0.568676 6
0.568528 6
0.56838 6
0.568238 6
0.568122 6
0.567979 6
0.567838 6
0.567685 6
0.567537 6
0.567369 6
0.567207 6
0.567056 6
0.566883 6
0.566748 6
0.566609 6
0.566462 6
0.566338 6
0.566186 6
0.566046 6
0.565892 6
0.56576 6
0.565592 6
0.565479 6
0.565312 6
0.565165 6
0.565008 6
0.564912 5
0.564786 5
0.56463 5
0.564487 5
0.564322 5
0.564154 5
0.564007 5
0.56388 5
0.56377 5
0.563664 5
0.563519 5
0.56338 5
0.563085 5
0.562934 5
0.562801 5
0.562663 5
0.562508 5
0.562404 5
0.562248 5
0.56209 5
0.561966 5
0.561815 5
0.561642 5
0.561461 5
0.561286 5
0.561165 5
0.561052 5
0.56088 5
0.560702 5
0.560586 5
0.560423 5
0.560287 5
0.560135 5
0.559979 5
0.559826 5
0.559683 5
0.559548 5
0.559386 5
0.559278 5
0.559178 5
0.559068 5
0.558926 5
0.55877 5
0.558625 5
0.55846 5
0.55831 5
0.558161 5
0.558014 5
0.557852 5
0.557701 5
0.557538 5
0.557367 5
0.557209 5
0.557059 5
0.556911 5
0.55679 5
0.55663 5
0.556495 5
0.556323 5
0.556188 5
0.556035 5
0.55587 5
0.555716 5
0.555561 5
0.555407 5
0.555258 5
0.555133 5
0.554999 5
0.554868 5
0.554752 5
0.554628 5
0.554492 5
0.554329 5
0.554195 5
0.554046 5
0.553894 5
0.553783 5
0.553658 5
0.553526 5
0.553393 5
0.55322 5
0.553093 5
0.552961 5
0.552804 5
0.552648 5
0.552507 5
0.552358 5
0.552194 5
0.552111 4
0.55199 4
0.551844 4
0.551685 4
0.55154 4
0.551399 4
0.551247 4
0.551097 4
0.550976 4
0.550855 4
0.550726 4
0.55062 4
0.550486 4
0.550343 4
0.550195 4
0.550049 4
0.549924 4
0.549761 4
0.5496 4
0.549454 4
0.549314 4
0.549151 4
0.54901 4
0.548858 4
0.548696 4
0.548562 4
0.548393 4
0.548234 4
0.548093 4
0.547948 4
0.547836 4
0.547668 4
0.547525 4
0.54738 4
0.547237 4
0.547077 4
0.546927 4
0.546793 4
0.54665 4
0.546489 4
0.546318 4
0.546184 4
0.546004 4
0.54586 4
0.545738 4
0.545591 4
0.545421 4
0.545259 4
0.545118 4
0.544972 4
0.544805 4
0.544647 4
0.544482 4
0.54431 4
0.544176 4
0.544025 4
0.543856 4
0.543714 4
0.543592 4
0.543455 4
0.543297 4
0.543163 4
0.54299 4
0.542822 4
0.542651 4
0.542508 4
0.542362 4
0.54222 4
0.542053 4
0.541738 4
0.541592 4
0.541442 4
0.541281 4
0.54111 4
0.54096 4
0.540841 4
0.540716 4
0.540561 4
0.540419 4
0.540284 4
0.54015 4
0.539998 4
0.53985 4
0.539707 4
0.53959 4
0.539453 4
0.539307 4
0.539196 4
0.539029 4
0.538863 4
0.538707 4
0.538567 4
0.538424 4
0.538279 4
0.538148 4
0.537988 4
0.537823 4
0.537668 4
0.53755 4
0.537411 4
0.537282 4
0.537131 4
0.536965 4
0.536802 4
0.536659 4
0.536511 4
0.536354 4
0.536199 4
0.536054 4
0.535903 4
0.53578 4
0.535633 4
0.535498 4
0.535352 4
0.535199 4
0.53506 4
0.534921 4
0.534632 4
0.534491 4
0.534333 4
0.53419 4
0.534026 4
0.533878 4
0.533744 4
0.533649 3
0.533503 3
0.533351 3
0.533182 3
0.533009 3
0.532883 3
0.532734 3
0.532575 3
0.532455 3
0.532319 3
0.532171 3
0.532017 3
0.531856 3
0.531683 3
0.531533 3
0.531357 3
0.5312 3
0.531038 3
0.530923 3
0.530779 3
0.530651 3
0.53048 3
0.530318 3
0.530162 3
0.530027 3
0.52988 3
0.529715 3
0.529569 3
0.529413 3
0.529259 3
0.529088 3
0.528942 3
0.52878 3
0.528632 3
0.5285 3
0.528342 3
0.528174 3
0.528005 3
0.527878 3
0.527747 3
0.527597 3
0.527451 3
0.527301 3
0.527152 3
0.527016 3
0.526853 3
0.526733 3
0.526588 3
0.526456 3
0.526324 3
0.526166 3
0.526016 3
0.525859 3
0.525717 3
0.525561 3
0.525409 3
0.525257 3
0.525157 3
0.525004 3
0.524879 3
0.524719 3
0.524589 3
0.524464 3
0.524337 3
0.52419 3
0.524081 3
0.523926 3
0.523763 3
0.523625 3
0.523475 3
0.52332 3
0.523178 3
0.523023 3
0.522869 3
0.522741 3
0.522599 3
0.522452 3
0.522304 3
0.522189 3
0.522044 3
0.521895 3
0.521748 3
0.52159 3
0.521502 2
0.521376 2
0.521233 2
0.521095 2
0.520947 2
0.52078 2
0.520636 2
0.520484 2
0.520346 2
0.520201 2
0.520071 2
0.519896 2
0.519735 2
0.5196 2
0.519427 2
0.519304 2
0.51916 2
0.519037 2
0.518886 2
0.518724 2
0.518576 2
0.518423 2
0.518299 2
0.518176 2
0.518028 2
0.517867 2
0.517698 2
0.517541 2
0.517393 2
0.517248 2
0.517093 2
0.516957 2
0.51681 2
0.516661 2
0.516512 2
0.516346 2
0.516184 2
0.516023 2
0.515867 2
0.515703 2
0.515537 2
0.515407 2
0.515256 2
0.515119 2
0.514959 2
0.514824 2
0.514649 2
0.514499 2
0.514353 2
0.514195 2
0.514061 2
0.513928 2
0.513773 2
0.51363 2
0.513481 2
0.513342 2
0.513177 2
0.513019 2
0.512849 2
0.512668 2
0.512515 2
0.512357 2
0.512228 2
0.51206 2
0.511893 2
0.51175 2
0.511601 2
0.511436 2
0.511301 2
0.511149 2
0.510992 2
0.510819 2
0.510663 2
0.510533 2
0.510391 2
0.510263 2
0.510105 2
0.509964 2
0.509803 2
0.509662 2
0.509509 2
0.509351 2
0.509192 2
0.50904 2
0.508887 2
0.508752 2
0.508606 2
0.508323 2
0.508193 2
0.508051 2
0.507923 2
0.507777 2
0.507624 2
0.507507 2
0.507346 2
0.507202 2
0.507054 2
0.506897 2
0.506766 2
0.506625 2
0.506496 2
0.506359 2
0.506221 2
0.506081 2
0.505907 2
0.50575 2
0.505596 2
0.505416 2
0.505276 2
0.505141 2
0.504998 2
0.504863 2
0.504757 2
0.50461 2
0.504459 2
0.504293 2
0.504142 2
0.503974 2
0.503828 2
0.503693 2
0.503539 2
0.503388 2
0.50325 2
0.503103 2
0.502935 2
0.502803 2
0.502682 2
0.502521 2
0.502359 2
0.502202 2
0.502052 2
0.501902 2
0.501733 2
0.501601 2
0.501466 2
0.50131 2
0.501165 2
0.500998 2
0.500832 2
0.500687 2
0.500521 2
0.500367 2
0.500233 2
0.500077 2
0.499919 2
0.499748 2
0.499621 2
0.49945 2
0.499333 2
0.499192 2
0.499034 2
0.498872 2
0.498702 2
0.498542 2
0.498421 2
0.498288 2
0.498137 2
0.497975 2
0.497835 2
0.4977 2
0.497551 2
0.497415 2
0.497261 2
0.497107 2
0.49694 2
0.496782 2
0.496672 2
0.496497 2
0.496337 2
0.496231 2
0.496069 2
0.495922 2
0.495753 2
0.495599 2
0.495436 2
0.495282 2
0.495154 2
0.495022 2
0.494875 2
0.494734 2
0.494578 2
0.494424 2
0.494277 2
0.494126 2
0.493954 2
0.4938 2
0.493661 2
0.493515 2
0.493377 2
0.493231 2
0.493067 2
0.492928 2
0.49277 2
0.492617 2
0.49245 2
0.492289 2
0.492155 2
0.492017 2
0.491886 2
0.491724 2
0.491574 2
0.491418 2
0.491261 2
0.49111 2
0.490989 2
0.490835 2
0.490687 2
0.490541 2
0.49039 2
0.49025 2
0.490117 2
0.489979 2
0.489849 2
0.489716 2
0.489565 2
0.489424 2
0.489289 2
0.489138 2
0.488986 2
0.488832 2
0.48868 2
0.488513 2
0.48836 2
0.488198 2
0.488031 2
0.487891 2
0.487745 2
0.487599 2
0.487453 2
0.487326 2
0.487191 2
0.48704 2
0.486899 2
0.486742 2
0.486641 2
0.486505 2
0.486351 2
0.486179 2
0.486034 2
0.485876 2
0.485718 2
0.485569 2
0.485411 2
0.485267 2
0.485135 2
0.484984 2
0.484824 2
0.484667 2
0.484518 2
0.484366 2
0.484192 2
0.484037 2
0.483892 2
0.483753 2
0.483601 2
0.483469 2
0.483297 2
0.483161 2
0.482997 2
0.482847 2
0.482847 1
0.482718 1
0.482575 1
0.482432 1
0.48229 1
0.482146 1
0.481996 1
0.481872 1
0.481762 1
0.48161 1
0.481431 1
0.48129 1
0.481147 1
0.480991 1
0.480834 1
0.480678 1
0.480541 1
0.480389 1
0.480226 1
0.480053 1
0.47988 1
0.479721 1
0.479572 1
0.479404 1
0.479258 1
0.479115 1
0.478961 1
0.478825 1
0.47867 1
0.478529 1
0.478364 1
0.478215 1
0.47807 1
0.477952 1
0.47777 1
0.477603 1
0.477453 1
0.477303 1
0.477156 1
0.477016 1
0.476871 1
0.476707 1
0.476565 1
0.47643 1
0.476264 1
0.476092 1
0.475954 1
0.475794 1
0.475678 1
0.475525 1
0.475375 1
0.475229 1
0.475089 1
0.47493 1
0.474762 1
0.474624 1
0.474481 1
0.474326 1
0.474178 1
0.474043 1
0.473908 1
0.473737 1
0.473585 1
0.473443 1
0.473271 1
0.473113 1
0.47298 1
0.472826 1
0.472687 1
0.472538 1
0.472383 1
0.47226 1
0.47211 1
0.47196 1
0.471826 1
0.471685 1
0.471557 1
0.47139 1
0.471233 1
0.471083 1
0.470932 1
0.470808 1
0.470687 1
0.470533 1
0.470368 1
0.470209 1
0.470064 1
0.469943 1
0.469782 1
0.469624 1
0.469478 1
0.469345 1
0.46922 1
0.469065 1
0.468897 1
0.46874 1
0.468577 1
0.468445 1
0.468293 1
0.468145 1
0.467983 1
0.467826 1
0.467681 1
0.467534 1
0.46738 1
0.467233 1
0.467104 1
0.466938 1
0.466797 1
0.466649 1
0.466477 1
0.466343 1
0.46619 1
0.466041 1
0.465905 1
0.465762 1
0.465604 1
0.465462 1
0.465148 1
0.465001 1
0.464867 1
0.46472 1
0.464569 1
0.464452 1
0.464294 1
0.464158 1
0.464049 1
0.463901 1
0.463757 1
0.463614 1
0.463467 1
0.463317 1
0.463153 1
0.462995 1
0.46282 1
0.462639 1
0.46249 1
0.462365 1
0.462206 1
0.462051 1
0.461884 1
0.461741 1
0.461591 1
0.461438 1
0.461292 1
0.461132 1
0.460985 1
0.460826 1
0.460675 1
0.46052 1
0.460383 1
0.460278 1
0.460124 1
0.459974 1
0.459813 1
0.459678 1
0.45952 1
0.459356 1
0.459209 1
0.459072 1
0.458918 1
0.458781 1
0.458638 1
0.458467 1
0.458314 1
0.458164 1
0.458023 1
0.457879 1
0.457742 1
0.457572 1
0.457424 1
0.457272 1
0.457111 1
0.456945 1
0.456784 1
0.456613 1
0.456457 1
0.456313 1
0.456184 1
0.456031 1
0.455889 1
0.455737 1
0.455582 1
0.455449 1
0.455315 1
0.455194 1
0.455051 1
0.454903 1
0.454773 1
0.45462 1
0.454477 1
0.454329 1
0.454164 1
0.45401 1
0.453874 1
0.453714 1
0.453563 1
0.453398 1
0.453244 1
0.453078 1
0.452941 1
0.452788 1
0.452659 1
0.452519 1
0.45236 1
0.452219 1
0.452057 1
0.451914 1
0.451773 1
0.451631 1
0.451465 1
0.451292 1
0.451173 1
0.451035 1
0.450882 1
0.450728 1
0.450577 1
0.450424 1
0.450274 1
0.450134 1
0.449963 1
0.449803 1
0.449645 1
0.44949 1
0.449328 1
0.449185 1
0.449037 1
0.448912 1
0.448788 1
0.448638 1
0.448494 1
0.448343 1
0.44819 1
0.448019 1
0.447863 1
0.447701 1
0.447561 1
0.447423 1
0.447262 1
0.447115 1
0.446992 1
0.446817 1
0.446687 1
0.446533 1
0.446385 1
0.446266 1
0.4461 1
0.445941 1
0.445815 1
0.445667 1
0.445506 1
0.445341 1
0.44519 1
0.445029 1
0.444924 1
0.44476 1
0.444612 1
0.444472 1
0.44432 1
0.444175 1
0.444023 1
0.443852 1
0.443706 1
0.443605 1
0.443454 1
0.443291 1
0.443143 1
0.442993 1
0.442712 1
0.442569 1
0.442411 1
0.442259 1
0.442108 1
0.441964 1
0.441815 1
0.441673 1
0.441509 1
0.441376 1
0.441202 1
0.441057 1
0.440907 1
0.440761 1
0.440646 1
0.440492 1
0.440366 1
0.440201 1
0.440045 1
0.43989 1
0.439752 1
0.439579 1
0.439432 1
0.439275 1
0.439121 1
0.438956 1
0.438803 1
0.438646 1
0.438474 1
0.438327 1
0.438029 1
0.437873 1
0.437716 1
0.437584 1
0.437452 1
0.437298 1
0.437127 1
0.436963 1
0.436804 1
0.436648 1
0.436474 1
0.436314 1
0.436161 1
0.436002 1
0.435851 1
0.435689 1
0.435536 1
0.435372 1
0.435216 1
0.435085 1
0.434957 1
0.434804 1
0.43465 1
0.434514 1
0.434388 1
0.434273 1
0.434105 1
0.433948 1
0.433789 1
0.433618 1
0.433489 1
0.433334 1
0.433196 1
0.433026 1
0.432864 1
0.432711 1
0.432538 1
0.432397 1
0.432246 1
0.432123 1
0.431964 1
0.431813 1
0.431656 1
0.431498 1
0.431335 1
0.431164 1
0.431032 1
0.430887 1
0.430746 1
0.430595 1
0.430456 1
0.430314 1
0.430161 1
0.430033 1
0.429889 1
0.429754 1
0.429574 1
0.429428 1
0.429282 1
0.429119 1
0.42895 1
0.428808 1
0.428646 1
0.428503 1
0.428354 1
0.428214 1
0.428049 1
0.427879 1
0.42773 1
0.427572 1
0.427417 1
0.427262 1
0.42711 1
0.426986 1
0.426833 1
0.426676 1
0.426531 1
0.426404 1
0.426247 1
0.426088 1
0.425924 1
0.425769 1
0.425633 1
0.425479 1
0.425339 1
0.42516 1
0.424989 1
0.42482 1
0.424667 1
0.424523 1
0.424393 1
0.424232 1
0.424077 1
0.423915 1
0.423771 1
0.423619 1
0.42347 1
0.423318 1
0.423168 1
0.423009 1
0.422864 1
0.422698 1
0.422543 1
0.422415 1
0.422246 1
0.422102 1
0.421923 1
0.421754 1
0.421614 1
0.421453 1
0.421297 1
0.421153 1
0.420995 1
0.420854 1
0.420692 1
0.420574 1
0.420426 1
0.420284 1
0.420136 1
0.419982 1
0.419826 1
0.419677 1
0.419519 1
0.419377 1
0.419201 1
0.419083 1
0.418947 1
0.418793 1
0.418623 1
0.41847 1
0.418333 1
0.418163 1
0.418028 1
0.417868 1
0.417716 1
0.417565 1
0.417417 1
0.417259 1
0.417103 1
0.416958 1
0.416811 1
0.416671 1
0.416528 1
0.416369 1
0.416205 1
0.416053 1
0.415899 1
0.415723 1
0.415564 1
0.415432 1
0.415308 1
0.415146 1
0.415001 1
0.414837 1
0.414681 1
0.414523 1
0.414401 1
0.414252 1
0.414085 1
0.413935 1
0.413787 1
0.413634 1
0.413496 1
0.413362 1
0.4132 1
0.41305 1
0.412898 1
0.412756 1
0.412605 1
0.412489 1
0.412338 1
0.412189 1
0.41202 1
0.41188 1
0.411748 1
0.411612 1
0.411468 1
0.41132 1
0.411165 1
0.411018 1
0.410854 1
0.410673 1
0.410523 1
0.410387 1
0.410252 1
0.410076 1
0.40992 1
0.409778 1
0.409628 1
0.409478 1
0.409332 1
0.409212 1
0.409049 1
0.408883 1
0.408713 1
0.408558 1
0.408417 1
0.408273 1
0.408128 1
0.407992 1
0.407832 1
0.407684 1
0.407542 1
0.407408 1
0.407255 1
0.40711 1
0.406948 1
0.406795 1
0.406663 1
0.406532 1
0.406382 1
0.406233 1
0.40607 1
0.405912 1
0.405747 1
0.405611 1
0.405459 1
0.405306 1
0.40518 1
0.405008 1
0.40486 1
0.404707 1
0.404551 1
0.404432 1
0.404292 1
0.404149 1
0.403984 1
0.40382 1
0.403657 1
0.403496 1
0.403352 1
0.403205 1
0.403054 1
0.402901 1
0.40263 1
0.402475 1
0.402317 1
0.40217 1
0.402048 1
0.401884 1
0.401756 1
0.401627 1
0.401479 1
0.401339 1
0.401194 1
0.401027 1
0.40088 1
0.40073 1
0.400573 1
0.400412 1
0.400266 1
0.400115 1
0.399961 1
0.399785 1
0.399633 1
0.399478 1
0.399325 1
0.399186 1
0.39902 1
0.398873 1
0.398718 1
0.398571 1
0.398419 1
0.398277 1
0.398152 1
0.397987 1
0.397832 1
0.397669 1
0.397509 1
0.397327 1
0.397174 1
0.397016 1
0.396857 1
0.396717 1
0.396544 1
0.396394 1
0.396245 1
0.396084 1
0.395931 1
0.395784 1
0.395655 1
0.395502 1
0.395349 1
0.395187 1
0.395024 1
0.394852 1
0.394694 1
0.394562 1
0.394409 1
0.394267 1
0.394099 1
0.393921 1
0.393769 1
0.393632 1
0.393508 1
0.393372 1
0.393223 1
0.393058 1
0.392903 1
0.39276 1
0.392611 1
0.392457 1
0.392312 1
0.392176 1
0.392026 1
0.391865 1
0.39173 1
0.391589 1
0.391456 1
0.3913 1
0.391156 1
0.390996 1
0.390841 1
0.390692 1
0.390541 1
0.390383 1
0.390208 1
0.390064 1
0.38992 1
0.389782 1
0.389614 1
0.389475 1
0.389325 1
0.389159 1
0.388999 1
0.388868 1
0.388723 1
0.388577 1
0.388417 1
0.388259 1
0.388103 1
0.38794 1
0.387784 1
0.387638 1
0.387478 1
0.387329 1
0.387171 1
0.387003 1
0.386835 1
0.386681 1
0.386548 1
0.386399 1
0.386255 1
0.386113 1
0.385957 1
0.385813 1
0.385679 1
0.385534 1
0.385407 1
0.385236 1
0.385074 1
0.384928 1
0.384787 1
0.384631 1
0.38447 1
0.384308 1
0.384161 1
0.384034 1
0.383898 1
0.383736 1
0.383596 1
0.383448 1
0.383292 1
0.383178 1
0.383047 1
0.382902 1
0.382742 1
0.38258 1
0.382431 1
0.382277 1
0.382117 1
0.38196 1
0.381807 1
0.381644 1
0.381359 1
0.381223 1
0.381056 1
0.380903 1
0.380735 1
0.380577 1
0.380407 1
0.380252 1
0.380103 1
0.379976 1
0.379825 1
0.379682 1
0.379504 1
0.379332 1
0.379169 1
0.379006 1
0.378846 1
0.378686 1
0.378543 1
0.378396 1
0.378222 1
0.378081 1
0.37793 1
0.377787 1
0.377638 1
0.377479 1
0.377327 1
0.377204 1
0.377057 1
0.376924 1
0.376783 1
0.376647 1
0.376491 1
0.37634 1
0.376181 1
0.37602 1
0.375882 1
0.375714 1
0.37559 1
0.375435 1
0.375278 1
0.375117 1
0.374956 1
0.37481 1
0.374632 1
0.374469 1
0.374332 1
0.374197 1
0.374042 1
0.373886 1
0.373729 1
0.373577 1
0.373421 1
0.373272 1
0.373118 1
0.372952 1
0.372814 1
0.372651 1
0.372492 1
0.372318 1
0.372177 1
0.372034 1
0.371879 1
0.371731 1
0.371567 1
0.37141 1
0.371241 1
0.371096 1
0.370951 1
0.370827 1
0.370689 1
0.370526 1
0.370361 1
0.3702 1
0.370072 1
0.369906 1
0.369753 1
0.369626 1
0.369474 1
0.369355 1
0.369212 1
0.369067 1
0.368909 1
0.368756 1
0.368608 1
0.368457 1
0.368318 1
0.368173 1
0.368046 1
0.367912 1
0.367775 1
0.367642 1
0.367482 1
0.367318 1
0.367157 1
0.366996 1
0.366864 1
0.366568 1
0.366409 1
0.366253 1
0.366088 1
0.365926 1
0.365787 1
0.36564 1
0.365478 1
0.365315 1
0.365181 1
0.365041 1
0.364897 1
0.364734 1
0.364587 1
0.36445 1
0.364296 1
0.364148 1
0.364015 1
0.363864 1
0.363706 1
0.363553 1
0.363397 1
0.363241 1
0.363095 1
0.362928 1
0.36277 1
0.362621 1
0.362457 1
0.362308 1
0.362161 1
0.361998 1
0.361839 1
0.361684 1
0.361523 1
0.361381 1
0.361227 1
0.361077 1
0.360913 1
0.360753 1
0.360589 1
0.360258 1
0.360118 1
0.359961 1
0.359796 1
0.359635 1
0.359486 1
0.359316 1
0.359171 1
0.359002 1
0.358877 1
0.35872 1
0.358559 1
0.35841 1
0.358259 1
0.358106 1
0.357956 1
0.357811 1
0.357662 1
0.357511 1
0.357351 1
0.357213 1
0.357046 1
0.35689 1
0.356742 1
0.356609 1
0.356472 1
0.356336 1
0.35618 1
0.356021 1
0.355857 1
0.355708 1
0.355536 1
0.355378 1
0.355216 1
0.355043 1
0.354878 1
0.354748 1
0.354589 1
0.35443 1
0.35428 1
0.354146 1
0.353993 1
0.353815 1
0.35365 1
0.353516 1
0.35337 1
0.353218 1
0.353077 1
0.352927 1
0.352752 1
0.35262 1
0.352474 1
0.352341 1
0.352187 1
0.352042 1
0.351892 1
0.351734 1
0.351569 1
0.351415 1
0.351261 1
0.351116 1
0.350944 1
0.35079 1
0.350616 1
0.350473 1
0.350318 1
0.350155 1
0.349971 1
0.349833 1
0.349672 1
0.349529 1
0.349392 1
0.349243 1
0.349079 1
0.348946 1
0.3488 1
0.348625 1
0.348471 1
0.348316 1
0.348162 1
0.348029 1
0.347897 1
0.347743 1
0.347602 1
0.347442 1
0.347272 1
0.347142 1
0.347004 1
0.346858 1
0.346724 1
0.346589 1
0.34643 1
0.346272 1
0.346107 1
0.345941 1
0.34577 1
0.345629 1
0.345484 1
0.345339 1
0.345199 1
0.345062 1
0.344915 1
0.34478 1
0.344623 1
0.344493 1
0.344341 1
0.344188 1
0.344032 1
0.343882 1
0.343739 1
0.343586 1
0.343497 0
0.343324 0
0.343176 0
0.34304 0
0.342873 0
0.342709 0
0.342544 0
0.342399 0
0.342243 0
0.342087 0
0.341921 0
0.341761 0
0.341611 0
0.34146 0
0.341311 0
0.341166 0
0.341028 0
0.340886 0
0.340731 0
0.340559 0
0.34041 0
0.340258 0
0.340126 0
0.339968 0
0.33981 0
0.339683 0
0.33936 0
0.339218 0
0.339073 0
0.338932 0
0.338781 0
0.338647 0
0.338499 0
0.338366 0
0.338213 0
0.338052 0
0.33789 0
0.337741 0
0.337614 0
0.337451 0
0.337315 0
0.337161 0
0.337 0
0.336842 0
0.336667 0
0.336499 0
0.336364 0
0.336202 0
0.336072 0
0.335937 0
0.335786 0
0.335652 0
0.335499 0
0.335313 0
0.335149 0
0.335003 0
0.334845 0
0.33469 0
0.334525 0
0.334356 0
0.334186 0
0.334046 0
0.333914 0
0.333749 0
0.333591 0
0.333439 0
0.333283 0
0.333144 0
0.332995 0
0.332836 0
0.332684 0
0.332528 0
0.332374 0
0.332226 0
0.33207 0
0.331917 0
0.331746 0
0.331599 0
0.331454 0
0.331312 0
0.331176 0
0.331052 0
0.330904 0
0.330753 0
0.330614 0
0.330462 0
0.330305 0
0.330136 0
0.329968 0
0.329833 0
0.329485 0
0.329329 0
0.329177 0
0.329034 0
0.328889 0
0.328744 0
0.328608 0
0.328445 0
0.328311 0
0.328182 0
0.328048 0
0.327895 0
0.327736 0
0.327586 0
0.327295 0
0.327152 0
0.326808 0
0.326677 0
0.326521 0
0.326374 0
0.326234 0
0.326086 0
0.32593 0
0.325778 0
0.325637 0
0.325487 0
0.325325 0
0.325184 0
0.325058 0
0.324901 0
0.324749 0
0.324608 0
0.324474 0
0.324325 0
0.324173 0
0.324006 0
0.323853 0
0.32371 0
0.323547 0
0.323411 0
0.32326 0
0.323121 0
0.322947 0
0.322795 0
0.322636 0
0.322476 0
0.322291 0
0.322129 0
0.321986 0
0.321861 0
0.321712 0
0.321549 0
0.321387 0
0.321224 0
0.321102 0
0.320942 0
0.320797 0
0.320652 0
0.320476 0
0.320314 0
0.320155 0
0.32 0
0.319852 0
0.319699 0
0.319575 0
0.319427 0
0.319262 0
0.319104 0
0.318961 0
0.318821 0
0.318665 0
0.318512 0
0.318357 0
0.318205 0
0.318047 0
0.317896 0
0.317742 0
0.31757 0
0.31741 0
0.317248 0
0.31708 0
0.316923 0
0.316756 0
0.316608 0
0.316446 0
0.316271 0
0.316123 0
0.315957 0
0.315802 0
0.315688 0
0.315548 0
0.315378 0
0.315232 0
0.315074 0
0.314928 0
0.314758 0
0.314604 0
0.314443 0
0.314268 0
0.314128 0
0.313961 0
0.313825 0
0.313669 0
0.31332 0
0.313154 0
0.313016 0
0.312859 0
0.312689 0
0.312534 0
0.312385 0
0.312226 0
0.312077 0
0.311921 0
0.311789 0
0.311643 0
0.311485 0
0.311324 0
0.311182 0
0.311028 0
0.31089 0
0.310741 0
0.310601 0
0.310449 0
0.310302 0
0.310144 0
0.310002 0
0.309847 0
0.309679 0
0.309557 0
0.309389 0
0.309245 0
0.309088 0
0.308952 0
0.308819 0
0.308666 0
0.308515 0
0.30836 0
0.308197 0
0.308062 0
0.307896 0
0.30775 0
0.307598 0
0.307461 0
0.307295 0
0.307151 0
0.307002 0
0.306853 0
0.306694 0
0.306538 0
0.306387 0
0.306232 0
0.30608 0
0.30594 0
0.305794 0
0.305653 0
0.305509 0
0.305328 0
0.305169 0
0.304994 0
0.304848 0
0.304686 0
0.304519 0
0.304377 0
0.304238 0
0.304095 0
0.303928 0
0.303777 0
0.303629 0
0.303493 0
0.30333 0
0.303197 0
0.303032 0
0.30288 0
0.302736 0
0.302577 0
0.302406 0
0.302238 0
0.302084 0
0.301945 0
0.301786 0
0.301628 0
0.301471 0
0.301295 0
0.301133 0
0.300995 0
0.300834 0
0.300669 0
0.300518 0
0.300363 0
0.300195 0
0.300012 0
0.299843 0
0.29969 0
0.299546 0
0.299384 0
0.29923 0
0.299057 0
0.298928 0
0.298775 0
0.298636 0
0.298492 0
0.298354 0
0.298183 0
0.298043 0
0.297901 0
0.297731 0
0.29759 0
0.297423 0
0.297295 0
0.297153 0
0.29701 0
0.296865 0
0.296719 0
0.29655 0
0.296391 0
0.296236 0
0.296087 0
0.295957 0
0.295795 0
0.295618 0
0.295475 0
0.295308 0
0.295165 0
0.295015 0
0.29486 0
0.294718 0
0.294579 0
0.294433 0
0.294286 0
0.294136 0
0.29398 0
0.293822 0
0.29369 0
0.29353 0
0.293397 0
0.293281 0
0.293123 0
0.292957 0
0.292808 0
0.292651 0
0.292481 0
0.292327 0
0.292186 0
0.292038 0
0.291899 0
0.291743 0
0.291601 0
0.291436 0
0.291289 0
0.291121 0
0.290966 0
0.290808 0
0.290654 0
0.290511 0
0.290344 0
0.290201 0
0.290057 0
0.289896 0
0.289721 0
0.28959 0
0.289452 0
0.289294 0
0.289159 0
0.288994 0
0.288847 0
0.288691 0
0.288534 0
0.288387 0
0.288232 0
0.288098 0
0.287963 0
0.287806 0
0.287638 0
0.287494 0
0.287333 0
0.287185 0
0.287047 0
0.286884 0
0.286718 0
0.286564 0
0.286415 0
0.286259 0
0.286107 0
0.285958 0
0.285797 0
0.285628 0
0.285477 0
0.285314 0
0.285147 0
0.285012 0
0.284866 0
0.284715 0
0.284549 0
0.284396 0
0.284243 0
0.284103 0
0.283935 0
0.283778 0
0.28362 0
0.283488 0
0.283326 0
0.283176 0
0.283008 0
0.282851 0
0.2827 0
0.282535 0
0.282384 0
0.282224 0
0.282058 0
0.281911 0
0.281752 0
0.281618 0
0.281472 0
0.281317 0
0.281169 0
0.281007 0
0.28084 0
0.28071 0
0.280554 0
0.280412 0
0.28026 0
0.280119 0
0.279963 0
0.27982 0
0.279692 0
0.279524 0
0.279226 0
0.279071 0
0.278914 0
0.278765 0
0.278599 0
0.278432 0
0.278268 0
0.278148 0
0.277987 0
0.277843 0
0.27769 0
0.277564 0
0.277402 0
0.277245 0
0.277081 0
0.276926 0
0.276766 0
0.276598 0
0.276437 0
0.276292 0
0.276131 0
0.27599 0
0.275826 0
0.275675 0
0.275516 0
0.275361 0
0.275208 0
0.275072 0
0.274936 0
0.27478 0
0.274631 0
0.274474 0
0.27432 0
0.274147 0
0.274008 0
0.27386 0
0.273695 0
0.27354 0
0.273395 0
0.273257 0
0.273106 0
0.272953 0
0.272809 0
0.272658 0
0.272512 0
0.272337 0
0.27219 0
0.27205 0
0.271895 0
0.271621 0
0.271449 0
0.271301 0
0.27116 0
0.271007 0
0.270854 0
0.270694 0
0.270571 0
0.270429 0
0.270289 0
0.270148 0
0.269977 0
0.269831 0
0.269672 0
0.269524 0
0.269362 0
0.269195 0
0.269027 0
0.268867 0
0.268712 0
0.268537 0
0.268384 0
0.268221 0
0.268071 0
0.267917 0
0.267774 0
0.267613 0
0.267445 0
0.267291 0
0.267143 0
0.266977 0
0.26684 0
0.266678 0
0.266524 0
0.266381 0
0.266236 0
0.266079 0
0.265938 0
0.265792 0
0.265621 0
0.265457 0
0.265296 0
0.265161 0
0.265019 0
0.26486 0
0.264693 0
0.264536 0
0.264377 0
0.264234 0
0.264067 0
0.263896 0
0.263746 0
0.263611 0
0.263456 0
0.263305 0
0.263158 0
0.26302 0
0.262874 0
0.262714 0
0.262567 0
0.262398 0
0.262265 0
0.262132 0
0.26198 0
0.26183 0
0.261671 0
0.261507 0
0.261351 0
0.261203 0
0.261048 0
0.260903 0
0.260759 0
0.260614 0
0.260457 0
0.260311 0
0.260155 0
0.260021 0
0.259886 0
0.259732 0
0.259565 0
0.2594 0
0.259229 0
0.259082 0
0.258918 0
0.258772 0
0.25863 0
0.258478 0
0.258309 0
0.25816 0
0.258001 0
0.257854 0
0.257674 0
0.257543 0
0.257389 0
0.257231 0
0.257075 0
0.256941 0
0.256791 0
0.256654 0
0.256487 0
0.256345 0
0.256196 0
0.256063 0
0.255918 0
0.255753 0
0.255593 0
0.255457 0
0.2553 0
0.25516 0
0.255004 0
0.25486 0
0.254715 0
0.254586 0
0.254437 0
0.254258 0
0.2541 0
0.253959 0
0.253801 0
0.253648 0
0.253476 0
0.253335 0
0.253183 0
0.25303 0
0.252865 0
0.252736 0
0.252581 0
0.252423 0
0.252273 0
0.252125 0
0.251989 0
0.251835 0
0.251689 0
0.251551 0
0.251407 0
0.25124 0
0.251094 0
0.25094 0
0.250783 0
0.250657 0
0.250523 0
0.250369 0
0.250212 0
0.25006 0
0.249899 0
0.249722 0
0.249573 0
0.249425 0
0.249283 0
0.249116 0
0.248951 0
0.248851 0
0.248673 0
0.248547 0
0.248405 0
0.24824 0
0.248077 0
0.247913 0
0.247786 0
0.247641 0
0.24749 0
0.247343 0
0.247204 0
0.247051 0
0.246897 0
0.246761 0
0.246616 0
0.246464 0
0.246315 0
0.246176 0
0.246005 0
0.245837 0
0.245693 0
0.245556 0
0.245403 0
0.245256 0
0.245119 0
0.244982 0
0.244833 0
0.244678 0
0.244523 0
0.244373 0
0.244227 0
0.24406 0
0.243915 0
0.243748 0
0.243593 0
0.243429 0
0.243269 0
0.24313 0
0.242963 0
0.242807 0
0.242657 0
0.2425 0
0.242337 0
0.242202 0
0.242049 0
0.241915 0
0.241752 0
0.241609 0
0.241453 0
0.241302 0
0.241138 0
0.24099 0
0.240821 0
0.240666 0
0.240531 0
0.240384 0
0.240246 0
0.240099 0
0.239952 0
0.23981 0
0.239662 0
0.239524 0
0.239367 0
0.239211 0
0.23905 0
0.238892 0
0.23874 0
0.238588 0
0.238412 0
0.238251 0
0.238099 0
0.23793 0
0.237778 0
0.237643 0
0.23749 0
0.237322 0
0.237156 0
0.23701 0
0.236861 0
0.236707 0
0.236544 0
0.236396 0
0.236259 0
0.236107 0
0.235947 0
0.235821 0
0.23567 0
0.235497 0
0.235335 0
0.235159 0
0.235 0
0.234839 0
0.2347 0
0.234537 0
0.234392 0
0.234222 0
0.234077 0
0.23393 0
0.23378 0
0.233643 0
0.233485 0
0.233313 0
0.233168 0
0.233015 0
0.232874 0
0.232713 0
0.232556 0
0.232416 0
0.23227 0
0.232118 0
0.231962 0
0.23182 0
0.231679 0
0.231531 0
0.231387 0
0.231249 0
0.231101 0
0.230947 0
0.230802 0
0.230493 0
0.230373 0
0.230229 0
0.230078 0
0.229927 0
0.229776 0
0.229625 0
0.229462 0
0.22931 0
0.229168 0
0.229031 0
0.228888 0
0.228734 0
0.22857 0
0.228436 0
0.228283 0
0.228112 0
0.227958 0
0.227802 0
0.227672 0
0.227506 0
0.227347 0
0.227198 0
0.227063 0
0.226895 0
0.226724 0
0.226566 0
0.22642 0
0.226274 0
0.226131 0
0.225979 0
0.225835 0
0.225676 0
0.225512 0
0.225354 0
0.22521 0
0.22507 0
0.224741 0
0.224579 0
0.224424 0
0.224279 0
0.224102 0
0.223968 0
0.22382 0
0.223637 0
0.223472 0
0.223319 0
0.223153 0
0.223019 0
0.222855 0
0.222706 0
0.222568 0
0.222409 0
0.222275 0
0.222129 0
0.221998 0
0.221829 0
0.221697 0
0.221538 0
0.221365 0
0.221208 0
0.221053 0
0.220884 0
0.220734 0
0.220582 0
0.220422 0
0.22026 0
0.220114 0
0.219974 0
0.219804 0
0.219656 0
0.219494 0
0.219334 0
0.219181 0
0.219041 0
0.218886 0
0.218745 0
0.218593 0
0.218448 0
0.218293 0
0.218165 0
0.218 0
0.217825 0
0.217665 0
0.217541 0
0.217392 0
0.217241 0
0.217112 0
0.216954 0
0.216822 0
0.216675 0
0.216515 0
0.216374 0
0.216222 0
0.216061 0
0.215925 0
0.215776 0
0.215639 0
0.215485 0
0.215318 0
0.215155 0
0.214987 0
0.214836 0
0.214692 0
0.214546 0
0.214391 0
0.214238 0
0.214082 0
0.213935 0
0.213783 0
0.213648 0
0.21351 0
0.213363 0
0.213203 0
0.213078 0
0.212928 0
0.212791 0
0.212625 0
0.21248 0
0.212314 0
0.212173 0
0.212013 0
0.211859 0
0.21169 0
0.211533 0
0.211376 0
0.21122 0
0.211071 0
0.210749 0
0.210591 0
0.210436 0
0.210267 0
0.210123 0
0.209973 0
0.209836 0
0.209675 0
0.209533 0
0.209391 0
0.209221 0
0.209043 0
0.208898 0
0.208743 0
0.208591 0
0.208417 0
0.208265 0
0.208115 0
0.207956 0
0.207809 0
0.207655 0
0.2075 0
0.20735 0
0.207206 0
0.207043 0
0.206889 0
0.206726 0
0.206568 0
0.206399 0
0.206251 0
0.206103 0
0.205951 0
0.205794 0
0.205649 0
0.205499 0
0.20534 0
0.205179 0
0.205027 0
0.204876 0
0.204706 0
0.204534 0
0.20438 0
0.204215 0
0.204065 0
0.203934 0
0.203765 0
0.203599 0
0.203484 0
0.203328 0
0.203169 0
0.203037 0
0.202895 0
0.202745 0
0.202593 0
0.202437 0
0.202283 0
0.202117 0
0.201955 0
0.201785 0
0.20165 0
0.201515 0
0.201346 0
0.2012 0
0.201054 0
0.200893 0
0.200759 0
0.200615 0
0.200475 0
0.200293 0
0.200122 0
0.199987 0
0.199838 0
0.199677 0
0.199519 0
0.199386 0
0.19924 0
0.199062 0
0.198895 0
0.198735 0
0.198584 0
0.198251 0
0.198098 0
0.197946 0
0.197791 0
0.197639 0
0.197489 0
0.197322 0
0.196992 0
0.196834 0
0.196668 0
0.196527 0
0.196381 0
0.196241 0
0.19609 0
0.195936 0
0.195799 0
0.195655 0
0.195503 0
0.19535 0
0.195222 0
0.195055 0
0.194917 0
0.194757 0
0.194607 0
0.194467 0
0.194313 0
0.194154 0
0.194022 0
0.193865 0
0.193704 0
0.193549 0
0.193384 0
0.193236 0
0.193089 0
0.192933 0
0.192795 0
0.192609 0
0.192458 0
0.192305 0
0.192137 0
0.191979 0
0.19181 0
0.191673 0
0.191515 0
0.191362 0
0.191214 0
0.191053 0
0.190886 0
0.190738 0
0.190589 0
0.190417 0
0.190262 0
0.190111 0
0.189958 0
0.18981 0
0.189651 0
0.189489 0
0.18933 0
0.18917 0
0.189013 0
0.188852 0
0.188691 0
0.18853 0
0.188373 0
0.188218 0
0.18806 0
0.187907 0
0.187756 0
0.187596 0
0.187445 0
0.187275 0
0.187114 0
0.186956 0
0.186808 0
0.186674 0
0.186501 0
0.186342 0
0.186186 0
0.186027 0
0.185857 0
0.185705 0
0.185569 0
0.185405 0
0.185247 0
0.185091 0
0.184935 0
0.184792 0
0.184636 0
0.184467 0
0.184311 0
0.184165 0
0.184018 0
0.183876 0
0.183729 0
0.18357 0
0.183421 0
0.1831 0
0.182949 0
0.182809 0
0.182661 0
0.182508 0
0.182368 0
0.182208 0
0.182053 0
0.181916 0
0.181766 0
0.181616 0
0.181453 0
0.181325 0
0.181173 0
0.180998 0
0.180842 0
0.180666 0
0.180524 0
0.180376 0
0.180213 0
0.180078 0
0.179922 0
0.179785 0
0.179623 0
0.179458 0
0.1793 0
0.179127 0
0.178978 0
0.178817 0
0.17866 0
0.178522 0
0.178385 0
0.178236 0
0.178083 0
0.177947 0
0.177809 0
0.177631 0
0.177468 0
0.177301 0
0.177142 0
0.176977 0
0.176818 0
0.176682 0
0.176541 0
0.17638 0
0.176219 0
0.176062 0
0.175918 0
0.175786 0
0.17565 0
0.175501 0
0.175348 0
0.175204 0
0.175029 0
0.174879 0
0.174724 0
0.17456 0
0.174402 0
0.17425 0
0.174113 0
0.173965 0
0.173819 0
0.17367 0
0.173505 0
0.17334 0
0.173193 0
0.173049 0
0.172909 0
0.17276 0
0.172615 0
0.172465 0
0.172311 0
0.172158 0
0.172018 0
0.171848 0
0.171687 0
0.171525 0
0.171362 0
0.171219 0
0.170911 0
0.170751 0
0.170575 0
0.170413 0
0.170249 0
0.170095 0
0.169947 0
0.169805 0
0.169632 0
0.169487 0
0.169333 0
0.169165 0
0.169022 0
0.168872 0
0.168721 0
0.168564 0
0.168415 0
0.16825 0
0.168102 0
0.167959 0
0.167801 0
0.167646 0
0.167491 0
0.167313 0
0.167149 0
0.166981 0
0.166836 0
0.166677 0
0.166536 0
0.166385 0
0.166227 0
0.166115 0
0.165964 0
0.16579 0
0.165632 0
0.16549 0
0.165304 0
0.165164 0
0.165011 0
0.16484 0
0.16469 0
0.164551 0
0.164398 0
0.164266 0
0.16411 0
0.163958 0
0.163793 0
0.163643 0
0.163501 0
0.16336 0
0.163176 0
0.163005 0
0.162844 0
0.162696 0
0.162556 0
0.162423 0
0.162263 0
0.16211 0
0.161943 0
0.161792 0
0.161646 0
0.161497 0
0.161332 0
0.16116 0
0.161003 0
0.160858 0
0.16069 0
0.160541 0
0.160378 0
0.160213 0
0.160055 0
0.159903 0
0.15974 0
0.159573 0
0.159425 0
0.159256 0
0.159103 0
0.158975 0
0.158811 0
0.15867 0
0.158341 0
0.158187 0
0.15803 0
0.157878 0
0.157735 0
0.157585 0
0.157447 0
0.157296 0
0.157127 0
0.156953 0
0.156801 0
0.15666 0
0.156507 0
0.156362 0
0.156238 0
0.15609 0
0.155937 0
0.15578 0
0.155619 0
0.155477 0
0.155335 0
0.155183 0
0.155021 0
0.154854 0
0.154542 0
0.15438 0
0.154211 0
0.154063 0
0.153907 0
0.153727 0
0.153588 0
0.153439 0
0.153288 0
0.153131 0
0.152998 0
0.152868 0
0.152717 0
0.152551 0
0.152386 0
0.152237 0
0.152097 0
0.151789 0
0.151639 0
0.151484 0
0.151337 0
0.151197 0
0.151046 0
0.150907 0
0.150748 0
0.150612 0
0.15048 0
0.150328 0
0.150167 0
0.149992 0
0.149827 0
0.149699 0
0.149548 0
0.14939 0
0.149242 0
0.149091 0
0.148931 0
0.148784 0
0.148632 0
0.148485 0
0.148336 0
0.148192 0
0.148036 0
0.147891 0
0.147742 0
0.147589 0
0.147423 0
0.147258 0
0.147125 0
0.146968 0
0.146818 0
0.146693 0
0.146533 0
0.146392 0
0.146244 0
0.146105 0
0.145942 0
0.145791 0
0.145665 0
0.145536 0
0.145388 0
0.145225 0
0.145063 0
0.144925 0
0.144772 0
0.144603 0
0.144467 0
0.144323 0
0.144177 0
0.143997 0
0.143829 0
0.143681 0
0.143505 0
0.143366 0
0.143223 0
0.143075 0
0.14291 0
0.142757 0
0.142594 0
0.142439 0
0.142282 0
0.142127 0
0.141965 0
0.141811 0
0.141661 0
0.141508 0
0.141378 0
0.141237 0
0.141099 0
0.140952 0
0.140792 0
0.140626 0
0.140483 0
0.140318 0
0.140188 0
0.140021 0
0.139864 0
0.139726 0
0.13944 0
0.139279 0
0.139108 0
0.13894 0
0.138792 0
0.138642 0
0.138491 0
0.138337 0
0.138188 0
0.138023 0
0.137874 0
0.13773 0
0.137588 0
0.137437 0
0.137289 0
0.137132 0
0.136979 0
0.136846 0
0.136678 0
0.136506 0
0.136354 0
0.136209 0
0.136074 0
0.135921 0
0.135776 0
0.135628 0
0.135472 0
0.13533 0
0.135182 0
0.135041 0
0.134887 0
0.134738 0
0.134414 0
0.134254 0
0.134094 0
0.133936 0
0.13379 0
0.133646 0
0.133494 0
0.13334 0
0.133192 0
0.133028 0
0.132885 0
0.132722 0
0.13255 0
0.132396 0
0.132255 0
0.132092 0
0.131947 0
0.131793 0
0.131629 0
0.13148 0
0.131317 0
0.131141 0
0.130992 0
0.130817 0
0.130685 0
0.130387 0
0.130242 0
0.130101 0
0.129936 0
0.129794 0
0.129644 0
0.129518 0
0.129367 0
0.129192 0
0.129043 0
0.128908 0
0.128743 0
0.1286 0
0.128431 0
0.128279 0
0.128134 0
0.127991 0
0.127838 0
0.127673 0
0.127509 0
0.127354 0
0.127222 0
0.127066 0
0.126913 0
0.126756 0
0.126586 0
0.126444 0
0.126291 0
0.126168 0
0.125997 0
0.125857 0
0.12573 0
0.125595 0
0.125435 0
0.125287 0
0.125121 0
0.124985 0
0.124822 0
0.124666 0
0.124521 0
0.124376 0
0.124226 0
0.124062 0
0.123897 0
0.123748 0
0.123448 0
0.123302 0
0.12314 0
0.122977 0
0.122822 0
0.122692 0
0.122546 0
0.122394 0
0.122261 0
0.122094 0
0.12193 0
0.121779 0
0.121634 0
0.121501 0
0.121339 0
0.121171 0
0.121021 0
0.120861 0
0.120712 0
0.120552 0
0.120395 0
0.120244 0
0.1201 0
0.119948 0
0.119799 0
0.119636 0
0.119465 0
0.119335 0
0.119188 0
0.119032 0
0.118869 0
0.11873 0
0.118577 0
0.118423 0
0.118282 0
0.118129 0
0.117958 0
0.117798 0
0.117659 0
0.117506 0
0.11735 0
0.117198 0
0.117058 0
0.116909 0
0.116746 0
0.116597 0
0.116475 0
0.11632 0
0.116163 0
0.115991 0
0.115839 0
0.115698 0
0.115548 0
0.115394 0
0.11523 0
0.115089 0
0.11496 0
0.114797 0
0.114665 0
0.114524 0
0.114372 0
0.114228 0
0.114089 0
0.113949 0
0.113803 0
0.113657 0
0.113517 0
0.11335 0
0.113213 0
0.113065 0
0.112943 0
0.112792 0
0.112618 0
0.112476 0
0.112311 0
0.112135 0
0.111992 0
0.111816 0
0.111692 0
0.111546 0
0.111395 0
0.111239 0
0.111085 0
0.110939 0
0.110784 0
0.110636 0
0.110489 0
0.110318 0
0.11016 0
0.110007 0
0.109861 0
0.109683 0
0.109533 0
0.109385 0
0.109225 0
0.109069 0
0.108932 0
0.108785 0
0.108631 0
0.108476 0
0.108324 0
0.108193 0
0.108035 0
0.107875 0
0.107714 0
0.107577 0
0.107425 0
0.10726 0
0.107108 0
0.106955 0
0.106791 0
0.106646 0
0.106484 0
0.106342 0
0.106167 0
0.106004 0
0.105847 0
0.105685 0
0.10554 0
0.105378 0
0.105228 0
0.105056 0
0.104892 0
0.104741 0
0.104583 0
0.10443 0
0.104281 0
0.104116 0
0.103966 0
0.103799 0
0.103662 0
0.103503 0
0.103346 0
0.103188 0
0.103016 0
0.10286 0
0.102708 0
0.102567 0
0.102399 0
0.102231 0
0.102069 0
0.101915 0
0.101753 0
0.101611 0
0.101446 0
0.101292 0
0.101141 0
0.101007 0
0.100862 0
0.100712 0
0.100585 0
0.100408 0
0.100242 0
0.100079 0
0.0999278 0
0.0998115 0
0.099658 0
0.0995018 0
0.0993218 0
0.0991803 0
0.0990337 0
0.0988795 0
0.09873 0
0.0985914 0
0.0984339 0
0.0982935 0
0.0981495 0
0.0979926 0
0.0978474 0
0.0977186 0
0.0975663 0
0.0974316 0
0.0972807 0
0.0971469 0
0.0969864 0
0.0968283 0
0.096655 0
0.096492 0
0.0963512 0
0.0962045 0
0.0960616 0
0.0959142 0
0.0957573 0
0.0955969 0
0.0954587 0
0.0953236 0
0.0951665 0
0.0950084 0
0.0948552 0
0.0946823 0
0.0945232 0
0.0943706 0
0.0942115 0
0.0940583 0
0.0939156 0
0.0937911 0
0.0936362 0
0.093478 0
0.093323 0
0.093165 0
0.0930225 0
0.0928741 0
0.0927209 0
0.0925725 0
0.092427 0
0.0922691 0
0.0921032 0
0.0919383 0
0.0918024 0
0.0916416 0
0.0914965 0
0.0913381 0
0.0911829 0
0.0910198 0
0.0908747 0
0.0907207 0
0.0905658 0
0.090394 0
0.0902509 0
0.0901 0
0.0899523 0
0.0898163 0
0.089666 0
0.089503 0
0.0893373 0
0.0892014 0
0.0890557 0
0.0889084 0
0.0887375 0
0.0885649 0
0.0884172 0
0.0882462 0
0.0881049 0
0.0879432 0
0.087781 0
0.0876205 0
0.087478 0
0.0873184 0
0.0871559 0
0.0869965 0
0.0868511 0
0.0866959 0
0.086529 0
0.0863726 0
0.0862242 0
0.0860752 0
0.0859257 0
0.085782 0
0.0856415 0
0.0854898 0
0.08531 0
0.085153 0
0.0850032 0
0.0848394 0
0.0846866 0
0.0845124 0
0.0843661 0
0.0842174 0
0.0840758 0
0.0839263 0
0.0837651 0
0.0836199 0
0.0834603 0
0.0833077 0
0.0831471 0
0.0830021 0
0.0828284 0
0.0826906 0
0.0825337 0
0.0823888 0
0.0822369 0
0.0821019 0
0.0819438 0
0.0817868 0
0.0816344 0
0.0814682 0
0.0813206 0
0.081154 0
0.0809943 0
0.0808304 0
0.0806986 0
0.0805526 0
0.0804016 0
0.0802424 0
0.0801034 0
0.0799731 0
0.0798375 0
0.0796793 0
0.0795143 0
0.0793529 0
0.0791706 0
0.0790246 0
0.0788695 0
0.0787221 0
0.0785854 0
0.0784273 0
0.0782756 0
0.0781127 0
0.0779649 0
0.077818 0
0.077686 0
0.0775493 0
0.0773869 0
0.0772344 0
0.0770646 0
0.0769082 0
0.0767456 0
0.0765802 0
0.0764308 0
0.0762832 0
0.0761616 0
0.0760005 0
0.0758642 0
0.0756936 0
0.0755464 0
0.0753801 0
0.0752069 0
0.0750662 0
0.0749265 0
0.0747864 0
0.0746307 0
0.0744657 0
0.0743016 0
0.0741459 0
0.0739949 0
0.0738494 0
0.0736981 0
0.0735448 0
0.07339 0
0.073243 0
0.0730782 0
0.0729125 0
0.0727803 0
0.0726224 0
0.0724818 0
0.0723189 0
0.0721601 0
0.0720147 0
0.0718605 0
0.071721 0
0.0715577 0
0.0713947 0
0.0712335 0
0.0710988 0
0.0709248 0
0.070752 0
0.0706074 0
0.0704585 0
0.0703137 0
0.0701664 0
0.0700127 0
0.0698645 0
0.0697144 0
0.0695754 0
0.0694127 0
0.0692655 0
0.0691239 0
0.0689733 0
0.0688241 0
0.0686486 0
0.0684744 0
0.0683173 0
0.0681661 0
0.0680081 0
0.0678645 0
0.0677122 0
0.0675644 0
0.0673969 0
0.0672477 0
0.0670897 0
0.0669556 0
0.066814 0
0.0666643 0
0.0665294 0
0.0663784 0
0.066233 0
0.0660873 0
0.0659338 0
0.0658004 0
0.0656297 0
0.0654641 0
0.0653151 0
0.0651624 0
0.0649926 0
0.0648366 0
0.0646849 0
0.0645117 0
0.0643484 0
0.0641949 0
0.0638865 0
0.0637458 0
0.0635943 0
0.0634435 0
0.0632873 0
0.0631321 0
0.0629911 0
0.0628397 0
0.062687 0
0.0625273 0
0.0623677 0
0.0622264 0
0.0620758 0
0.0618986 0
0.0617508 0
0.0616096 0
0.0614665 0
0.0613248 0
0.0611655 0
0.0610035 0
0.0608488 0
0.0607055 0
0.0605384 0
0.0603899 0
0.0602241 0
0.060073 0
0.059919 0
0.0597784 0
0.0596238 0
0.0594805 0
0.0593444 0
0.0591924 0
0.0590264 0
0.0588912 0
0.05875 0
0.0585915 0
0.0584404 0
0.0582838 0
0.0581268 0
0.0579705 0
0.0578214 0
0.0576773 0
0.0575222 0
0.0573663 0
0.0572233 0
0.0570745 0
0.0569222 0
0.0567663 0
0.0566114 0
0.056472 0
0.0563222 0
0.0562003 0
0.0560586 0
0.0559236 0
0.0557668 0
0.0556058 0
0.0554295 0
0.0552863 0
0.0550162 0
0.0548548 0
0.0547122 0
0.0545629 0
0.0544054 0
0.0542259 0
0.0540515 0
0.0539109 0
0.0537585 0
0.0536136 0
0.0534768 0
0.0533287 0
0.0531844 0
0.0530313 0
0.0528751 0
0.0527119 0
0.0525557 0
0.052409 0
0.0522543 0
0.0521079 0
0.0519465 0
0.0517922 0
0.0516349 0
0.0514774 0
0.0513305 0
0.0511855 0
0.0510313 0
0.0508513 0
0.0507041 0
0.0505534 0
0.0503785 0
0.0502319 0
0.0501021 0
0.0499473 0
0.0498089 0
0.0496496 0
0.049483 0
0.0493248 0
0.0491532 0
0.0490009 0
0.0488369 0
0.0486775 0
0.0485294 0
0.048375 0
0.0482217 0
0.0480737 0
0.0479291 0
0.0477801 0
0.0476318 0
0.0474847 0
0.0473344 0
0.0471746 0
0.0470016 0
0.0468309 0
0.0466935 0
0.0465375 0
0.0463766 0
0.0462231 0
0.0460663 0
0.0459333 0
0.0457847 0
0.0456386 0
0.0454787 0
0.0453261 0
0.0451633 0
0.0450384 0
0.0448878 0
0.0447445 0
0.0445881 0
0.044432 0
0.044274 0
0.0441217 0
0.0439666 0
0.0438168 0
0.0436656 0
0.0435233 0
0.0433612 0
0.0431888 0
0.0430353 0
0.042878 0
0.0427294 0
0.0425841 0
0.0424294 0
0.0422893 0
0.042147 0
0.0419859 0
0.0418142 0
0.0416662 0
0.0415127 0
0.0413763 0
0.041216 0
0.04107 0
0.0409152 0
0.0407717 0
0.0406179 0
0.0404636 0
0.0403252 0
0.0401887 0
0.0400506 0
0.0399032 0
0.0397498 0
0.0396009 0
0.0394504 0
0.0392881 0
0.039139 0
0.0390011 0
0.0388484 0
0.0387026 0
0.0385669 0
0.0384264 0
0.0382782 0
0.0381437 0
0.0380061 0
0.0378576 0
0.0377277 0
0.0375854 0
0.0374435 0
0.0373094 0
0.0371444 0
0.0369848 0
0.0368393 0
0.0366703 0
0.036503 0
0.0363681 0
0.0362308 0
0.0360672 0
0.0359177 0
0.0357707 0
0.0356244 0
0.0354745 0
0.0353394 0
0.0351974 0
0.0350396 0
0.0349022 0
0.0347533 0
0.0346039 0
0.0344435 0
0.0343042 0
0.0341451 0
0.0339972 0
0.0338444 0
0.0336824 0
0.0335255 0
0.033368 0
0.0332239 0
0.0330835 0
0.0329389 0
0.0327783 0
0.0326328 0
0.032482 0
0.0323411 0
0.0321891 0
0.0320464 0
0.0318995 0
0.0317533 0
0.031609 0
0.031443 0
0.0313119 0
0.0311531 0
0.0310035 0
0.0308553 0
0.030704 0
0.03055 0
0.0304061 0
0.030261 0
0.0301034 0
0.0299256 0
0.0297693 0
0.0296072 0
0.0294433 0
0.0292967 0
0.0291599 0
0.0289859 0
0.0288255 0
0.0286613 0
0.0285255 0
0.0283624 0
0.0282186 0
0.0280648 0
0.0278991 0
0.0277431 0
0.0275835 0
0.0274258 0
0.0272565 0
0.0269646 0
0.0268057 0
0.0266608 0
0.0265029 0
0.0263464 0
0.0261896 0
0.0260363 0
0.025863 0
0.0257016 0
0.025552 0
0.0253982 0
0.0252273 0
0.025064 0
0.0249149 0
0.0247645 0
0.0246202 0
0.0244586 0
0.0243091 0
0.0241684 0
0.0240003 0
0.0238434 0
0.0237027 0
0.023396 0
0.0232374 0
0.0230913 0
0.0229199 0
0.0227665 0
0.0226187 0
0.0224716 0
0.0223159 0
0.0221565 0
0.0220125 0
0.021872 0
0.0217217 0
0.021555 0
0.0213999 0
0.02125 0
0.0211033 0
0.0209447 0
0.0208019 0
0.0206561 0
0.0204928 0
0.0203272 0
0.0201944 0
0.0200261 0
0.0198892 0
0.0197071 0
0.0195792 0
0.01941 0
0.0192611 0
0.0190999 0
0.0189574 0
0.0188107 0
0.018642 0
0.0184994 0
0.0183464 0
0.0181935 0
0.0180357 0
0.0178956 0
0.0177442 0
0.0175915 0
0.0174385 0
0.0172635 0
0.017124 0
0.0169672 0
0.0168217 0
0.016664 0
0.0164971 0
0.0163442 0
0.0161846 0
0.0160316 0
0.0158908 0
0.0157239 0
0.015575 0
0.0154043 0
0.0152557 0
0.0150885 0
0.0149412 0
0.0147874 0
0.0146487 0
0.0145159 0
0.0143759 0
0.0142225 0
0.0140708 0
0.0139166 0
0.0137614 0
0.0135937 0
0.0134548 0
0.0133073 0
0.0131586 0
0.0129861 0
0.0128426 0
0.0126867 0
0.0125357 0
0.012383 0
0.0122373 0
0.0120687 0
0.0119198 0
0.0117658 0
0.0116056 0
0.0114403 0
0.0112713 0
0.0111129 0
0.0109554 0
0.0108063 0
0.0106607 0
0.0105107 0
0.0103762 0
0.0102085 0
0.0100588 0
0.00990341 0
0.00976348 0
0.00960454 0
0.00945738 0
0.00932609 0
0.00918615 0
0.00902704 0
0.00887364 0
0.00872854 0
0.008576 0
0.00843662 0
0.0082799 0
0.00810811 0
0.00794012 0
0.00779578 0
0.0076564 0
0.00751985 0
0.00736069 0
0.00721489 0
0.00705974 0
0.00689691 0
0.00673741 0
0.00656689 0
0.00641972 0
0.00625748 0
0.00607826 0
0.0059169 0
0.00575956 0
0.00561054 0
0.0054535 0
0.00529015 0
0.00514135 0
0.00498495 0
0.00482725 0
0.00466565 0
0.00451816 0
0.00435849 0
0.00420992 0
0.00406342 0
0.00394015 0
0.00378924 0
0.00364182 0
0.00350391 0
0.00335688 0
0.00320969 0
0.00305265 0
0.00289199 0
0.00274156 0
0.00258001 0
0.00242606 0
0.00225491 0
0.00210884 0
0.00195304 0
0.00182374 0
0.00168533 0
0.00153897 0
0.00137801 0
0.00121586 0
0.00106853 0
0.000912516 0
0.000763919 0
0.000605646 0
0.000465355 0
0.000314155 0
0.000143033 0
