0.953394 551 0.351737
0.953394 550 0.351858
0.953394 549 0.352092
0.953394 548 0.352535
0.953394 547 0.352925
0.953394 546 0.353321
0.953394 545 0.353455
0.953394 544 0.355497
0.953394 543 0.356735
0.953394 542 0.357191
0.953394 541 0.359761
0.953394 540 0.359845
0.953394 539 0.360365
0.953394 538 0.360451
0.953394 537 0.360653
0.953394 536 0.363024
0.953394 535 0.36431
0.953394 534 0.364766
0.953394 533 0.365067
0.953201 533 0.366052
0.953201 532 0.367847
0.953201 531 0.36834
0.953201 530 0.36836
0.953201 529 0.369224
0.953201 528 0.370466
0.953201 527 0.37086
0.953201 526 0.371021
0.953201 525 0.371557
0.953201 524 0.372377
0.953201 523 0.373052
0.953201 522 0.373459
0.953201 521 0.373477
0.953007 521 0.373711
0.952814 521 0.37621
0.952814 520 0.377732
0.952814 519 0.37775
0.952814 518 0.379464
0.952814 517 0.379614
0.952814 516 0.38018
0.952814 515 0.380377
0.952814 514 0.382093
0.952814 513 0.38496
0.952814 512 0.385187
0.952814 511 0.387092
0.952814 510 0.387216
0.952814 509 0.387448
0.952814 508 0.389429
0.952814 507 0.390935
0.952814 506 0.395192
0.952814 505 0.395558
0.952814 504 0.395758
0.952814 503 0.395883
0.952814 502 0.395891
0.952814 501 0.396033
0.952814 500 0.396348
0.952814 499 0.397017
0.952814 498 0.397667
0.952814 497 0.398336
0.952814 496 0.401915
0.952814 495 0.402177
0.952814 494 0.402331
0.952814 493 0.402508
0.952814 492 0.404027
0.952814 491 0.404236
0.952814 490 0.404584
0.952814 489 0.407279
0.952814 488 0.408063
0.952814 487 0.408468
0.952814 486 0.409283
0.952814 485 0.409406
0.952814 484 0.410207
0.95262 484 0.410476
0.952427 484 0.410654
0.952427 483 0.411702
0.952427 482 0.411768
0.952427 481 0.417964
0.952427 480 0.418738
0.952427 479 0.418828
0.952427 478 0.423695
0.952427 477 0.425683
0.952427 476 0.427547
0.952427 475 0.429655
0.952427 474 0.431507
0.952427 473 0.432788
0.952234 473 0.432975
0.952234 472 0.433653
0.952234 471 0.435724
0.952234 470 0.438082
0.952234 469 0.438259
0.952234 468 0.440843
0.952234 467 0.442588
0.952234 466 0.445385
0.952234 465 0.445551
0.952234 464 0.446573
0.952234 463 0.448696
0.952234 462 0.44891
0.952234 461 0.450743
0.952234 460 0.452309
0.952234 459 0.452854
0.952234 458 0.453151
0.952234 457 0.457236
0.95204 457 0.457571
0.95204 456 0.461663
0.95204 455 0.462675
0.95204 454 0.462913
0.951847 454 0.463717
0.951653 454 0.464158
0.95146 454 0.465158
0.95146 453 0.465925
0.95146 452 0.467747
0.95146 451 0.469207
0.95146 450 0.473325
0.95146 449 0.476263
0.95146 448 0.47832
0.95146 447 0.479348
0.951267 447 0.482821
0.951073 447 0.484968
0.951073 446 0.485557
0.951073 445 0.488421
0.951073 444 0.489807
0.951073 443 0.490116
0.951073 442 0.492724
0.951073 441 0.494956
0.95088 441 0.495453
0.95088 440 0.496914
0.95088 439 0.499728
0.95088 438 0.502279
0.95088 437 0.503031
0.95088 436 0.506843
0.95088 435 0.506958
0.95088 434 0.510365
0.95088 433 0.512651
0.95088 432 0.514561
0.95088 431 0.51579
0.95088 430 0.516115
0.95088 429 0.516634
0.95088 428 0.517746
0.95088 427 0.517871
0.95088 426 0.518609
0.95088 425 0.519082
0.950687 425 0.520534
0.950687 424 0.525927
0.950687 423 0.52834
0.950687 422 0.528359
0.950687 421 0.528679
0.950687 420 0.529068
0.950687 419 0.529747
0.950493 419 0.531131
0.950493 418 0.532205
0.950493 417 0.532768
0.950493 416 0.53769
0.950493 415 0.539333
0.950493 414 0.540385
0.950493 413 0.540757
0.950493 412 0.541025
0.950493 411 0.541226
0.950493 410 0.54265
0.950493 409 0.545483
0.950493 408 0.546604
0.950493 407 0.546859
0.9503 407 0.547103
0.950106 407 0.547408
0.950106 406 0.547781
0.950106 405 0.548809
0.949913 405 0.553632
0.949913 404 0.553746
0.949913 403 0.556791
0.94972 403 0.5593
0.94972 402 0.559555
0.94972 401 0.56167
0.94972 400 0.561742
0.94972 399 0.562722
0.94972 398 0.562736
0.94972 397 0.563448
0.94972 396 0.565079
0.94972 395 0.565988
0.94972 394 0.568644
0.94972 393 0.569725
0.94972 392 0.570276
0.94972 391 0.570845
0.94972 390 0.571024
0.94972 389 0.573379
0.949526 389 0.57576
0.949526 388 0.578468
0.949333 388 0.578541
0.949333 387 0.583059
0.949333 386 0.590404
0.949333 385 0.590567
0.949139 385 0.590632
0.949139 384 0.592263
0.949139 383 0.592307
0.949139 382 0.592612
0.949139 381 0.594904
0.949139 380 0.595756
0.949139 379 0.599069
0.949139 378 0.599225
0.949139 377 0.600557
0.949139 376 0.601494
0.949139 375 0.604159
0.949139 374 0.607705
0.949139 373 0.613478
0.949139 372 0.614822
0.949139 371 0.614997
0.948946 371 0.61561
0.948946 370 0.619156
0.948946 369 0.619406
0.948946 368 0.620967
0.948946 367 0.622498
0.948946 366 0.623606
0.948946 365 0.62425
0.948946 364 0.624443
0.948946 363 0.624917
0.948946 362 0.626188
0.948946 361 0.632449
0.948946 360 0.632593
0.948946 359 0.633016
0.948946 358 0.63373
0.948946 357 0.633783
0.948946 356 0.635785
0.948946 355 0.638217
0.948946 354 0.638507
0.948946 353 0.641855
0.948753 353 0.643112
0.948753 352 0.645644
0.948753 351 0.651028
0.948753 350 0.651593
0.948559 350 0.651695
0.948559 349 0.65222
0.948366 349 0.652597
0.948366 348 0.653238
0.948173 348 0.654042
0.947786 348 0.654358
0.947592 348 0.656613
0.947592 347 0.656636
0.947592 346 0.656707
0.947592 345 0.660225
0.947399 345 0.669077
0.947399 344 0.670527
0.947399 343 0.675268
0.947399 342 0.678723
0.947399 341 0.679519
0.947399 340 0.679995
0.947399 339 0.681047
0.947399 338 0.686166
0.947399 337 0.686235
0.947399 336 0.688294
0.947399 335 0.690235
0.947399 334 0.691376
0.947399 333 0.691908
0.947399 332 0.692419
0.947399 331 0.692578
0.947399 330 0.693641
0.947399 329 0.6953
0.947399 328 0.696385
0.947206 328 0.697496
0.947206 327 0.698959
0.947012 327 0.70019
0.947012 326 0.70051
0.947012 325 0.702853
0.947012 324 0.703197
0.947012 323 0.703955
0.947012 322 0.704872
0.947012 321 0.708001
0.947012 320 0.708975
0.947012 319 0.709767
0.947012 318 0.710012
0.947012 317 0.713195
0.947012 316 0.713586
0.947012 315 0.717115
0.947012 314 0.718198
0.947012 313 0.720137
0.947012 312 0.720671
0.947012 311 0.723312
0.947012 310 0.725169
0.947012 309 0.726451
0.947012 308 0.729397
0.947012 307 0.729454
0.947012 306 0.731071
0.947012 305 0.73398
0.947012 304 0.736332
0.947012 303 0.740686
0.947012 302 0.741531
0.947012 301 0.744138
0.947012 300 0.747284
0.947012 299 0.747294
0.947012 298 0.747912
0.947012 297 0.748484
0.947012 296 0.751391
0.947012 295 0.751973
0.947012 294 0.752847
0.947012 293 0.752912
0.946819 293 0.75371
0.946819 292 0.754404
0.946819 291 0.754439
0.946625 291 0.754559
0.946625 290 0.754989
0.946625 289 0.757312
0.946625 288 0.758474
0.946625 287 0.759883
0.946625 286 0.760745
0.946625 285 0.761836
0.946625 284 0.762458
0.946625 283 0.763437
0.946625 282 0.764918
0.946625 281 0.770621
0.946625 280 0.770676
0.946625 279 0.775915
0.946432 279 0.786644
0.946239 279 0.788437
0.946045 279 0.791783
0.946045 278 0.793513
0.945852 278 0.798586
0.945658 278 0.800864
0.945658 277 0.801071
0.945658 276 0.801544
0.945465 276 0.801566
0.945465 275 0.80205
0.945465 274 0.802382
0.945465 273 0.803307
0.945465 272 0.803874
0.945272 272 0.805271
0.945272 271 0.805489
0.945272 270 0.805862
0.945272 269 0.808195
0.945272 268 0.809691
0.945078 268 0.809752
0.945078 267 0.812001
0.944885 267 0.812303
0.944885 266 0.814
0.944885 265 0.81508
0.944692 265 0.815493
0.944692 264 0.815695
0.944692 263 0.816119
0.944692 262 0.817144
0.944692 261 0.817786
0.944692 260 0.817994
0.944692 259 0.821148
0.944692 258 0.821485
0.944498 258 0.821834
0.944305 258 0.822664
0.944305 257 0.823765
0.944305 256 0.823959
0.944305 255 0.824192
0.944305 254 0.825114
0.944305 253 0.82514
0.944305 252 0.825599
0.944305 251 0.825601
0.944305 250 0.826329
0.944111 250 0.827309
0.943918 250 0.827603
0.943918 249 0.828083
0.943725 249 0.828322
0.943725 248 0.83178
0.943725 247 0.832403
0.943531 247 0.83268
0.943531 246 0.833298
0.943338 246 0.834506
0.943144 246 0.837098
0.943144 245 0.837492
0.943144 244 0.837622
0.943144 243 0.837648
0.943144 242 0.837652
0.942951 242 0.838638
0.942951 241 0.838988
0.942758 241 0.839569
0.942564 241 0.839808
0.942371 241 0.839817
0.942371 240 0.840199
0.942178 240 0.841108
0.942178 239 0.841386
0.942178 238 0.843325
0.941984 238 0.843385
0.941791 238 0.846001
0.941791 237 0.847232
0.941597 237 0.848634
0.941597 236 0.848635
0.941404 236 0.849058
0.941404 235 0.849625
0.941211 235 0.850278
0.941211 234 0.850682
0.941211 233 0.851291
0.941211 232 0.851538
0.941017 232 0.852228
0.941017 231 0.852951
0.940824 231 0.854291
0.94063 231 0.854624
0.94063 230 0.855093
0.94063 229 0.855244
0.94063 228 0.855483
0.940437 228 0.855604
0.940437 227 0.856058
0.940437 226 0.856152
0.940437 225 0.857552
0.940437 224 0.858638
0.940244 224 0.859149
0.94005 224 0.859336
0.939857 224 0.859632
0.939664 224 0.861634
0.939664 223 0.862138
0.939664 222 0.862846
0.939664 221 0.862962
0.939664 220 0.864433
0.939664 219 0.864813
0.939664 218 0.865116
0.939664 217 0.865498
0.939664 216 0.866093
0.939664 215 0.866638
0.939664 214 0.866761
0.93947 214 0.866835
0.939277 214 0.867201
0.939277 213 0.8693
0.939277 212 0.869853
0.939277 211 0.869914
0.939083 211 0.870686
0.93889 211 0.871555
0.938697 211 0.871664
0.938697 210 0.871849
0.938697 209 0.872614
0.938697 208 0.873309
0.938697 207 0.873893
0.938697 206 0.87516
0.938697 205 0.875411
0.938697 204 0.876501
0.938697 203 0.876654
0.938697 202 0.877175
0.938503 202 0.877599
0.938503 201 0.877838
0.938503 200 0.878785
0.938503 199 0.88022
0.93831 199 0.880631
0.93831 198 0.880852
0.93831 197 0.881341
0.93831 196 0.881483
0.938116 196 0.882604
0.938116 195 0.882888
0.938116 194 0.883608
0.937923 194 0.883839
0.93773 194 0.883895
0.93773 193 0.884073
0.93773 192 0.884076
0.937536 192 0.884323
0.937536 191 0.884667
0.937536 190 0.885158
0.937343 190 0.885782
0.937343 189 0.886048
0.937343 188 0.88605
0.937149 188 0.886501
0.936956 188 0.887362
0.936956 187 0.888085
0.936956 186 0.888571
0.936956 185 0.888635
0.936763 185 0.888746
0.936569 185 0.889161
0.936569 184 0.891093
0.936569 183 0.891299
0.936376 183 0.891734
0.936376 182 0.892555
0.936376 181 0.8937
0.936376 180 0.893844
0.936183 180 0.894172
0.936183 179 0.895022
0.936183 178 0.895065
0.936183 177 0.895621
0.935989 177 0.895887
0.935796 177 0.896133
0.935602 177 0.896629
0.935409 177 0.897907
0.935409 176 0.89846
0.935409 175 0.89973
0.935409 174 0.899979
0.935409 173 0.900236
0.935216 172 0.900334
0.935216 171 0.900949
0.935216 170 0.902239
0.935022 170 0.902483
0.935022 169 0.902501
0.935022 168 0.902533
0.935022 167 0.902887
0.934829 167 0.903009
0.934829 166 0.903102
0.934635 166 0.903722
0.934635 165 0.903954
0.934635 164 0.904431
0.934442 164 0.904815
0.934442 163 0.905341
0.934249 163 0.906216
0.934055 163 0.907279
0.933862 163 0.908366
0.933862 162 0.908783
0.933862 161 0.908956
0.933669 161 0.909419
0.933475 161 0.909483
0.933475 160 0.909786
0.933475 159 0.909888
0.933282 159 0.910125
0.933282 158 0.910678
0.933282 157 0.910976
0.933282 156 0.911097
0.933088 156 0.911188
0.933088 155 0.911318
0.933088 154 0.911354
0.932895 154 0.911573
0.932702 154 0.912314
0.932702 153 0.912849
0.932702 152 0.91312
0.932508 152 0.913163
0.932315 152 0.913628
0.932315 151 0.914205
0.932121 151 0.914367
0.931928 151 0.914478
0.931735 151 0.914503
0.931735 150 0.914555
0.931735 149 0.914817
0.931735 148 0.915155
0.931735 147 0.915471
0.931735 146 0.916342
0.931735 145 0.91654
0.931735 144 0.916785
0.931735 143 0.916848
0.931541 143 0.918655
0.931348 143 0.91894
0.931348 142 0.919074
0.931155 142 0.919647
0.931155 141 0.919953
0.930961 141 0.920008
0.930768 141 0.920155
0.930574 141 0.920176
0.930574 140 0.920788
0.930574 139 0.922146
0.930381 139 0.92265
0.930188 139 0.922785
0.929994 139 0.92282
0.929994 138 0.92287
0.929994 137 0.92289
0.929801 137 0.922896
0.929607 137 0.922905
0.929414 137 0.923914
0.929221 137 0.924225
0.929221 136 0.92467
0.929221 135 0.9248
0.929027 135 0.92488
0.929027 134 0.924967
0.928834 134 0.925021
0.92864 134 0.925036
0.928447 134 0.925174
0.928447 133 0.925331
0.928447 132 0.925535
0.928254 132 0.925704
0.92806 132 0.926588
0.92806 131 0.927241
0.92806 130 0.927289
0.92806 129 0.927361
0.927867 129 0.92738
0.927674 129 0.9274
0.92748 129 0.927406
0.92748 128 0.92765
0.927287 128 0.927972
0.927287 127 0.927985
0.927093 127 0.928038
0.927093 126 0.928584
0.927093 125 0.92965
0.927093 124 0.930073
0.927093 123 0.930647
0.927093 122 0.931141
0.927093 121 0.931186
0.927093 120 0.931467
0.927093 119 0.931891
0.9269 119 0.932368
0.926707 119 0.932755
0.926513 119 0.93322
0.926513 118 0.93326
0.926513 117 0.933379
0.926513 116 0.933468
0.92632 116 0.933536
0.926126 116 0.933682
0.925933 116 0.933986
0.92574 116 0.934223
0.92574 115 0.934256
0.925546 115 0.934321
0.925546 114 0.934676
0.925353 114 0.934706
0.92516 114 0.93535
0.92516 113 0.936149
0.924966 113 0.93627
0.924773 113 0.936398
0.924579 113 0.936604
0.924579 112 0.936877
0.924579 111 0.937637
0.924386 111 0.937788
0.924193 111 0.938466
0.924193 110 0.93855
0.923999 110 0.938677
0.923806 110 0.938784
0.923612 110 0.938789
0.923419 110 0.939134
0.923226 110 0.93919
0.923032 110 0.939337
0.922839 110 0.939375
0.922646 110 0.939943
0.922452 110 0.94001
0.922452 109 0.940074
0.922452 108 0.940315
0.922259 108 0.940439
0.922065 108 0.940449
0.921872 108 0.941075
0.921872 107 0.941176
0.921872 106 0.941252
0.921872 105 0.941284
0.921872 104 0.941358
0.921872 103 0.941456
0.921679 103 0.942325
0.921485 103 0.942688
0.921292 103 0.942909
0.921098 103 0.94296
0.920905 103 0.943069
0.920905 102 0.943186
0.920905 101 0.943556
0.920905 100 0.943961
0.920712 100 0.944385
0.920712 99 0.944688
0.920518 99 0.94496
0.920325 99 0.945087
0.920132 99 0.945711
0.919938 99 0.946007
0.919745 99 0.946348
0.919551 99 0.946412
0.919358 99 0.946777
0.919165 99 0.946949
0.918971 99 0.947744
0.918778 99 0.947747
0.918778 98 0.947761
0.918778 97 0.948582
0.918584 97 0.94881
0.918391 97 0.949063
0.918391 96 0.949124
0.918391 95 0.949306
0.918198 95 0.949421
0.918004 95 0.94946
0.918004 94 0.949547
0.917811 94 0.949665
0.917617 94 0.949956
0.917424 94 0.950063
0.917231 94 0.950377
0.917037 94 0.950724
0.916844 94 0.950792
0.916651 94 0.95094
0.916457 94 0.951429
0.916457 93 0.951463
0.916264 93 0.951472
0.916264 92 0.951513
0.91607 92 0.951737
0.91607 91 0.952238
0.915877 91 0.952665
0.915684 91 0.952888
0.91549 91 0.952938
0.915297 91 0.953083
0.915103 91 0.953145
0.915103 90 0.953702
0.91491 90 0.954283
0.914717 90 0.954315
0.914523 90 0.954398
0.91433 90 0.954556
0.914137 90 0.954786
0.913943 90 0.955013
0.913943 89 0.955105
0.913943 88 0.955481
0.91375 88 0.955709
0.913556 88 0.955758
0.913363 88 0.955775
0.91317 88 0.955777
0.912976 88 0.955844
0.912783 88 0.955911
0.912589 88 0.956064
0.912589 87 0.95647
0.912396 87 0.956635
0.912396 86 0.95688
0.912203 86 0.956931
0.912009 86 0.956995
0.911816 86 0.957034
0.911816 85 0.957505
0.911623 85 0.957541
0.911429 85 0.957924
0.911236 85 0.958015
0.911236 84 0.958065
0.911042 84 0.958078
0.911042 83 0.958135
0.910849 83 0.958311
0.910656 83 0.958318
0.910462 83 0.958345
0.910269 83 0.958419
0.910075 83 0.958426
0.909882 83 0.958438
0.909689 83 0.958486
0.909495 83 0.958525
0.909302 83 0.958535
0.909108 83 0.958707
0.908915 83 0.958913
0.908915 82 0.959079
0.908722 82 0.959792
0.908722 81 0.95981
0.908528 81 0.960579
0.908335 81 0.96062
0.908142 81 0.9608
0.908142 80 0.960849
0.907948 80 0.961051
0.907948 79 0.961404
0.907948 78 0.961522
0.907755 78 0.961966
0.907561 78 0.962012
0.907368 78 0.962464
0.907175 78 0.962556
0.906981 78 0.963053
0.906788 78 0.963145
0.906594 78 0.963422
0.906401 78 0.96343
0.906208 78 0.963453
0.906014 78 0.963477
0.905821 78 0.963564
0.905628 78 0.96362
0.905628 77 0.963654
0.905434 77 0.96377
0.905241 77 0.964218
0.905047 77 0.964225
0.904854 77 0.964585
0.904661 77 0.964879
0.904467 77 0.965034
0.904274 77 0.965375
0.90408 77 0.965404
0.903887 77 0.965757
0.903694 77 0.966379
0.903694 76 0.966393
0.9035 76 0.966417
0.903307 76 0.966445
0.903307 75 0.966523
0.903114 75 0.966947
0.90292 75 0.967027
0.902727 75 0.96705
0.902533 75 0.96742
0.90234 75 0.967529
0.90234 74 0.967546
0.902147 74 0.967553
0.901953 74 0.967678
0.90176 74 0.967709
0.901566 74 0.967745
0.901373 74 0.96788
0.901373 73 0.968071
0.90118 73 0.968551
0.900986 73 0.9687
0.900793 73 0.968858
0.900599 73 0.969312
0.900599 72 0.969348
0.900406 72 0.96941
0.900213 72 0.969422
0.900019 72 0.96968
0.899826 72 0.969683
0.899826 71 0.969728
0.899633 71 0.969927
0.899439 71 0.970147
0.899439 70 0.970244
0.899246 70 0.970294
0.899052 70 0.970316
0.898859 70 0.970546
0.898666 70 0.970659
0.898472 70 0.970827
0.898279 70 0.970873
0.898085 70 0.970894
0.897892 70 0.971024
0.897699 70 0.971144
0.897505 70 0.971201
0.897312 70 0.971396
0.897119 70 0.971808
0.897119 69 0.971839
0.897119 68 0.971846
0.897119 67 0.972134
0.896925 67 0.972261
0.896732 67 0.972842
0.896538 67 0.972872
0.896538 66 0.972945
0.896345 66 0.972985
0.896345 65 0.973004
0.896152 65 0.973033
0.895958 65 0.973107
0.895765 65 0.973287
0.895571 65 0.973301
0.895185 66 0.973487
0.894991 66 0.973523
0.894798 66 0.973543
0.894798 65 0.973591
0.894605 65 0.973655
0.894605 64 0.973725
0.894411 64 0.973882
0.894218 64 0.973966
0.894218 62 0.974004
0.894218 61 0.974006
0.894024 61 0.974285
0.893831 61 0.974362
0.893638 61 0.974366
0.893638 60 0.974541
0.893444 60 0.974859
0.893251 60 0.97532
0.893057 60 0.9755
0.892864 60 0.975633
0.892671 60 0.975662
0.892671 59 0.975798
0.892477 59 0.975826
0.892284 59 0.975883
0.892091 59 0.975974
0.891897 59 0.976323
0.891704 59 0.976545
0.89151 59 0.976635
0.891317 59 0.976647
0.891124 59 0.976677
0.89093 59 0.976696
0.89093 58 0.976922
0.890737 58 0.977095
0.890543 58 0.977121
0.89035 58 0.977441
0.890157 58 0.977449
0.889963 58 0.977726
0.88977 58 0.977739
0.889576 58 0.977984
0.889383 58 0.978007
0.88919 58 0.978129
0.888996 58 0.978759
0.888803 58 0.978905
0.88861 58 0.978944
0.888416 58 0.97906
0.888223 58 0.979205
0.888029 58 0.979248
0.887836 58 0.979571
0.887643 58 0.979666
0.887449 58 0.980102
0.887256 58 0.980192
0.887062 58 0.980346
0.886869 58 0.980543
0.886676 58 0.980567
0.886676 57 0.980594
0.886676 56 0.9806
0.886676 55 0.980613
0.886676 54 0.980642
0.886482 54 0.980711
0.886289 54 0.980845
0.886096 54 0.980954
0.886096 53 0.981192
0.885902 53 0.981253
0.885709 53 0.981449
0.885515 52 0.981743
0.885322 52 0.981797
0.885129 52 0.981883
0.885129 51 0.981981
0.884935 51 0.982052
0.884742 51 0.982115
0.884548 51 0.982295
0.884355 51 0.982302
0.884162 51 0.982369
0.883968 51 0.982402
0.883775 51 0.982624
0.883582 51 0.982639
0.883582 50 0.98284
0.883388 50 0.983017
0.883195 50 0.983051
0.883001 50 0.98309
0.882808 50 0.983224
0.882615 50 0.983373
0.882421 50 0.983583
0.882228 50 0.983664
0.882228 49 0.983727
0.882034 49 0.983768
0.881841 49 0.983797
0.881648 49 0.983845
0.881454 49 0.983962
0.881261 49 0.983989
0.881067 49 0.984065
0.880874 49 0.984169
0.880681 49 0.984209
0.880487 49 0.984215
0.880294 49 0.984281
0.880101 49 0.984331
0.879907 49 0.984367
0.879714 49 0.984431
0.879714 48 0.984587
0.87952 48 0.984611
0.879327 48 0.98466
0.879134 48 0.9847
0.87894 48 0.984787
0.879134 46 0.984821
0.87894 46 0.984895
0.878747 46 0.984918
0.878553 46 0.985033
0.87836 46 0.985051
0.878167 46 0.985052
0.877973 46 0.985184
0.877973 45 0.985368
0.87778 45 0.985374
0.877587 45 0.985456
0.877393 45 0.985506
0.8772 45 0.985507
0.877006 45 0.985589
0.876813 45 0.985677
0.87662 45 0.985705
0.876426 45 0.985731
0.876233 45 0.985803
0.876039 45 0.986093
0.875846 45 0.986151
0.875653 45 0.986172
0.875653 44 0.986373
0.875653 43 0.986381
0.875459 43 0.986857
0.875266 43 0.986877
0.875073 43 0.9869
0.874879 43 0.986927
0.874686 43 0.986949
0.874492 43 0.987
0.874299 43 0.987047
0.874106 43 0.987161
0.873912 43 0.987204
0.873719 43 0.987231
0.873525 43 0.987299
0.873332 43 0.987319
0.873139 43 0.987324
0.872945 43 0.987493
0.872752 43 0.987503
0.872558 43 0.987507
0.872365 43 0.987563
0.872172 43 0.987687
0.872172 42 0.987763
0.871978 42 0.987814
0.871785 42 0.987843
0.871785 41 0.987877
0.871592 40 0.98795
0.871398 40 0.987977
0.871398 39 0.988011
0.871205 39 0.988139
0.871205 38 0.988279
0.871011 38 0.988311
0.870818 38 0.988333
0.870625 38 0.98841
0.870431 38 0.988415
0.870238 38 0.988734
0.870044 38 0.988838
0.869851 38 0.98886
0.869658 38 0.988878
0.869464 38 0.989075
0.869271 38 0.989146
0.869078 38 0.98916
0.869078 37 0.989187
0.868884 37 0.989231
0.868691 37 0.989522
0.868497 37 0.989651
0.868304 37 0.989727
0.868111 37 0.98984
0.867917 37 0.989923
0.867724 37 0.989946
0.86753 37 0.98995
0.867337 37 0.989955
0.867144 37 0.99003
0.86695 37 0.990064
0.866757 37 0.990203
0.866757 36 0.99029
0.866564 36 0.990326
0.86637 36 0.990395
0.866177 36 0.990475
0.866177 35 0.990527
0.865983 35 0.990628
0.86579 35 0.990631
0.865597 35 0.990671
0.865403 35 0.99078
0.86521 35 0.990789
0.86521 34 0.990923
0.86521 33 0.990975
0.865016 33 0.991118
0.864823 33 0.991135
0.86463 33 0.991162
0.864436 33 0.99117
0.864243 33 0.991176
0.864243 32 0.991206
0.86405 32 0.99124
0.863856 32 0.991297
0.863663 32 0.991355
0.863469 32 0.99147
0.863276 32 0.991488
0.863083 32 0.99157
0.862889 32 0.991639
0.862696 32 0.991717
0.862696 31 0.991781
0.862502 31 0.991825
0.862309 31 0.991933
0.862116 31 0.99195
0.861922 30 0.992078
0.861729 30 0.992086
0.861535 30 0.992089
0.861342 30 0.992108
0.861149 30 0.992135
0.860955 30 0.992183
0.860762 30 0.992196
0.860569 30 0.992222
0.860569 29 0.992232
0.860375 29 0.992269
0.860182 29 0.992289
0.859988 29 0.99237
0.859795 29 0.992407
0.859602 29 0.992411
0.859408 29 0.992438
0.859215 29 0.992471
0.859021 29 0.992652
0.858828 29 0.992658
0.858828 28 0.992676
0.858635 28 0.992685
0.858635 27 0.992759
0.858441 27 0.992781
0.858248 27 0.992946
0.858055 27 0.993011
0.857861 27 0.993032
0.857668 27 0.993042
0.857474 27 0.993062
0.857281 27 0.9931
0.857281 26 0.993136
0.857088 26 0.993138
0.856894 26 0.99314
0.856701 26 0.993146
0.856507 26 0.99319
0.856314 26 0.993389
0.856121 26 0.993391
0.855927 26 0.993447
0.855734 26 0.993466
0.855541 26 0.993476
0.855347 26 0.993547
0.855154 26 0.993586
0.85496 26 0.993608
0.854767 26 0.993654
0.854574 26 0.993661
0.85438 26 0.993662
0.854187 26 0.993691
0.853993 26 0.993692
0.8538 26 0.993716
0.853607 26 0.993745
0.853413 26 0.993757
0.85322 26 0.993806
0.853026 26 0.993859
0.852833 26 0.993927
0.85264 26 0.993962
0.852446 26 0.993966
0.852253 26 0.993999
0.85206 26 0.994068
0.851866 26 0.994071
0.851673 26 0.994095
0.851479 26 0.994123
0.851286 26 0.994142
0.851093 26 0.994167
0.850899 26 0.99417
0.850706 26 0.994174
0.850512 26 0.994188
0.850319 26 0.994282
0.850126 26 0.994289
0.849932 26 0.994318
0.849739 26 0.994339
0.849546 26 0.994388
0.849352 26 0.994417
0.849159 26 0.994454
0.848965 26 0.994475
0.848772 26 0.994564
0.848579 26 0.99458
0.848385 26 0.99459
0.848192 26 0.994605
0.847998 26 0.994611
0.847805 26 0.994612
0.847612 26 0.994659
0.847418 26 0.994664
0.847225 26 0.994737
0.847225 25 0.99476
0.847032 25 0.994766
0.846838 25 0.99478
0.846645 25 0.994794
0.846451 25 0.994798
0.846258 25 0.994803
0.846065 25 0.994846
0.845871 25 0.994853
0.845678 25 0.994854
0.845484 25 0.994941
0.845291 25 0.99495
0.845098 25 0.995051
0.844904 25 0.995073
0.844711 25 0.995161
0.844711 24 0.995166
0.844518 24 0.995182
0.844324 24 0.995192
0.844131 24 0.99523
0.843937 24 0.995268
0.843744 24 0.995279
0.843551 24 0.995285
0.843357 24 0.995295
0.843164 24 0.9953
0.84297 24 0.995314
0.842777 24 0.995351
0.842584 24 0.995357
0.84239 24 0.995368
0.842197 24 0.99538
0.842003 24 0.995389
0.84181 24 0.995397
0.841617 24 0.995405
0.841423 24 0.995412
0.84123 24 0.995422
0.841037 24 0.995448
0.840843 24 0.995483
0.84065 24 0.995501
0.840456 24 0.995515
0.840263 24 0.99552
0.84007 24 0.995532
0.839876 24 0.995561
0.839683 24 0.995584
0.839489 24 0.995654
0.839489 23 0.995687
0.838909 23 0.995753
0.838909 22 0.99576
0.838716 22 0.995771
0.838523 22 0.995784
0.838329 22 0.995792
0.838136 22 0.995798
0.837942 22 0.995821
0.837749 22 0.995827
0.837556 22 0.995831
0.837362 22 0.995836
0.837169 22 0.995848
0.836975 22 0.995852
0.836782 22 0.995856
0.836589 22 0.995866
0.836395 22 0.99587
0.836202 22 0.995878
0.836009 22 0.995895
0.835815 22 0.995906
0.835622 22 0.995912
0.835428 22 0.995948
0.835235 22 0.995978
0.835042 22 0.995999
0.834848 22 0.996001
0.834655 22 0.996014
0.834461 22 0.99603
0.834461 21 0.996031
0.834268 21 0.996044
0.834075 21 0.996054
0.833881 21 0.996067
0.833688 21 0.996081
0.833494 21 0.996086
0.833301 21 0.996099
0.833108 21 0.996102
0.832914 21 0.996129
0.832914 20 0.996154
0.832528 20 0.99616
0.832334 20 0.996164
0.832141 20 0.996179
0.831947 20 0.996234
0.831754 20 0.99624
0.831561 20 0.996246
0.831174 20 0.996251
0.83098 20 0.996258
0.830787 20 0.996265
0.830594 20 0.996304
0.8304 20 0.996322
0.830207 20 0.996376
0.830014 20 0.996381
0.82982 20 0.996392
0.829627 20 0.996405
0.829433 20 0.996432
0.82924 20 0.996441
0.829047 20 0.996448
0.828853 20 0.996456
0.82866 20 0.996478
0.828466 20 0.996489
0.828273 20 0.996493
0.82808 20 0.996517
0.827886 20 0.99652
0.827693 20 0.996522
0.8275 20 0.996527
0.827306 20 0.996546
0.827113 20 0.996578
0.826919 20 0.996599
0.826726 20 0.996614
0.826533 20 0.996636
0.826339 20 0.996653
0.826146 20 0.996675
0.825952 20 0.996677
0.825759 20 0.99671
0.825566 20 0.996715
0.825372 20 0.996716
0.825179 20 0.99672
0.824985 20 0.996745
0.824792 20 0.996751
0.824792 19 0.996765
0.824599 19 0.99677
0.824405 19 0.996788
0.824212 19 0.996803
0.824019 19 0.996809
0.823825 19 0.996826
0.823632 19 0.996828
0.823438 19 0.996831
0.823245 19 0.996854
0.823052 19 0.996859
0.822858 19 0.996876
0.822665 19 0.996881
0.822471 19 0.996897
0.822278 19 0.996904
0.822085 19 0.996907
0.821891 19 0.996912
0.821698 19 0.996913
0.821505 19 0.996959
0.821311 19 0.996961
0.821118 19 0.996965
0.820924 19 0.996971
0.820731 19 0.996993
0.820538 19 0.996999
0.820344 19 0.997003
0.820151 19 0.997004
0.819957 19 0.997011
0.819764 19 0.99703
0.819571 19 0.997079
0.819377 19 0.997083
0.819184 19 0.997088
0.818797 19 0.997092
0.81841 19 0.997107
0.818217 19 0.997131
0.818024 19 0.997142
0.81783 19 0.997144
0.817637 19 0.997159
0.817443 19 0.997169
0.81725 19 0.997173
0.817057 19 0.997183
0.816863 19 0.997185
0.816283 19 0.997194
0.81609 19 0.997205
0.815896 19 0.997206
0.815703 19 0.997223
0.81551 19 0.997243
0.815316 19 0.997252
0.815123 19 0.997255
0.814929 19 0.997257
0.814736 19 0.997269
0.814543 19 0.99731
0.814349 19 0.997319
0.814156 19 0.997332
0.813962 19 0.997343
0.813769 19 0.997354
0.813576 19 0.997356
0.813382 19 0.997362
0.813189 19 0.997364
0.812996 19 0.997365
0.812609 19 0.997372
0.812415 19 0.997375
0.812222 19 0.997384
0.811835 19 0.997394
0.811642 19 0.997395
0.811448 19 0.997396
0.811448 18 0.997411
0.811255 18 0.997414
0.811062 18 0.997416
0.810868 18 0.99744
0.810675 18 0.997472
0.810482 18 0.997473
0.810288 18 0.997476
0.810095 18 0.997478
0.809901 18 0.997479
0.809708 18 0.997481
0.809515 18 0.997489
0.809321 18 0.99751
0.809128 18 0.99754
0.808934 18 0.997558
0.808741 18 0.997573
0.808741 17 0.997577
0.808548 17 0.997584
0.808354 17 0.997599
0.808161 17 0.997603
0.807968 17 0.997604
0.807774 17 0.997613
0.807581 17 0.99762
0.807387 17 0.997624
0.807387 16 0.997625
0.807001 16 0.997636
0.806807 16 0.997641
0.806614 16 0.997644
0.80642 16 0.997657
0.806034 16 0.997677
0.80584 16 0.997685
0.805647 16 0.997686
0.805453 16 0.997693
0.80526 16 0.997702
0.805067 16 0.997704
0.804873 16 0.997716
0.80468 16 0.997724
0.804487 16 0.997725
0.804293 16 0.997729
0.8041 16 0.997733
0.803906 16 0.997757
0.803713 16 0.997762
0.80352 16 0.997765
0.803326 16 0.997805
0.803133 16 0.997807
0.802939 16 0.997814
0.802746 16 0.997821
0.802553 16 0.997835
0.802166 16 0.997869
0.801973 16 0.997872
0.801779 16 0.997876
0.801586 16 0.997878
0.801199 16 0.997879
0.801006 16 0.997888
0.800812 16 0.997895
0.800425 16 0.997898
0.800232 16 0.997899
0.800039 16 0.997912
0.799845 16 0.997913
0.799652 16 0.997919
0.799459 16 0.997921
0.799459 15 0.997925
0.799265 15 0.997931
0.799072 15 0.997933
0.798878 15 0.99797
0.798685 15 0.997976
0.798492 15 0.997983
0.798298 15 0.997984
0.798105 15 0.997985
0.797911 15 0.99799
0.797718 15 0.997991
0.797525 15 0.998007
0.797331 15 0.998016
0.797138 15 0.998033
0.796944 15 0.998038
0.796751 15 0.99804
0.796558 15 0.998042
0.796364 15 0.998043
0.796171 15 0.998049
0.795978 15 0.998051
0.795784 15 0.998052
0.795591 15 0.998056
0.795397 15 0.998064
0.795204 15 0.998069
0.795011 15 0.998076
0.794817 15 0.998101
0.794624 15 0.998109
0.79443 15 0.998111
0.794237 15 0.998113
0.794044 15 0.998115
0.79385 15 0.998128
0.793657 14 0.998131
0.793464 14 0.998142
0.793077 14 0.998145
0.792883 14 0.998161
0.79269 14 0.998166
0.792497 14 0.998173
0.792303 14 0.998186
0.79211 14 0.998204
0.791723 14 0.998209
0.79153 14 0.998212
0.791336 14 0.998216
0.791143 14 0.99822
0.79095 14 0.998226
0.790369 14 0.998229
0.790176 14 0.998234
0.789983 14 0.998238
0.789789 14 0.998246
0.789596 14 0.998258
0.789209 14 0.998266
0.789016 14 0.998267
0.788822 14 0.998274
0.788629 14 0.998282
0.788436 14 0.998286
0.788242 14 0.99829
0.787855 14 0.998293
0.787662 14 0.9983
0.787469 14 0.998309
0.787275 14 0.998311
0.787082 14 0.998316
0.786888 14 0.998333
0.786695 14 0.998336
0.786502 14 0.998346
0.786308 14 0.998347
0.785921 14 0.998351
0.785728 14 0.998352
0.785535 14 0.998357
0.785341 14 0.998358
0.784955 14 0.998362
0.784761 14 0.998363
0.784568 14 0.998365
0.784374 14 0.998371
0.784181 14 0.998372
0.783988 14 0.998373
0.783794 14 0.998375
0.783601 14 0.998388
0.783214 14 0.998407
0.783021 14 0.998413
0.782827 14 0.998415
0.782634 13 0.998419
0.782441 13 0.99842
0.782247 13 0.998421
0.782054 13 0.998426
0.78186 13 0.998435
0.781667 13 0.998439
0.781474 13 0.998444
0.78128 13 0.998449
0.781087 13 0.99845
0.780893 13 0.998451
0.7807 13 0.998454
0.780507 13 0.998459
0.779927 13 0.99846
0.779733 13 0.998463
0.779733 12 0.998468
0.77954 12 0.99849
0.779346 12 0.998493
0.779153 12 0.998497
0.77896 12 0.998501
0.778766 12 0.998503
0.778766 11 0.998509
0.778573 11 0.998512
0.778379 11 0.998514
0.778186 11 0.998517
0.777993 11 0.998523
0.777799 11 0.998527
0.777606 11 0.998529
0.777412 11 0.998537
0.777219 11 0.998546
0.777026 11 0.998547
0.776832 11 0.998548
0.776639 11 0.998571
0.776446 11 0.998573
0.776252 11 0.998575
0.776059 11 0.998577
0.775865 11 0.998588
0.775672 11 0.998589
0.775479 11 0.998592
0.775092 11 0.998599
0.774898 11 0.998601
0.774512 11 0.998603
0.774318 11 0.998607
0.774125 11 0.998612
0.773932 11 0.998617
0.773738 11 0.998621
0.773545 11 0.998622
0.773351 11 0.998627
0.773158 11 0.998629
0.772965 11 0.998635
0.772771 11 0.998651
0.772384 11 0.998658
0.771998 11 0.99866
0.771804 11 0.998669
0.771611 11 0.99867
0.771418 11 0.998671
0.771224 11 0.998672
0.771031 11 0.998674
0.770837 11 0.998684
0.770644 11 0.998685
0.770451 11 0.998686
0.770064 11 0.998687
0.76987 11 0.998691
0.769677 11 0.998699
0.769097 11 0.998702
0.768904 11 0.998703
0.76871 11 0.998708
0.768517 11 0.998712
0.76813 11 0.998721
0.767937 11 0.998723
0.767743 11 0.998724
0.76755 11 0.998725
0.767356 11 0.998728
0.76697 11 0.99873
0.766776 11 0.998738
0.766389 11 0.998741
0.766196 11 0.998744
0.766003 11 0.998746
0.765809 11 0.998748
0.765616 11 0.998755
0.765423 11 0.998765
0.765229 11 0.998766
0.765036 11 0.99877
0.764842 11 0.998771
0.764456 11 0.998773
0.764262 11 0.998775
0.764069 11 0.998778
0.763875 11 0.99878
0.763489 11 0.998788
0.763102 11 0.998789
0.762909 11 0.99879
0.762715 11 0.998798
0.762522 11 0.998799
0.762328 11 0.9988
0.762135 11 0.998804
0.761942 11 0.998805
0.761748 11 0.998807
0.761555 11 0.998808
0.761361 11 0.99882
0.761168 11 0.998822
0.760781 11 0.998827
0.760588 11 0.998832
0.760395 11 0.998838
0.760201 11 0.998839
0.760008 11 0.998844
0.759814 11 0.998845
0.759621 11 0.998853
0.759234 11 0.998857
0.759041 11 0.998862
0.758847 11 0.998871
0.758654 11 0.998874
0.758461 11 0.998879
0.758267 11 0.998881
0.758074 11 0.998886
0.75788 11 0.998889
0.757687 11 0.998894
0.757494 11 0.998897
0.7573 11 0.998898
0.757107 11 0.998899
0.75672 11 0.9989
0.756527 11 0.998904
0.756333 11 0.998907
0.75614 11 0.99891
0.755947 11 0.998912
0.755753 11 0.998917
0.755366 11 0.998919
0.755173 11 0.99892
0.75498 11 0.998921
0.754786 11 0.998925
0.754593 11 0.998927
0.7544 11 0.998928
0.754206 11 0.998929
0.754013 11 0.998933
0.753819 11 0.998934
0.753433 11 0.998935
0.753239 11 0.998936
0.752852 11 0.998938
0.752659 11 0.998941
0.752466 11 0.998943
0.752272 11 0.998946
0.752079 11 0.998947
0.751886 11 0.998951
0.751692 11 0.998954
0.751499 11 0.998965
0.751305 11 0.998966
0.751112 11 0.998967
0.750919 11 0.99897
0.750532 11 0.998972
0.750338 11 0.998976
0.750145 11 0.998978
0.749758 11 0.998979
0.749371 11 0.998981
0.749178 11 0.998985
0.748985 11 0.998989
0.748791 11 0.998991
0.748598 11 0.998992
0.748405 11 0.998993
0.748018 11 0.998996
0.747824 11 0.998998
0.747631 11 0.999002
0.747244 11 0.999003
0.747051 11 0.999004
0.746857 11 0.99901
0.746664 11 0.999013
0.746471 11 0.999016
0.746277 11 0.999019
0.745891 11 0.999023
0.745697 11 0.999026
0.745504 11 0.999031
0.74531 11 0.999036
0.745117 11 0.999037
0.744924 11 0.999038
0.74473 11 0.99904
0.744537 11 0.999042
0.744343 11 0.999043
0.743957 11 0.999044
0.743763 11 0.999048
0.74357 11 0.999054
0.743377 11 0.999057
0.743183 11 0.99906
0.742796 11 0.999065
0.742216 11 0.999066
0.741829 11 0.999067
0.741443 11 0.999069
0.741249 11 0.99907
0.741056 11 0.999073
0.740863 11 0.999078
0.740669 11 0.999082
0.740476 11 0.999083
0.740282 11 0.999087
0.740089 11 0.999088
0.739896 11 0.999089
0.739509 11 0.999092
0.739315 11 0.999094
0.739122 11 0.999095
0.738929 11 0.999096
0.738735 11 0.999102
0.738348 11 0.999107
0.738155 11 0.999111
0.737962 11 0.999113
0.737768 11 0.999114
0.737575 11 0.999115
0.737382 11 0.999116
0.737188 11 0.999117
0.736995 11 0.999121
0.736801 11 0.999122
0.736608 11 0.999129
0.736415 11 0.999135
0.736221 11 0.999136
0.736028 11 0.999138
0.735834 11 0.999139
0.735641 11 0.999143
0.735448 11 0.999144
0.735254 11 0.999145
0.735061 11 0.999146
0.734868 11 0.999148
0.734674 11 0.999155
0.734481 11 0.999156
0.734094 11 0.999157
0.733707 11 0.999162
0.733514 11 0.999165
0.73332 11 0.999169
0.733127 11 0.99917
0.732934 11 0.999176
0.73274 11 0.999177
0.732547 11 0.99918
0.732354 11 0.999183
0.73216 11 0.999187
0.73216 10 0.99919
0.731967 10 0.999194
0.731773 10 0.999196
0.73158 10 0.9992
0.731387 10 0.999204
0.731193 10 0.999206
0.731 10 0.999208
0.730806 10 0.999209
0.730613 10 0.99921
0.73042 10 0.999211
0.730226 10 0.999212
0.730033 10 0.999218
0.729839 10 0.999219
0.729646 10 0.99922
0.729453 10 0.999221
0.729259 10 0.999222
0.728873 10 0.999224
0.728679 10 0.999225
0.728292 10 0.999226
0.728099 10 0.999227
0.727519 10 0.999228
0.727132 10 0.999229
0.726939 10 0.999231
0.726745 10 0.999232
0.726552 10 0.999233
0.725972 10 0.999234
0.725778 10 0.999235
0.725585 9 0.999237
0.725392 9 0.99924
0.725198 9 0.999241
0.725005 9 0.999242
0.724425 9 0.999244
0.724038 9 0.999246
0.723651 9 0.99925
0.723264 9 0.999254
0.723071 9 0.999257
0.722878 9 0.999261
0.722684 9 0.999263
0.722491 9 0.999264
0.722297 9 0.999265
0.722104 9 0.999266
0.721911 9 0.999267
0.721717 9 0.999268
0.72133 9 0.999269
0.720944 9 0.99927
0.72075 9 0.999272
0.720557 9 0.999273
0.720364 9 0.999275
0.72017 9 0.999278
0.719783 9 0.999279
0.71959 9 0.999281
0.719397 9 0.999282
0.719203 9 0.999283
0.71901 9 0.999284
0.718816 9 0.999285
0.718623 9 0.999286
0.718043 9 0.999291
0.717656 9 0.999292
0.717463 9 0.999293
0.717269 9 0.999295
0.717076 9 0.999296
0.716883 9 0.999299
0.716302 9 0.999301
0.716109 9 0.999302
0.715916 9 0.999303
0.715722 9 0.999305
0.715529 9 0.999307
0.715336 9 0.999308
0.714949 9 0.999309
0.714755 9 0.999312
0.714562 9 0.999313
0.714175 9 0.999315
0.713595 9 0.999316
0.713402 9 0.999317
0.713015 9 0.999321
0.712241 9 0.999325
0.711855 9 0.999326
0.711661 9 0.999327
0.711468 9 0.999335
0.711081 9 0.999336
0.710888 9 0.999337
0.710501 9 0.99934
0.709727 9 0.999341
0.709534 9 0.999342
0.709341 9 0.999343
0.709147 9 0.999344
0.708954 9 0.999347
0.70876 9 0.999349
0.708567 9 0.999351
0.70818 9 0.999352
0.707987 9 0.999353
0.707793 9 0.999354
0.7076 8 0.999355
0.707213 8 0.999356
0.70702 8 0.99936
0.706633 8 0.999361
0.706246 8 0.999366
0.706053 8 0.999369
0.705666 8 0.99937
0.705473 8 0.999372
0.705086 8 0.999376
0.704699 8 0.999377
0.704506 8 0.999382
0.704313 8 0.999384
0.704119 8 0.999386
0.703926 8 0.999387
0.703732 8 0.999391
0.703539 8 0.999392
0.703346 8 0.999393
0.703152 8 0.999394
0.702959 8 0.999395
0.702572 8 0.999396
0.702572 7 0.999402
0.702379 7 0.999403
0.701798 7 0.999404
0.701605 7 0.999406
0.701218 7 0.999407
0.700832 7 0.999408
0.700058 7 0.999409
0.699865 7 0.99941
0.699671 7 0.999411
0.699478 7 0.999414
0.699284 7 0.999415
0.699091 7 0.999416
0.698511 7 0.999417
0.698318 7 0.999419
0.698124 7 0.99942
0.697931 7 0.999423
0.697351 7 0.999426
0.697157 7 0.999428
0.696964 7 0.999429
0.696577 7 0.99943
0.69619 7 0.999434
0.695997 7 0.99944
0.695804 6 0.999441
0.69561 6 0.999442
0.695417 6 0.999443
0.695223 6 0.999444
0.69503 6 0.999446
0.694837 6 0.999447
0.694643 6 0.99945
0.69445 6 0.999451
0.694256 6 0.999452
0.693483 6 0.999453
0.693289 6 0.999454
0.693096 6 0.999456
0.692709 6 0.999459
0.692516 6 0.99946
0.692129 6 0.999461
0.691936 6 0.999462
0.691742 6 0.999463
0.691549 6 0.999464
0.691162 6 0.999465
0.690775 6 0.999467
0.690582 6 0.999469
0.690195 6 0.999471
0.689809 6 0.999472
0.689615 6 0.999473
0.689422 6 0.999474
0.689228 6 0.999475
0.689035 6 0.999476
0.688842 6 0.999477
0.688648 6 0.999478
0.688261 6 0.99948
0.688068 6 0.999482
0.687681 6 0.999483
0.687488 6 0.999484
0.687295 6 0.999485
0.686714 6 0.999486
0.686521 6 0.999487
0.686328 6 0.999491
0.686134 6 0.999493
0.685941 6 0.999494
0.685747 6 0.999495
0.685167 6 0.999496
0.684587 6 0.999497
0.6842 6 0.999499
0.683814 6 0.9995
0.683233 6 0.999503
0.68246 6 0.999505
0.682266 6 0.999507
0.68188 5 0.999509
0.681686 5 0.99951
0.6813 5 0.999511
0.680913 5 0.999512
0.680526 5 0.999514
0.680333 5 0.999517
0.680139 5 0.999518
0.679559 5 0.999519
0.679366 5 0.99952
0.679172 5 0.999521
0.678979 5 0.999522
0.678786 5 0.999523
0.678012 5 0.999524
0.677625 5 0.999525
0.677238 5 0.999526
0.677045 5 0.999527
0.676852 5 0.999529
0.676465 5 0.99953
0.676272 5 0.999531
0.676078 5 0.999533
0.675885 5 0.999535
0.675691 5 0.999536
0.675498 5 0.999537
0.675111 5 0.999538
0.674531 5 0.999539
0.674338 5 0.99954
0.674144 5 0.999541
0.673951 5 0.999543
0.673757 5 0.999544
0.673564 5 0.999545
0.673371 5 0.999546
0.672791 5 0.999547
0.672597 5 0.999548
0.672404 5 0.999549
0.67221 5 0.999552
0.672017 5 0.999553
0.671437 5 0.999556
0.670857 5 0.999557
0.670663 5 0.99956
0.670083 5 0.999561
0.66989 5 0.999562
0.669696 5 0.999566
0.66931 5 0.999567
0.669116 5 0.999568
0.668536 5 0.99957
0.668343 5 0.999572
0.667763 5 0.999573
0.667569 5 0.999574
0.667376 5 0.999575
0.667182 5 0.999576
0.666989 5 0.999577
0.666409 5 0.999578
0.666215 5 0.999579
0.665635 5 0.999581
0.665442 5 0.999583
0.664862 5 0.999584
0.664668 5 0.999585
0.664282 5 0.999586
0.664088 5 0.999588
0.663701 5 0.999589
0.663315 5 0.999591
0.663121 5 0.999593
0.662348 5 0.999595
0.662154 5 0.999597
0.661768 5 0.999598
0.661574 5 0.9996
0.660994 5 0.999602
0.660607 5 0.999604
0.659834 5 0.999605
0.659254 5 0.999606
0.65906 5 0.999607
0.658673 5 0.999608
0.6579 5 0.999609
0.657706 5 0.999612
0.65732 5 0.999613
0.656933 5 0.999615
0.65674 5 0.999616
0.656546 5 0.999618
0.656353 5 0.999621
0.656159 5 0.999622
0.655966 5 0.999623
0.655386 5 0.999624
0.655192 5 0.999627
0.654806 5 0.999628
0.654612 5 0.999629
0.654419 5 0.99963
0.653839 5 0.999631
0.653645 5 0.999632
0.653065 5 0.999633
0.652872 5 0.999635
0.652485 5 0.999636
0.652292 5 0.999637
0.651711 5 0.999639
0.650938 5 0.999641
0.650745 5 0.999642
0.650551 5 0.999643
0.650164 5 0.999644
0.649971 5 0.999645
0.649778 5 0.999646
0.649584 5 0.999648
0.649391 5 0.999649
0.649197 5 0.99965
0.648424 5 0.999651
0.648037 5 0.999652
0.647264 5 0.999653
0.646683 5 0.999654
0.646103 5 0.999655
0.64591 5 0.999656
0.645716 5 0.999657
0.64533 5 0.999658
0.644556 5 0.999659
0.644363 5 0.99966
0.644169 5 0.999661
0.643976 5 0.999662
0.643589 5 0.999663
0.643202 5 0.999664
0.642816 5 0.999665
0.642236 5 0.999666
0.641075 5 0.999667
0.640688 5 0.999668
0.640495 5 0.99967
0.640302 5 0.999671
0.640108 5 0.999672
0.639722 5 0.999673
0.639528 5 0.999674
0.639141 5 0.999675
0.638561 5 0.999676
0.637788 5 0.999679
0.637401 5 0.99968
0.637014 5 0.999681
0.636821 5 0.999682
0.636627 5 0.999684
0.636434 5 0.999685
0.635854 5 0.999686
0.634693 5 0.999687
0.6345 5 0.999689
0.634113 5 0.99969
0.633533 5 0.999691
0.633146 5 0.999692
0.632373 5 0.999693
0.632179 5 0.999694
0.631793 5 0.999695
0.630246 5 0.999696
0.629472 5 0.999697
0.628892 5 0.999698
0.628118 5 0.999699
0.627538 5 0.9997
0.626958 5 0.999701
0.626765 5 0.999703
0.626571 5 0.999704
0.626184 5 0.999705
0.625798 5 0.999706
0.625411 5 0.999709
0.624444 5 0.99971
0.623864 5 0.999711
0.62309 5 0.999712
0.622704 5 0.999713
0.622317 5 0.999714
0.622123 5 0.999715
0.621737 5 0.999716
0.621156 5 0.999718
0.620383 5 0.99972
0.619996 5 0.999721
0.619223 5 0.999722
0.619029 5 0.999723
0.618642 5 0.999724
0.618062 5 0.999725
0.617482 5 0.999726
0.617289 5 0.999727
0.616515 5 0.999728
0.616322 5 0.999729
0.615742 5 0.99973
0.615355 5 0.999731
0.615161 5 0.999732
0.614581 5 0.999733
0.614388 5 0.999734
0.614001 5 0.999735
0.613421 5 0.999736
0.612841 5 0.999738
0.612261 5 0.999739
0.611487 5 0.99974
0.611294 5 0.999741
0.6111 5 0.999742
0.610714 5 0.999743
0.61052 5 0.999744
0.610327 5 0.999745
0.60994 5 0.999746
0.609553 5 0.999747
0.608006 5 0.999748
0.607813 4 0.999749
0.607233 4 0.99975
0.606846 4 0.999751
0.606652 4 0.999752
0.606072 4 0.999753
0.605492 4 0.999754
0.605299 4 0.999755
0.604912 4 0.999756
0.604525 4 0.999757
0.603945 4 0.999758
0.603172 4 0.999759
0.602205 4 0.99976
0.601818 4 0.999761
0.601238 4 0.999762
0.600464 4 0.999763
0.599691 4 0.999764
0.59853 4 0.999767
0.59737 4 0.999769
0.597177 4 0.99977
0.59679 4 0.999771
0.596403 4 0.999772
0.59621 4 0.999773
0.595823 4 0.999774
0.595436 4 0.999775
0.594276 4 0.999776
0.594082 4 0.999777
0.593696 4 0.999778
0.593309 4 0.999779
0.592149 4 0.99978
0.591762 4 0.999781
0.591182 4 0.999782
0.590988 4 0.999783
0.590215 4 0.999784
0.589828 4 0.999785
0.589054 4 0.999786
0.587894 4 0.999787
0.587507 4 0.999788
0.586734 4 0.999789
0.58654 4 0.99979
0.58596 4 0.999792
0.585187 4 0.999793
0.58422 4 0.999794
0.584026 4 0.999795
0.582866 4 0.999796
0.581899 4 0.999797
0.581319 4 0.999799
0.580545 4 0.9998
0.579965 4 0.999801
0.579578 4 0.999803
0.578805 4 0.999805
0.578031 4 0.999806
0.576678 4 0.999807
0.575517 4 0.999808
0.574357 4 0.999809
0.57397 4 0.99981
0.573197 4 0.999811
0.572617 4 0.999812
0.572423 4 0.999813
0.572036 4 0.999814
0.570683 4 0.999815
0.570296 4 0.999816
0.569329 4 0.999817
0.568749 4 0.999818
0.567588 4 0.999819
0.567202 4 0.99982
0.567008 4 0.999821
0.566622 4 0.999822
0.564881 4 0.999823
0.564108 4 0.999824
0.563527 4 0.999825
0.562947 4 0.999826
0.562174 4 0.999827
0.561594 4 0.999828
0.56082 4 0.999829
0.560433 4 0.99983
0.559273 4 0.999831
0.558499 4 0.999832
0.557532 4 0.999833
0.556759 4 0.999834
0.555792 4 0.999835
0.554825 4 0.999836
0.553858 4 0.999837
0.553278 4 0.999838
0.552891 4 0.999839
0.551731 4 0.99984
0.551151 4 0.999841
0.550957 4 0.999842
0.55057 4 0.999843
0.549797 4 0.999844
0.549217 4 0.999845
0.54825 4 0.999846
0.547283 4 0.999847
0.546316 4 0.999848
0.546123 4 0.999849
0.544769 4 0.99985
0.543609 3 0.999851
0.542642 3 0.999852
0.541481 3 0.999853
0.540128 3 0.999854
0.539161 3 0.999855
0.538387 3 0.999856
0.53684 3 0.999857
0.53568 3 0.999858
0.534326 3 0.999859
0.533746 3 0.99986
0.532586 3 0.999861
0.531619 3 0.999862
0.530458 3 0.999863
0.529685 3 0.999864
0.529105 3 0.999865
0.528331 3 0.999866
0.527751 2 0.999867
0.52601 2 0.999868
0.525624 2 0.999869
0.524463 2 0.99987
0.52369 2 0.999871
0.521369 2 0.999872
0.519822 2 0.999873
0.519242 2 0.999874
0.518468 2 0.999875
0.517308 2 0.999876
0.516921 2 0.999877
0.516341 2 0.999878
0.515568 2 0.999879
0.514407 2 0.99988
0.513054 2 0.999881
0.5117 2 0.999882
0.51054 2 0.999883
0.509186 2 0.999884
0.508219 2 0.999885
0.507639 2 0.999886
0.507445 2 0.999887
0.506285 2 0.999888
0.505898 2 0.999889
0.504931 2 0.99989
0.503578 2 0.999891
0.502997 2 0.999892
0.501257 2 0.999893
0.50029 1 0.999894
0.49855 1 0.999895
0.497776 1 0.999896
0.496036 1 0.999897
0.494488 1 0.999898
0.493908 1 0.999899
0.492555 1 0.9999
0.490427 1 0.999901
0.489074 1 0.999902
0.487913 1 0.999903
0.487333 1 0.999904
0.485786 1 0.999905
0.484626 1 0.999906
0.483659 1 0.999907
0.482692 1 0.999908
0.481145 1 0.999909
0.480371 1 0.99991
0.478437 1 0.999911
0.477277 1 0.999912
0.47631 1 0.999913
0.475343 1 0.999914
0.474183 1 0.999915
0.473023 1 0.999916
0.472442 1 0.999917
0.471089 1 0.999918
0.468768 1 0.999919
0.467221 1 0.99992
0.465867 1 0.999921
0.4649 1 0.999922
0.463353 1 0.999923
0.46258 1 0.999924
0.461613 1 0.999925
0.459292 1 0.999926
0.456585 1 0.999927
0.454264 1 0.999928
0.453491 1 0.999929
0.450977 1 0.99993
0.448463 1 0.999931
0.446142 1 0.999932
0.444208 1 0.999933
0.443048 1 0.999934
0.440147 1 0.999935
0.438213 1 0.999936
0.435506 1 0.999937
0.433378 1 0.999938
0.431251 1 0.999939
0.428544 1 0.99994
0.426417 1 0.999941
0.423903 1 0.999942
0.421195 1 0.999943
0.419648 1 0.999944
0.418101 1 0.999945
0.4152 1 0.999946
0.41346 1 0.999947
0.409785 1 0.999948
0.407658 1 0.999949
0.405337 1 0.99995
0.403597 1 0.999951
0.400696 1 0.999952
0.398376 1 0.999953
0.395862 1 0.999954
0.392961 1 0.999955
0.390447 1 0.999956
0.386386 1 0.999957
0.384065 1 0.999958
0.382131 1 0.999959
0.37865 1 0.99996
0.374976 1 0.999961
0.370721 1 0.999962
0.368014 1 0.999963
0.365113 1 0.999964
0.363953 1 0.999965
0.360859 1 0.999966
0.357184 1 0.999967
0.353703 1 0.999968
0.35235 1 0.999969
0.348289 1 0.99997
0.343841 1 0.999971
0.338232 1 0.999972
0.334365 1 0.999973
0.331077 1 0.999974
0.327596 1 0.999975
0.322955 1 0.999976
0.317734 1 0.999977
0.310191 1 0.999978
0.304583 1 0.999979
0.297041 1 0.99998
0.29124 1 0.999981
0.287565 1 0.999982
0.281957 1 0.999983
0.275189 1 0.999984
0.270934 1 0.999985
0.263199 1 0.999986
0.253916 1 0.999987
0.246181 0 0.999988
0.240186 0 0.999989
0.231096 0 0.99999
0.223168 0 0.999991
0.213692 0 0.999992
0.202669 0 0.999993
0.187778 0 0.999994
0.174628 0 0.999995
0.156643 0 0.999996
0.140979 0 0.999997
0.116805 0 0.999998
0.0905047 0 0.999999
0.0512473 0 1
0 0 1.79769e+308
