0.746739 551
0.746739 550
0.746739 549
0.746739 548
0.746719 547
0.746719 546
0.746719 545
0.746719 544
0.746719 543
0.746719 542
0.746719 541
0.746719 540
0.746719 539
0.746719 538
0.746719 537
0.746719 536
0.746719 535
0.746719 534
0.746719 533
0.746613 533
0.746613 532
0.746613 531
0.746613 530
0.746613 529
0.746533 528
0.746533 527
0.746533 526
0.746533 525
0.746533 524
0.746533 523
0.746533 522
0.746533 521
0.74641 521
0.746259 521
0.746174 520
0.746174 519
0.746174 518
0.746174 517
0.746174 516
0.746174 515
0.746174 514
0.746174 513
0.746174 512
0.746174 511
0.746174 510
0.746174 509
0.746174 508
0.746174 507
0.746174 506
0.746174 505
0.746174 504
0.746174 503
0.746174 502
0.746174 501
0.746174 500
0.746174 499
0.746174 498
0.746174 497
0.746174 496
0.746174 495
0.746174 494
0.746174 493
0.746174 492
0.746174 491
0.746174 490
0.746174 489
0.746174 488
0.746174 487
0.746158 486
0.746076 485
0.746076 484
0.745954 484
0.745805 484
0.745805 483
0.745724 482
0.745724 481
0.745724 480
0.745724 479
0.745724 478
0.745724 477
0.745724 476
0.745724 475
0.745724 474
0.745724 473
0.745589 473
0.745589 472
0.745589 471
0.745589 470
0.745589 469
0.745589 468
0.745589 467
0.745589 466
0.745589 465
0.745589 464
0.745589 463
0.745589 462
0.745587 461
0.745587 460
0.745587 459
0.745587 458
0.745587 457
0.745458 457
0.745458 456
0.745458 455
0.745458 454
0.745314 454
0.745151 454
0.745 454
0.745 453
0.744926 452
0.744926 451
0.744926 450
0.744926 449
0.744926 448
0.744926 447
0.744804 447
0.744704 447
0.744704 446
0.744704 445
0.744704 444
0.744704 443
0.744704 442
0.744704 441
0.744581 441
0.744581 440
0.744581 439
0.744581 438
0.744581 437
0.744581 436
0.744581 435
0.744581 434
0.744581 433
0.744581 432
0.744581 431
0.744581 430
0.744581 429
0.744581 428
0.744581 427
0.744581 426
0.744581 425
0.744432 425
0.744358 424
0.744358 423
0.744358 422
0.744358 421
0.744358 420
0.744358 419
0.744187 419
0.744187 418
0.744187 417
0.744187 416
0.744187 415
0.744187 414
0.744187 413
0.744187 412
0.744187 411
0.744187 410
0.744187 409
0.744187 408
0.744187 407
0.744054 407
0.743907 407
0.743907 406
0.743907 405
0.743744 405
0.743744 404
0.743744 403
0.743584 403
0.743584 402
0.743584 401
0.743584 400
0.743584 399
0.743584 398
0.743523 397
0.743523 396
0.743523 395
0.743523 394
0.743523 393
0.743523 392
0.743523 391
0.743523 390
0.743523 389
0.74337 389
0.74337 388
0.743241 388
0.743241 387
0.743241 386
0.743241 385
0.743093 385
0.743093 384
0.743093 383
0.743056 382
0.743056 381
0.743056 380
0.742967 379
0.742967 378
0.742967 377
0.742967 376
0.742888 375
0.742888 374
0.742888 373
0.742888 372
0.742888 371
0.742784 371
0.742784 370
0.742784 369
0.742784 368
0.742784 367
0.742784 366
0.742784 365
0.742784 364
0.742784 363
0.742784 362
0.742784 361
0.742784 360
0.742784 359
0.742784 358
0.742784 357
0.742784 356
0.742784 355
0.742784 354
0.742784 353
0.742642 353
0.742642 352
0.742642 351
0.742642 350
0.7425 350
0.7425 349
0.742371 349
0.742371 348
0.742235 348
0.74195 348
0.74181 348
0.74181 347
0.74181 346
0.74181 345
0.741666 345
0.741666 344
0.741666 343
0.741666 342
0.741666 341
0.741666 340
0.741666 339
0.741666 338
0.741666 337
0.741666 336
0.741666 335
0.741666 334
0.741666 333
0.741666 332
0.741666 331
0.741666 330
0.741666 329
0.741666 328
0.741506 328
0.741506 327
0.741348 327
0.741348 326
0.741348 325
0.741348 324
0.741348 323
0.741348 322
0.741348 321
0.741348 320
0.741348 319
0.741348 318
0.741252 317
0.741252 316
0.741252 315
0.741252 314
0.741252 313
0.741252 312
0.741252 311
0.741252 310
0.741252 309
0.741252 308
0.741252 307
0.741252 306
0.741252 305
0.741252 304
0.741252 303
0.741252 302
0.741252 301
0.741252 300
0.741252 299
0.741252 298
0.741252 297
0.741252 296
0.741252 295
0.741252 294
0.741252 293
0.741125 293
0.741125 292
0.741125 291
0.741017 291
0.741017 290
0.741017 289
0.741017 288
0.741017 287
0.741017 286
0.741017 285
0.741017 284
0.741017 283
0.741017 282
0.741017 281
0.741017 280
0.741017 279
0.740889 279
0.740731 279
0.740576 279
0.740576 278
0.740428 278
0.740306 278
0.740306 277
0.740306 276
0.740161 276
0.740161 275
0.740161 274
0.740161 273
0.740161 272
0.740011 272
0.740011 271
0.740011 270
0.740011 269
0.739933 268
0.739819 268
0.739819 267
0.73966 267
0.73966 266
0.73966 265
0.739474 265
0.739474 264
0.739474 263
0.739474 262
0.739388 261
0.739388 260
0.739388 259
0.739313 258
0.739148 258
0.73904 258
0.73904 257
0.73904 256
0.73904 255
0.73904 254
0.73904 253
0.73904 252
0.73904 251
0.73904 250
0.738925 250
0.738803 250
0.738803 249
0.738667 249
0.738667 248
0.738579 247
0.738461 247
0.738461 246
0.738318 246
0.738181 246
0.738094 245
0.738094 244
0.738094 243
0.738094 242
0.737987 242
0.737904 241
0.737792 241
0.737637 241
0.737484 241
0.737484 240
0.737387 240
0.737387 239
0.737387 238
0.737282 238
0.737119 238
0.737119 237
0.736996 237
0.736996 236
0.736848 236
0.736848 235
0.736737 235
0.736737 234
0.736737 233
0.736737 232
0.736607 232
0.736607 231
0.73648 231
0.736346 231
0.73625 230
0.73625 229
0.73625 228
0.736088 228
0.736006 227
0.736006 226
0.736006 225
0.736006 224
0.735838 224
0.735716 224
0.735551 224
0.735397 224
0.735397 223
0.735397 222
0.735397 221
0.735397 220
0.735397 219
0.735397 218
0.735397 217
0.735397 216
0.735333 215
0.735333 214
0.735222 214
0.735076 214
0.735076 213
0.735076 212
0.735076 211
0.734937 211
0.734806 211
0.734684 211
0.734684 210
0.734684 209
0.734606 208
0.734606 207
0.734579 206
0.734579 205
0.734579 204
0.734579 203
0.734579 202
0.734441 202
0.734441 201
0.734441 200
0.734441 199
0.7343 199
0.7343 198
0.7343 197
0.7343 196
0.734194 196
0.734194 195
0.734138 194
0.734013 194
0.73388 194
0.73388 193
0.73388 192
0.733764 192
0.733764 191
0.733764 190
0.733616 190
0.733582 189
0.733582 188
0.733456 188
0.733348 188
0.733348 187
0.733348 186
0.733348 185
0.733191 185
0.733026 185
0.733026 184
0.733026 183
0.732888 183
0.732888 182
0.732888 181
0.732888 180
0.732767 180
0.732767 179
0.732767 178
0.732767 177
0.732664 177
0.732523 177
0.732391 177
0.73226 177
0.73226 176
0.73226 175
0.732177 174
0.732177 173
0.732024 172
0.732024 171
0.732024 170
0.731893 170
0.731893 169
0.731893 168
0.731893 167
0.731739 167
0.731739 166
0.731618 166
0.731618 165
0.731618 164
0.731506 164
0.731506 163
0.731362 163
0.73119 163
0.731038 163
0.731038 162
0.731038 161
0.730922 161
0.730797 161
0.730797 160
0.730797 159
0.730698 159
0.730697 158
0.730697 157
0.730697 156
0.730543 156
0.730543 155
0.730543 154
0.730386 154
0.730268 154
0.730268 153
0.730268 152
0.730122 152
0.729992 152
0.729992 151
0.729879 151
0.729734 151
0.729568 151
0.729568 150
0.729568 149
0.729568 148
0.729568 147
0.729494 146
0.729494 145
0.729494 144
0.729494 143
0.72938 143
0.729275 143
0.729199 142
0.729092 142
0.729009 141
0.728856 141
0.728701 141
0.728562 141
0.728562 140
0.728562 139
0.728462 139
0.728328 139
0.728193 139
0.728193 138
0.728193 137
0.728065 137
0.727947 137
0.727795 137
0.72766 137
0.727565 136
0.727565 135
0.727442 135
0.727442 134
0.727315 134
0.727187 134
0.727054 134
0.727054 133
0.727054 132
0.726912 132
0.726798 132
0.726704 131
0.726704 130
0.726626 129
0.726495 129
0.726383 129
0.726222 129
0.726222 128
0.726104 128
0.726104 127
0.725981 127
0.725966 126
0.725966 125
0.725966 124
0.725966 123
0.725966 122
0.725966 121
0.725966 120
0.725966 119
0.725851 119
0.72573 119
0.725592 119
0.725592 118
0.725505 117
0.725505 116
0.725379 116
0.725275 116
0.725158 116
0.725021 116
0.724994 115
0.724851 115
0.724851 114
0.724741 114
0.724609 114
0.7246 113
0.724476 113
0.724325 113
0.724183 113
0.724183 112
0.724127 111
0.723984 111
0.723865 111
0.723865 110
0.723732 110
0.723612 110
0.723478 110
0.723342 110
0.723202 110
0.723082 110
0.722952 110
0.722805 110
0.7227 110
0.7227 109
0.7227 108
0.722534 108
0.722368 108
0.722258 108
0.722258 107
0.722258 106
0.722258 105
0.722258 104
0.722258 103
0.722122 103
0.721947 103
0.721797 103
0.72164 103
0.721492 103
0.721492 102
0.721492 101
0.721492 100
0.721369 100
0.721369 99
0.721219 99
0.721099 99
0.72096 99
0.720808 99
0.720648 99
0.720534 99
0.720407 99
0.720298 99
0.72016 99
0.720024 99
0.720024 98
0.719927 97
0.719774 97
0.719646 97
0.719646 96
0.719646 95
0.719522 95
0.719378 95
0.719378 94
0.719248 94
0.719118 94
0.718969 94
0.718854 94
0.718702 94
0.718581 94
0.718444 94
0.718326 94
0.718326 93
0.718189 93
0.718189 92
0.718068 92
0.718068 91
0.717896 91
0.717747 91
0.71762 91
0.71751 91
0.717392 91
0.717392 90
0.717284 90
0.717159 90
0.717019 90
0.716884 90
0.716774 90
0.716642 90
0.716642 89
0.716642 88
0.716533 88
0.716388 88
0.716262 88
0.71614 88
0.715999 88
0.715881 88
0.715715 88
0.715633 87
0.715524 87
0.715524 86
0.715391 86
0.715255 86
0.715127 86
0.715127 85
0.714993 85
0.714889 85
0.714743 85
0.714743 84
0.714571 84
0.714571 83
0.714401 83
0.714298 83
0.714171 83
0.714056 83
0.713914 83
0.713738 83
0.713622 83
0.713514 83
0.713369 83
0.713263 83
0.713142 83
0.713071 82
0.712936 82
0.712936 81
0.712778 81
0.71265 81
0.712509 81
0.712509 80
0.712407 80
0.712407 79
0.712407 78
0.712282 78
0.712172 78
0.712033 78
0.711909 78
0.711811 78
0.711696 78
0.711571 78
0.711438 78
0.711322 78
0.711195 78
0.711084 78
0.710976 78
0.710976 77
0.710826 77
0.710689 77
0.710556 77
0.710409 77
0.710292 77
0.710158 77
0.71004 77
0.709892 77
0.709742 77
0.709602 77
0.709602 76
0.709474 76
0.709312 76
0.709312 75
0.709196 75
0.70908 75
0.708956 75
0.708835 75
0.708706 75
0.708706 74
0.70859 74
0.70844 74
0.708305 74
0.708159 74
0.70804 74
0.707958 73
0.707813 73
0.70767 73
0.70755 73
0.707439 73
0.707439 72
0.707296 72
0.707128 72
0.707023 72
0.706907 72
0.706907 71
0.70678 71
0.706654 71
0.706654 70
0.706488 70
0.706388 70
0.706256 70
0.706113 70
0.705955 70
0.705794 70
0.705671 70
0.705522 70
0.705388 70
0.705254 70
0.705085 70
0.704945 70
0.704945 69
0.704945 68
0.704937 67
0.704807 67
0.704708 67
0.704604 67
0.704604 66
0.704453 66
0.704453 65
0.704299 65
0.704171 65
0.704034 65
0.703898 65
0.703662 66
0.703545 66
0.703406 66
0.703406 65
0.703246 65
0.703246 64
0.703084 64
0.702961 64
0.702791 62
0.702791 61
0.702661 61
0.702512 61
0.702354 61
0.702354 60
0.702194 60
0.702063 60
0.701933 60
0.70177 60
0.701628 60
0.701628 59
0.701508 59
0.701396 59
0.701289 59
0.701136 59
0.701004 59
0.700842 59
0.700741 59
0.700581 59
0.700443 59
0.700443 58
0.700305 58
0.700159 58
0.700052 58
0.699887 58
0.69977 58
0.699621 58
0.699449 58
0.699304 58
0.699155 58
0.699024 58
0.698907 58
0.698767 58
0.698648 58
0.698512 58
0.698392 58
0.698253 58
0.69809 58
0.697934 58
0.6978 58
0.697674 58
0.69753 58
0.69739 58
0.69739 57
0.69739 56
0.697305 55
0.697305 54
0.697171 54
0.697042 54
0.69691 54
0.69691 53
0.696793 53
0.69667 53
0.696569 52
0.696446 52
0.696301 52
0.696301 51
0.696181 51
0.696041 51
0.695897 51
0.695761 51
0.695617 51
0.695439 51
0.695273 51
0.695154 51
0.695154 50
0.695038 50
0.694921 50
0.694797 50
0.694665 50
0.694539 50
0.694406 50
0.694261 50
0.694261 49
0.694154 49
0.694055 49
0.69392 49
0.693779 49
0.693641 49
0.693509 49
0.693375 49
0.693247 49
0.693127 49
0.692968 49
0.692818 49
0.692684 49
0.692538 49
0.692538 48
0.692392 48
0.692286 48
0.69214 48
0.692026 48
0.692144 46
0.69201 46
0.691881 46
0.691718 46
0.691565 46
0.691432 46
0.691274 46
0.691274 45
0.69113 45
0.690981 45
0.690849 45
0.69072 45
0.690572 45
0.69042 45
0.69029 45
0.69016 45
0.690037 45
0.689893 45
0.689751 45
0.689613 45
0.689613 44
0.689613 43
0.689473 43
0.689332 43
0.689195 43
0.689043 43
0.688913 43
0.688805 43
0.688658 43
0.688501 43
0.688341 43
0.688206 43
0.688059 43
0.687925 43
0.687786 43
0.687662 43
0.687526 43
0.687383 43
0.687233 43
0.687058 43
0.686962 42
0.686802 42
0.686645 42
0.686645 41
0.686493 40
0.686342 40
0.686342 39
0.686194 39
0.686194 38
0.686028 38
0.685893 38
0.685736 38
0.685619 38
0.685472 38
0.685358 38
0.685194 38
0.685074 38
0.684931 38
0.684782 38
0.684632 38
0.684632 37
0.684463 37
0.684348 37
0.684193 37
0.684062 37
0.683913 37
0.683757 37
0.683618 37
0.683452 37
0.683305 37
0.6832 37
0.68309 37
0.682941 37
0.682863 36
0.682724 36
0.682569 36
0.682407 36
0.682407 35
0.682267 35
0.682129 35
0.681973 35
0.681824 35
0.681702 35
0.681702 34
0.681702 33
0.681583 33
0.681444 33
0.681321 33
0.681193 33
0.68107 33
0.680978 32
0.680811 32
0.680645 32
0.680525 32
0.680364 32
0.680204 32
0.680051 32
0.679905 32
0.679739 32
0.679739 31
0.679613 31
0.679506 31
0.679345 31
0.679203 30
0.679097 30
0.678945 30
0.678787 30
0.678633 30
0.678512 30
0.678366 30
0.678215 30
0.678215 29
0.678075 29
0.677918 29
0.677789 29
0.677633 29
0.677466 29
0.677309 29
0.677152 29
0.677 29
0.676859 29
0.676859 28
0.676694 28
0.676694 27
0.676531 27
0.676381 27
0.676212 27
0.676092 27
0.675945 27
0.675797 27
0.675653 27
0.675653 26
0.675494 26
0.675356 26
0.6752 26
0.67506 26
0.67491 26
0.674776 26
0.674629 26
0.674464 26
0.674322 26
0.674216 26
0.674088 26
0.673938 26
0.673776 26
0.673629 26
0.673466 26
0.673315 26
0.673163 26
0.673025 26
0.672908 26
0.672758 26
0.672607 26
0.672425 26
0.672284 26
0.672128 26
0.671992 26
0.671835 26
0.671678 26
0.671524 26
0.671396 26
0.671245 26
0.671087 26
0.670944 26
0.670777 26
0.670625 26
0.670456 26
0.670317 26
0.670149 26
0.670017 26
0.669906 26
0.669736 26
0.669616 26
0.669492 26
0.66935 26
0.669202 26
0.669043 26
0.668902 26
0.668788 26
0.66863 26
0.66848 26
0.668317 26
0.668176 26
0.668036 26
0.667941 25
0.667795 25
0.66763 25
0.667484 25
0.66734 25
0.667169 25
0.667013 25
0.666898 25
0.666755 25
0.666625 25
0.66647 25
0.666325 25
0.666192 25
0.666032 25
0.666032 24
0.665913 24
0.665752 24
0.665615 24
0.665498 24
0.665352 24
0.665195 24
0.665042 24
0.664876 24
0.664748 24
0.664618 24
0.664447 24
0.664308 24
0.664151 24
0.664039 24
0.663901 24
0.663738 24
0.663615 24
0.663455 24
0.663301 24
0.663131 24
0.662989 24
0.662845 24
0.662715 24
0.662534 24
0.662393 24
0.662262 24
0.662111 24
0.662111 23
0.661672 23
0.661672 22
0.661559 22
0.661402 22
0.661288 22
0.661136 22
0.660975 22
0.660828 22
0.660693 22
0.660543 22
0.660388 22
0.660243 22
0.660083 22
0.659941 22
0.659791 22
0.659632 22
0.65948 22
0.659328 22
0.659178 22
0.659051 22
0.6589 22
0.658726 22
0.658583 22
0.658434 22
0.658295 22
0.658295 21
0.658171 21
0.658029 21
0.657893 21
0.657746 21
0.657594 21
0.657443 21
0.657278 21
0.657115 21
0.657115 20
0.656848 20
0.656706 20
0.656563 20
0.656426 20
0.656275 20
0.656104 20
0.655777 20
0.655649 20
0.655489 20
0.655322 20
0.65516 20
0.655005 20
0.654855 20
0.654719 20
0.654582 20
0.65443 20
0.654272 20
0.654121 20
0.653973 20
0.653834 20
0.653665 20
0.653517 20
0.653356 20
0.653218 20
0.653054 20
0.652915 20
0.652751 20
0.652609 20
0.652465 20
0.652309 20
0.652154 20
0.652022 20
0.651868 20
0.651713 20
0.651557 20
0.651394 20
0.651228 20
0.651075 20
0.650912 20
0.650763 20
0.65068 19
0.650539 19
0.650382 19
0.650222 19
0.650065 19
0.649903 19
0.649748 19
0.649572 19
0.649415 19
0.649264 19
0.649127 19
0.64896 19
0.648796 19
0.648637 19
0.648495 19
0.648335 19
0.648189 19
0.648065 19
0.647936 19
0.647806 19
0.647665 19
0.647538 19
0.647408 19
0.647266 19
0.647119 19
0.646974 19
0.646803 19
0.646652 19
0.646494 19
0.646327 19
0.646017 19
0.64571 19
0.645555 19
0.6454 19
0.645238 19
0.645088 19
0.644929 19
0.644759 19
0.644637 19
0.644489 19
0.644073 19
0.643933 19
0.643782 19
0.64363 19
0.643496 19
0.643363 19
0.643227 19
0.64308 19
0.642917 19
0.642784 19
0.642638 19
0.642489 19
0.642329 19
0.642168 19
0.642017 19
0.641854 19
0.641703 19
0.641581 19
0.641277 19
0.641119 19
0.640952 19
0.640663 19
0.640529 19
0.640376 19
0.640376 18
0.640227 18
0.640083 18
0.639922 18
0.639783 18
0.639619 18
0.639478 18
0.639316 18
0.63917 18
0.638997 18
0.638859 18
0.638711 18
0.63858 18
0.638429 18
0.638274 18
0.638274 17
0.638109 17
0.63796 17
0.637813 17
0.637661 17
0.637515 17
0.637366 17
0.637214 17
0.637214 16
0.636904 16
0.636754 16
0.636588 16
0.636434 16
0.636137 16
0.635963 16
0.635808 16
0.635643 16
0.635501 16
0.635353 16
0.6352 16
0.635038 16
0.634894 16
0.634764 16
0.634613 16
0.634449 16
0.634294 16
0.634149 16
0.633999 16
0.633856 16
0.63371 16
0.63358 16
0.633413 16
0.633096 16
0.632951 16
0.632805 16
0.63265 16
0.632351 16
0.632218 16
0.632057 16
0.631753 16
0.631596 16
0.631449 16
0.631305 16
0.631156 16
0.631001 16
0.631001 15
0.630844 15
0.630684 15
0.630542 15
0.630387 15
0.630257 15
0.630112 15
0.629962 15
0.629819 15
0.629672 15
0.629524 15
0.629406 15
0.629245 15
0.629098 15
0.628926 15
0.628765 15
0.628617 15
0.628463 15
0.628324 15
0.628162 15
0.628013 15
0.627859 15
0.627697 15
0.627542 15
0.627382 15
0.627235 15
0.62708 15
0.626926 15
0.626772 15
0.626639 15
0.626481 14
0.626321 14
0.626016 14
0.62587 14
0.625724 14
0.62556 14
0.625425 14
0.625275 14
0.624961 14
0.624798 14
0.624644 14
0.624505 14
0.624349 14
0.623887 14
0.623726 14
0.623559 14
0.623394 14
0.623235 14
0.62292 14
0.622769 14
0.62263 14
0.622479 14
0.622319 14
0.622167 14
0.621855 14
0.621716 14
0.621569 14
0.621416 14
0.621267 14
0.621108 14
0.620958 14
0.620852 14
0.620705 14
0.620407 14
0.620265 14
0.620129 14
0.619949 14
0.619657 14
0.619492 14
0.619353 14
0.61919 14
0.619043 14
0.618896 14
0.618742 14
0.618578 14
0.61828 14
0.618141 14
0.617999 14
0.61784 13
0.617676 13
0.617534 13
0.6174 13
0.617247 13
0.617116 13
0.616963 13
0.616804 13
0.61664 13
0.616479 13
0.616323 13
0.616152 13
0.615702 13
0.615555 13
0.615555 12
0.615393 12
0.615224 12
0.615066 12
0.614901 12
0.614777 12
0.614777 11
0.61462 11
0.614459 11
0.614293 11
0.614137 11
0.614009 11
0.613855 11
0.613705 11
0.613576 11
0.613446 11
0.613302 11
0.613149 11
0.612989 11
0.612842 11
0.612679 11
0.612525 11
0.612392 11
0.61224 11
0.611963 11
0.61182 11
0.611496 11
0.611369 11
0.611205 11
0.611056 11
0.610903 11
0.610749 11
0.610598 11
0.610437 11
0.610275 11
0.610119 11
0.609808 11
0.609571 11
0.609417 11
0.609275 11
0.609121 11
0.608962 11
0.608813 11
0.608679 11
0.608543 11
0.608393 11
0.608119 11
0.607966 11
0.607836 11
0.607407 11
0.607254 11
0.607094 11
0.60694 11
0.606637 11
0.606472 11
0.606316 11
0.60616 11
0.606011 11
0.605685 11
0.605526 11
0.605228 11
0.605073 11
0.604924 11
0.604768 11
0.604612 11
0.604466 11
0.604327 11
0.604172 11
0.604014 11
0.603687 11
0.603537 11
0.60338 11
0.603232 11
0.602946 11
0.602642 11
0.602482 11
0.602328 11
0.602156 11
0.602008 11
0.601857 11
0.601717 11
0.601574 11
0.601416 11
0.601269 11
0.60112 11
0.600811 11
0.600659 11
0.600526 11
0.600366 11
0.600224 11
0.600069 11
0.599945 11
0.599639 11
0.599494 11
0.599339 11
0.599187 11
0.599041 11
0.598942 11
0.598776 11
0.598618 11
0.59847 11
0.59833 11
0.598176 11
0.59802 11
0.597732 11
0.597583 11
0.597423 11
0.597274 11
0.597118 11
0.596963 11
0.596635 11
0.596482 11
0.596331 11
0.596204 11
0.59604 11
0.59589 11
0.595733 11
0.595565 11
0.595414 11
0.595106 11
0.594941 11
0.594626 11
0.594475 11
0.594323 11
0.594182 11
0.594035 11
0.593878 11
0.593727 11
0.593585 11
0.593441 11
0.593307 11
0.59319 11
0.592893 11
0.592784 11
0.592623 11
0.592332 11
0.592004 11
0.591864 11
0.591689 11
0.591547 11
0.591397 11
0.591262 11
0.590966 11
0.590812 11
0.590648 11
0.590375 11
0.590249 11
0.590097 11
0.589922 11
0.589775 11
0.589628 11
0.58931 11
0.589147 11
0.588998 11
0.588844 11
0.588692 11
0.588555 11
0.588413 11
0.588253 11
0.5881 11
0.587825 11
0.587673 11
0.587507 11
0.587356 11
0.587207 11
0.586946 11
0.586457 11
0.586153 11
0.585844 11
0.585699 11
0.585544 11
0.585387 11
0.585231 11
0.585083 11
0.584936 11
0.584788 11
0.584632 11
0.584339 11
0.584215 11
0.584047 11
0.583882 11
0.583719 11
0.583398 11
0.583243 11
0.583113 11
0.58296 11
0.582823 11
0.582659 11
0.582502 11
0.582365 11
0.582207 11
0.58204 11
0.58189 11
0.581736 11
0.581589 11
0.58146 11
0.581303 11
0.581179 11
0.581031 11
0.580914 11
0.580755 11
0.580596 11
0.580438 11
0.58013 11
0.579839 11
0.579683 11
0.579559 11
0.579418 11
0.579268 11
0.579109 11
0.578955 11
0.578801 11
0.578652 11
0.578652 10
0.578508 10
0.578368 10
0.57821 10
0.578055 10
0.577903 10
0.577754 10
0.577602 10
0.577444 10
0.577308 10
0.577159 10
0.577004 10
0.576851 10
0.576709 10
0.576562 10
0.576408 10
0.576107 10
0.575961 10
0.575647 10
0.575491 10
0.575025 10
0.574734 10
0.574584 10
0.574434 10
0.574273 10
0.573873 10
0.573721 10
0.573561 9
0.573414 9
0.573269 9
0.573149 9
0.572674 9
0.572345 9
0.572028 9
0.57174 9
0.571586 9
0.571437 9
0.571275 9
0.571121 9
0.570984 9
0.570836 9
0.570683 9
0.570529 9
0.570218 9
0.569903 9
0.569765 9
0.569608 9
0.569461 9
0.569328 9
0.569039 9
0.568896 9
0.568736 9
0.568583 9
0.568424 9
0.56827 9
0.568124 9
0.567645 9
0.567336 9
0.567187 9
0.567031 9
0.566873 9
0.566709 9
0.566246 9
0.566102 9
0.56596 9
0.565812 9
0.565644 9
0.56549 9
0.56519 9
0.56503 9
0.564878 9
0.564596 9
0.564135 9
0.563987 9
0.563679 9
0.563047 9
0.562749 9
0.562581 9
0.56244 9
0.562133 9
0.56197 9
0.561658 9
0.56106 9
0.560911 9
0.560775 9
0.560628 9
0.560515 9
0.560356 9
0.560207 9
0.559913 9
0.559752 9
0.559606 9
0.559451 8
0.559155 8
0.559014 8
0.558708 8
0.558402 8
0.558264 8
0.557979 8
0.557827 8
0.557519 8
0.557194 8
0.557046 8
0.556879 8
0.556734 8
0.556575 8
0.556405 8
0.556251 8
0.556102 8
0.555951 8
0.555793 8
0.55548 8
0.55548 7
0.555319 7
0.554853 7
0.554688 7
0.554366 7
0.55404 7
0.553429 7
0.553273 7
0.553134 7
0.552972 7
0.552834 7
0.552684 7
0.552241 7
0.552085 7
0.551929 7
0.551773 7
0.551314 7
0.551156 7
0.55104 7
0.550728 7
0.550465 7
0.550327 7
0.550174 6
0.550019 6
0.549869 6
0.549704 6
0.549541 6
0.54939 6
0.549238 6
0.549084 6
0.548922 6
0.548297 6
0.548138 6
0.547981 6
0.54769 6
0.547527 6
0.547218 6
0.547049 6
0.54689 6
0.546739 6
0.546432 6
0.546129 6
0.545972 6
0.545667 6
0.545361 6
0.545221 6
0.545058 6
0.544927 6
0.544789 6
0.544653 6
0.544504 6
0.544196 6
0.544035 6
0.543723 6
0.543572 6
0.543428 6
0.542972 6
0.542816 6
0.54266 6
0.542505 6
0.542352 6
0.54219 6
0.541726 6
0.541271 6
0.540966 6
0.540685 6
0.54024 6
0.539607 6
0.539463 6
0.53914 5
0.538975 5
0.53865 5
0.53834 5
0.538033 5
0.537913 5
0.537769 5
0.537314 5
0.537169 5
0.537011 5
0.536879 5
0.536719 5
0.536096 5
0.535799 5
0.535517 5
0.535364 5
0.535208 5
0.534896 5
0.534755 5
0.534587 5
0.534427 5
0.534282 5
0.534135 5
0.533828 5
0.533358 5
0.53321 5
0.533069 5
0.532912 5
0.532766 5
0.532623 5
0.532474 5
0.532081 5
0.531923 5
0.531779 5
0.531628 5
0.531478 5
0.531004 5
0.530549 5
0.530382 5
0.529942 5
0.529795 5
0.529652 5
0.529346 5
0.529178 5
0.528766 5
0.528613 5
0.528152 5
0.528001 5
0.527846 5
0.527689 5
0.527541 5
0.527103 5
0.526967 5
0.526547 5
0.526384 5
0.525945 5
0.52578 5
0.525467 5
0.525313 5
0.524998 5
0.524707 5
0.524545 5
0.523958 5
0.523808 5
0.523478 5
0.523324 5
0.522846 5
0.522562 5
0.521992 5
0.521526 5
0.521379 5
0.521082 5
0.520481 5
0.520322 5
0.520018 5
0.519715 5
0.519556 5
0.519423 5
0.51928 5
0.519137 5
0.518982 5
0.518535 5
0.518374 5
0.518066 5
0.517909 5
0.51781 5
0.517322 5
0.517161 5
0.516693 5
0.516539 5
0.516274 5
0.516125 5
0.515706 5
0.515107 5
0.514958 5
0.514798 5
0.514502 5
0.51434 5
0.514179 5
0.514026 5
0.513868 5
0.513705 5
0.513105 5
0.512821 5
0.512259 5
0.511793 5
0.511385 5
0.511236 5
0.51107 5
0.510787 5
0.510189 5
0.510036 5
0.50989 5
0.509742 5
0.509445 5
0.509128 5
0.508816 5
0.508351 5
0.50743 5
0.507129 5
0.506983 5
0.506823 5
0.506672 5
0.506363 5
0.506205 5
0.505881 5
0.505447 5
0.504822 5
0.504522 5
0.504217 5
0.504052 5
0.503898 5
0.50375 5
0.503253 5
0.502387 5
0.502236 5
0.501925 5
0.50146 5
0.501134 5
0.500505 5
0.500351 5
0.500066 5
0.49886 5
0.498254 5
0.497792 5
0.497179 5
0.496757 5
0.496277 5
0.49613 5
0.49598 5
0.495689 5
0.495403 5
0.495133 5
0.494381 5
0.493929 5
0.493299 5
0.492991 5
0.492667 5
0.492517 5
0.492258 5
0.491805 5
0.491224 5
0.490913 5
0.490298 5
0.49014 5
0.489834 5
0.489394 5
0.488964 5
0.488821 5
0.488222 5
0.488074 5
0.487604 5
0.487294 5
0.487169 5
0.486683 5
0.486549 5
0.486234 5
0.485798 5
0.485351 5
0.484862 5
0.484233 5
0.48409 5
0.483926 5
0.483597 5
0.483451 5
0.483306 5
0.48299 5
0.482683 5
0.481443 5
0.481287 4
0.480827 4
0.48052 4
0.48036 4
0.479929 4
0.479463 4
0.479302 4
0.479011 4
0.478741 4
0.478295 4
0.477711 4
0.476933 4
0.47661 4
0.47614 4
0.475533 4
0.474891 4
0.474005 4
0.473057 4
0.472918 4
0.472616 4
0.472322 4
0.472185 4
0.471897 4
0.471597 4
0.470662 4
0.470514 4
0.470194 4
0.469879 4
0.468973 4
0.468671 4
0.468208 4
0.468053 4
0.467424 4
0.467105 4
0.466473 4
0.465557 4
0.46526 4
0.464653 4
0.464489 4
0.464029 4
0.463434 4
0.462666 4
0.462516 4
0.461578 4
0.460844 4
0.460399 4
0.45979 4
0.45933 4
0.459024 4
0.458417 4
0.457825 4
0.456717 4
0.455803 4
0.454912 4
0.454615 4
0.45401 4
0.45354 4
0.453385 4
0.453076 4
0.451981 4
0.451666 4
0.450953 4
0.450495 4
0.449608 4
0.449284 4
0.449135 4
0.448835 4
0.447445 4
0.446836 4
0.44639 4
0.445936 4
0.445332 4
0.444868 4
0.444241 4
0.443964 4
0.443068 4
0.442427 4
0.441663 4
0.441024 4
0.440257 4
0.439475 4
0.438737 4
0.438268 4
0.437963 4
0.437028 4
0.43657 4
0.436409 4
0.436082 4
0.435436 4
0.434982 4
0.43422 4
0.433485 4
0.43274 4
0.432584 4
0.431498 4
0.430564 3
0.42978 3
0.42887 3
0.427764 3
0.427016 3
0.426393 3
0.425128 3
0.424186 3
0.42312 3
0.422669 3
0.421702 3
0.420961 3
0.420075 3
0.41948 3
0.41901 3
0.418412 3
0.417949 2
0.416535 2
0.416227 2
0.415297 2
0.414709 2
0.412899 2
0.411661 2
0.41121 2
0.410598 2
0.40973 2
0.409416 2
0.40895 2
0.408318 2
0.407379 2
0.406309 2
0.405207 2
0.404267 2
0.403191 2
0.402388 2
0.401935 2
0.401802 2
0.400874 2
0.40056 2
0.399798 2
0.398722 2
0.398265 2
0.396914 2
0.39617 1
0.394752 1
0.394127 1
0.392732 1
0.391503 1
0.391025 1
0.389943 1
0.388252 1
0.387239 1
0.386298 1
0.38584 1
0.384614 1
0.383651 1
0.382885 1
0.382108 1
0.380877 1
0.380263 1
0.378771 1
0.377883 1
0.377116 1
0.376346 1
0.375424 1
0.374519 1
0.374055 1
0.372989 1
0.371163 1
0.369984 1
0.368918 1
0.368153 1
0.366947 1
0.366323 1
0.365547 1
0.363719 1
0.361538 1
0.359719 1
0.359098 1
0.357144 1
0.355201 1
0.353337 1
0.351843 1
0.350906 1
0.348691 1
0.347152 1
0.34507 1
0.343365 1
0.341666 1
0.339542 1
0.337852 1
0.335894 1
0.333749 1
0.332565 1
0.331375 1
0.329044 1
0.327641 1
0.324669 1
0.322992 1
0.321183 1
0.319816 1
0.317543 1
0.315667 1
0.313709 1
0.311382 1
0.309356 1
0.306152 1
0.304299 1
0.302768 1
0.299983 1
0.297174 1
0.293734 1
0.291602 1
0.289331 1
0.288452 1
0.285974 1
0.283135 1
0.280375 1
0.279324 1
0.276054 1
0.272492 1
0.267976 1
0.264883 1
0.262295 1
0.259593 1
0.255837 1
0.251747 1
0.245827 1
0.241363 1
0.235432 1
0.230965 1
0.228105 1
0.223736 1
0.218444 1
0.215115 1
0.208973 1
0.201606 1
0.195417 0
0.190617 0
0.183376 0
0.177106 0
0.169624 0
0.160916 0
0.149174 0
0.138768 0
0.124498 0
0.112 0
0.0927216 0
0.0718774 0
0.0406727 0
0 0
