0.592634 0
0.621226 1
0.633162 2
0.642540 3
0.653968 4
0.660715 5
0.666546 6
0.668285 7
0.670469 8
0.672696 9
0.676484 10
0.683291 11
0.686121 12
0.687350 13
0.688039 14
0.689734 15
0.691487 16
0.692080 17
0.693992 18
0.694567 19
0.695932 20
0.696663 21
0.697169 22
0.698386 23
0.699084 24
0.699735 25
0.701369 26
0.701965 27
0.702687 28
0.703221 29
0.703640 30
0.704769 31
0.705395 32
0.706241 33
0.706827 34
0.707515 35
0.707803 36
0.708092 37
0.708470 38
0.709303 39
0.710204 40
0.710539 41
0.710748 42
0.710966 43
0.711364 44
0.711657 45
0.712129 46
0.712422 47
0.713243 48
0.713802 49
0.714127 50
0.714267 51
0.714487 52
0.714611 53
0.714772 54
0.715239 55
0.715408 56
0.715485 57
0.716073 58
0.716074 59
0.716314 60
0.716585 61
0.716818 62
0.716932 63
0.717291 64
0.717462 65
0.717757 66
0.717872 67
0.717909 68
0.718088 69
0.718155 70
0.718561 71
0.718636 72
0.718962 73
0.719196 74
0.719459 75
0.719840 76
0.719852 77
0.719852 78
0.720194 79
0.720417 80
0.720596 81
0.720952 82
0.721063 83
0.721086 84
0.721442 85
0.721442 86
0.721535 87
0.721904 88
0.721904 89
0.722076 90
0.722180 91
0.722347 92
0.722594 93
0.722716 94
0.722775 95
0.722831 96
0.723247 97
0.723528 98
0.723699 99
0.723777 100
0.723874 101
0.723940 102
0.724210 103
0.724210 104
0.724349 105
0.724349 106
0.724349 107
0.724349 108
0.724489 109
0.724571 110
0.724753 111
0.724805 112
0.724940 113
0.724940 114
0.724940 115
0.724992 116
0.724992 117
0.725285 118
0.725485 119
0.725546 120
0.725660 121
0.725879 122
0.725879 123
0.725879 124
0.725879 125
0.726002 126
0.726002 127
0.726109 128
0.726109 129
0.726284 130
0.726284 131
0.726554 132
0.726554 133
0.726806 134
0.726860 135
0.726966 136
0.726966 137
0.726966 138
0.726966 139
0.726966 140
0.727000 141
0.727033 142
0.727270 143
0.727270 144
0.727270 145
0.727398 146
0.727714 147
0.727905 148
0.728066 149
0.728220 150
0.728220 151
0.728220 152
0.728220 153
0.728220 154
0.728245 155
0.728368 156
0.728414 157
0.728513 158
0.728513 159
0.728641 160
0.728794 161
0.728884 162
0.729100 163
0.729345 164
0.729345 165
0.729345 166
0.729345 167
0.729436 168
0.729556 169
0.729626 170
0.729626 171
0.729821 172
0.729821 173
0.729922 174
0.730033 175
0.730033 176
0.730246 177
0.730246 178
0.730246 179
0.730418 180
0.730629 181
0.730777 182
0.730780 183
0.730800 184
0.730824 185
0.730882 186
0.730965 187
0.731063 188
0.731171 189
0.731251 190
0.731550 191
0.731613 192
0.731696 193
0.731696 194
0.731795 195
0.731869 196
0.731986 197
0.732156 198
0.732156 199
0.732218 200
0.732340 201
0.732446 202
0.732463 203
0.732463 204
0.732525 205
0.732560 206
0.732661 207
0.732710 208
0.732854 209
0.732924 210
0.733042 211
0.733042 212
0.733042 213
0.733161 214
0.733235 215
0.733377 216
0.733377 217
0.733377 218
0.733377 219
0.733377 220
0.733711 221
0.733711 222
0.733711 223
0.733711 224
0.733779 225
0.733780 226
0.733780 227
0.733848 228
0.733848 229
0.733902 230
0.734001 231
0.734066 232
0.734066 233
0.734106 234
0.734106 235
0.734215 236
0.734215 237
0.734215 238
0.734311 239
0.734332 240
0.734332 241
0.734404 242
0.734524 243
0.734524 244
0.734524 245
0.734524 246
0.734524 247
0.734549 248
0.734687 249
0.734757 250
0.734776 251
0.734845 252
0.734863 253
0.734863 254
0.734863 255
0.734863 256
0.735179 257
0.735254 258
0.735254 259
0.735254 260
0.735254 261
0.735292 262
0.735358 263
0.735358 264
0.735358 265
0.735358 266
0.735358 267
0.735430 268
0.735430 269
0.735452 270
0.735537 271
0.735544 272
0.735578 273
0.735578 274
0.735578 275
0.735578 276
0.735578 277
0.735578 278
0.735578 279
0.735578 280
0.735578 281
0.735596 282
0.735596 283
0.735596 284
0.735596 285
0.735596 286
0.735635 287
0.735635 288
0.735635 289
0.735741 290
0.735741 291
0.735741 292
0.735741 293
0.735809 294
0.735876 295
0.735876 296
0.735876 297
0.735969 298
0.735969 299
0.735969 300
0.735969 301
0.735969 302
0.735969 303
0.735969 304
0.735969 305
0.735969 306
0.736054 307
0.736054 308
0.736152 309
0.736157 310
0.736157 311
0.736157 312
0.736302 313
0.736302 314
0.736307 315
0.736338 316
0.736503 317
0.736503 318
0.736535 319
0.736535 320
0.736535 321
0.736535 322
0.736535 323
0.736535 324
0.736768 325
0.736772 326
0.736772 327
0.736804 328
0.736804 329
0.736804 330
0.736883 331
0.736883 332
0.736905 333
0.736905 334
0.736959 335
0.736959 336
0.736959 337
0.736966 338
0.736966 339
0.736966 340
0.737061 341
0.737076 342
0.737076 343
0.737076 344
0.737099 345
0.737099 346
0.737256 347
0.737331 348
0.737331 349
0.737331 350
0.737331 351
0.737347 352
0.737347 353
0.737347 354
0.737605 355
0.737605 356
0.737662 357
0.737662 358
0.737662 359
0.737662 360
0.737684 361
0.737684 362
0.737684 363
0.737684 364
0.737753 365
0.737753 366
0.737821 367
0.737935 368
0.738024 369
0.738024 370
0.738024 371
0.738100 372
0.738100 373
0.738123 374
0.738124 375
0.738124 376
0.738124 377
0.738124 378
0.738241 379
0.738241 380
0.738264 381
0.738264 382
0.738368 383
0.738368 384
0.738368 385
0.738368 386
0.738368 387
0.738368 388
0.738368 389
0.738368 390
0.738368 391
0.738368 392
0.738408 393
0.738408 394
0.738455 395
0.738455 396
0.738455 397
0.738513 398
0.738513 399
0.738513 400
0.738540 401
0.738654 402
0.738654 403
0.738654 404
0.738718 405
0.738771 406
0.738777 407
0.738777 408
0.738802 409
0.738802 410
0.738802 411
0.738802 412
0.738802 413
0.738838 414
0.738838 415
0.738861 416
0.738861 417
0.738861 418
0.738861 419
0.738861 420
0.738934 421
0.738934 422
0.738934 423
0.738934 424
0.738991 425
0.738991 426
0.739035 427
0.739042 428
0.739042 429
0.739042 430
0.739042 431
0.739042 432
0.739075 433
0.739075 434
0.739075 435
0.739075 436
0.739131 437
0.739131 438
0.739131 439
0.739131 440
0.739131 441
0.739131 442
0.739150 443
0.739150 444
0.739150 445
0.739167 446
0.739326 447
0.739387 448
0.739387 449
0.739387 450
0.739387 451
0.739387 452
0.739387 453
0.739402 454
0.739534 455
0.739635 456
0.739635 457
0.739635 458
0.739635 459
0.739687 460
0.739786 461
0.739786 462
0.739786 463
0.739786 464
0.739786 465
0.739786 466
0.739786 467
0.739786 468
0.739923 469
0.739977 470
0.739977 471
0.739977 472
0.739977 473
0.739977 474
0.739977 475
0.739977 476
0.739977 477
0.739977 478
0.739977 479
0.739977 480
0.739977 481
0.739977 482
0.739977 483
0.739977 484
0.739977 485
0.739977 486
0.739983 487
0.739983 488
0.740070 489
0.740070 490
0.740070 491
0.740070 492
0.740070 493
0.740070 494
0.740079 495
0.740079 496
0.740079 497
0.740079 498
0.740079 499
0.740079 500
0.740084 501
0.740084 502
0.740198 503
0.740383 504
0.740393 505
0.740393 506
0.740399 507
0.740399 508
0.740399 509
0.740399 510
0.740399 511
0.740399 512
0.740399 513
0.740450 514
0.740450 515
0.740450 516
0.740450 517
0.740600 518
0.740600 519
0.740681 520
0.740681 521
0.740681 522
0.740681 523
0.740681 524
0.740681 525
0.740818 526
0.740818 527
0.740818 528
0.740951 529
0.740957 530
0.740957 531
0.740957 532
0.740974 533
0.740979 534
0.740979 535
0.741105 536
0.741105 537
0.741105 538
0.741105 539
0.741115 540
0.741115 541
0.741115 542
0.741115 543
0.741115 544
0.741115 545
0.741115 546
0.741115 547
0.741115 548
0.741251 549
0.741251 550
0.741251 551
0.741251 552
0.741251 553
0.741251 554
0.741343 555
0.741389 556
0.741417 557
0.741417 558
0.741429 559
0.741440 560
0.741440 561
0.741440 562
0.741440 563
0.741440 564
0.741440 565
0.741440 566
0.741440 567
0.741440 568
0.741543 569
0.741559 570
0.741559 571
0.741559 572
0.741573 573
0.741573 574
0.741573 575
0.741600 576
0.741600 577
0.741600 578
0.741600 579
0.741641 580
0.741641 581
0.741641 582
0.741641 583
0.741709 584
0.741709 585
0.741748 586
0.741752 587
0.741812 588
0.741812 589
0.741812 590
0.741812 591
0.741812 592
0.741812 593
0.741868 594
0.741868 595
0.741868 596
0.741868 597
0.741882 598
0.741882 599
0.741882 600
0.741925 601
0.741940 602
0.741940 603
0.741966 604
0.741966 605
0.741966 606
0.741966 607
0.742061 608
0.742085 609
0.742155 610
0.742155 611
0.742155 612
0.742183 613
0.742183 614
0.742183 615
0.742183 616
0.742183 617
0.742225 618
0.742225 619
0.742225 620
0.742247 621
0.742247 622
0.742247 623
0.742247 624
0.742247 625
0.742247 626
0.742247 627
0.742247 628
0.742247 629
0.742247 630
0.742247 631
0.742247 632
0.742247 633
0.742247 634
0.742247 635
0.742247 636
0.742247 637
0.742273 638
0.742273 639
0.742273 640
0.742377 641
0.742377 642
0.742380 643
0.742380 644
0.742380 645
0.742380 646
0.742382 647
0.742382 648
0.742382 649
0.742398 650
0.742423 651
0.742423 652
0.742423 653
0.742432 654
0.742432 655
0.742447 656
0.742447 657
0.742447 658
0.742447 659
0.742447 660
0.742447 661
0.742447 662
0.742496 663
0.742496 664
0.742496 665
0.742496 666
0.742644 667
0.742644 668
0.742644 669
0.742644 670
0.742644 671
0.742693 672
0.742693 673
0.742693 674
0.742775 675
0.742813 676
0.742813 677
0.742813 678
0.742813 679
0.742813 680
0.742813 681
0.742849 682
0.742849 683
0.742953 684
0.742953 685
0.742960 686
0.743026 687
0.743026 688
0.743026 689
0.743093 690
0.743093 691
0.743093 692
0.743093 693
0.743148 694
0.743148 695
0.743148 696
0.743148 697
0.743155 698
0.743155 699
0.743247 700
0.743295 701
0.743295 702
0.743295 703
0.743295 704
0.743295 705
0.743322 706
0.743322 707
0.743322 708
0.743337 709
0.743481 710
0.743481 711
0.743598 712
0.743713 713
0.743713 714
0.743713 715
0.743713 716
0.743713 717
0.743713 718
0.743713 719
0.743713 720
0.743713 721
0.743776 722
0.743776 723
0.743776 724
0.743776 725
0.743776 726
0.743783 727
0.743861 728
0.743861 729
0.743861 730
0.743861 731
0.743861 732
0.743861 733
0.743861 734
0.743861 735
0.743861 736
0.743917 737
0.743917 738
0.743917 739
0.743917 740
0.743917 741
0.743917 742
0.743917 743
0.743917 744
0.743917 745
0.743917 746
0.743917 747
0.743917 748
0.743917 749
0.743917 750
0.743917 751
0.743939 752
0.743939 753
0.743939 754
0.743939 755
0.743939 756
0.743939 757
0.743939 758
0.743999 759
0.743999 760
0.743999 761
0.743999 762
0.743999 763
0.743999 764
0.743999 765
0.743999 766
0.744057 767
0.744057 768
0.744057 769
0.744057 770
0.744057 771
0.744057 772
0.744057 773
0.744057 774
0.744057 775
0.744057 776
0.744057 777
0.744057 778
0.744057 779
0.744057 780
0.744057 781
0.744162 782
0.744162 783
0.744238 784
0.744238 785
0.744256 786
0.744256 787
0.744256 788
0.744256 789
0.744256 790
0.744256 791
0.744441 792
0.744608 793
0.744608 794
0.744608 795
0.744608 796
0.744638 797
0.744638 798
0.744789 799
0.744789 800
0.744789 801
0.744789 802
0.744789 803
0.744789 804
0.744824 805
0.744824 806
0.744824 807
0.744876 808
0.744876 809
0.744895 810
0.744895 811
0.744895 812
0.744895 813
0.744898 814
0.744900 815
0.744900 816
0.744923 817
0.744923 818
0.745252 819
0.745252 820
0.745252 821
0.745252 822
0.745252 823
0.745252 824
0.745252 825
0.745300 826
0.745300 827
0.745359 828
0.745359 829
0.745522 830
0.745522 831
0.745522 832
0.745522 833
0.745624 834
0.745624 835
0.745705 836
0.745713 837
0.745713 838
0.745713 839
0.745713 840
0.745713 841
0.745805 842
0.745824 843
0.745824 844
0.745824 845
0.745824 846
0.745824 847
0.745824 848
0.745824 849
0.745824 850
0.745830 851
0.745830 852
0.745868 853
0.745868 854
0.745868 855
0.745930 856
0.745930 857
0.745930 858
0.745930 859
0.745930 860
0.746067 861
0.746072 862
0.746072 863
0.746072 864
0.746088 865
0.746088 866
0.746112 867
0.746143 868
0.746143 869
0.746188 870
0.746188 871
0.746270 872
0.746270 873
0.746270 874
0.746373 875
0.746373 876
0.746373 877
0.746373 878
0.746373 879
0.746428 880
0.746428 881
0.746439 882
0.746439 883
0.746454 884
0.746454 885
0.746454 886
0.746519 887
0.746519 888
0.746519 889
0.746519 890
0.746519 891
0.746565 892
0.746642 893
0.746688 894
0.746688 895
0.746688 896
0.746688 897
0.746688 898
0.746723 899
0.746723 900
0.746723 901
0.746723 902
0.746723 903
0.746723 904
0.746829 905
0.746853 906
0.746853 907
0.746969 908
0.746969 909
0.747020 910
0.747020 911
0.747020 912
0.747020 913
0.747020 914
0.747020 915
0.747020 916
0.747020 917
0.747020 918
0.747020 919
0.747033 920
0.747033 921
0.747033 922
0.747033 923
0.747033 924
0.747033 925
0.747033 926
0.747033 927
0.747033 928
0.747036 929
0.747036 930
0.747036 931
0.747036 932
0.747036 933
0.747036 934
0.747036 935
0.747036 936
0.747036 937
0.747036 938
0.747052 939
0.747052 940
0.747052 941
0.747052 942
0.747052 943
0.747052 944
0.747052 945
0.747052 946
0.747052 947
0.747052 948
0.747052 949
0.747052 950
0.747052 951
0.747052 952
0.747052 953
0.747052 954
0.747062 955
0.747110 956
0.747121 957
0.747121 958
0.747121 959
0.747121 960
0.747121 961
0.747121 962
0.747121 963
0.747121 964
0.747121 965
0.747121 966
0.747121 967
0.747121 968
0.747135 969
0.747135 970
0.747135 971
0.747135 972
0.747135 973
0.747145 974
0.747145 975
0.747145 976
0.747145 977
0.747145 978
0.747145 979
0.747145 980
0.747205 981
0.747205 982
0.747205 983
0.747205 984
0.747205 985
0.747273 986
0.747273 987
0.747273 988
0.747273 989
0.747273 990
0.747273 991
0.747273 992
0.747273 993
0.747273 994
0.747294 995
0.747306 996
0.747306 997
0.747306 998
0.747306 999
0.747306 1000
0.747306 1001
0.747306 1002
0.747306 1003
0.747306 1004
0.747306 1005
0.747306 1006
0.747306 1007
0.747306 1008
0.747306 1009
0.747306 1010
0.747306 1011
0.747306 1012
0.747306 1013
0.747306 1014
0.747306 1015
0.747306 1016
0.747306 1017
0.747306 1018
0.747306 1019
0.747306 1020
0.747306 1021
0.747306 1022
0.747306 1023
0.747306 1024
0.747306 1025
0.747306 1026
0.747306 1027
0.747306 1028
0.747306 1029
0.747306 1030
0.747306 1031
0.747306 1032
0.747323 1033
0.747323 1034
0.747323 1035
0.747323 1036
0.747323 1037
0.747323 1038
0.747323 1039
0.747323 1040
0.747323 1041
0.747323 1042
0.747323 1043
0.747323 1044
0.747323 1045
0.747323 1046
0.747323 1047
0.747323 1048
0.747323 1049
0.747365 1050
0.747365 1051
0.747365 1052
0.747365 1053
0.747365 1054
0.747365 1055
0.747365 1056
0.747400 1057
0.747400 1058
0.747400 1059
0.747400 1060
0.747401 1061
0.747401 1062
0.747401 1063
0.747480 1064
0.747480 1065
0.747480 1066
0.747480 1067
0.747480 1068
0.747480 1069
0.747480 1070
0.747480 1071
0.747521 1072
0.747521 1073
0.747521 1074
0.747521 1075
0.747521 1076
0.747521 1077
0.747521 1078
0.747594 1079
0.747594 1080
0.747594 1081
0.747594 1082
0.747601 1083
0.747601 1084
0.747602 1085
0.747602 1086
0.747602 1087
0.747602 1088
0.747602 1089
0.747602 1090
0.747602 1091
0.747602 1092
0.747606 1093
0.747606 1094
0.747606 1095
0.747606 1096
0.747606 1097
0.747606 1098
0.747606 1099
0.747606 1100
0.747606 1101
0.747606 1102
0.747606 1103
0.747606 1104
0.747606 1105
0.747635 1106
0.747635 1107
0.747635 1108
0.747635 1109
0.747635 1110
0.747635 1111
0.747635 1112
0.747635 1113
0.747635 1114
0.747635 1115
0.747635 1116
0.747635 1117
0.747635 1118
0.747635 1119
0.747635 1120
0.747635 1121
0.747639 1122
0.747639 1123
0.747639 1124
0.747639 1125
0.747639 1126
0.747720 1127
0.747720 1128
0.747720 1129
0.747720 1130
0.747720 1131
0.747720 1132
0.747777 1133
0.747818 1134
0.747818 1135
0.747818 1136
0.747818 1137
0.747967 1138
0.747967 1139
0.747967 1140
0.747967 1141
0.747967 1142
0.747967 1143
0.747967 1144
0.747967 1145
0.747967 1146
0.748051 1147
0.748051 1148
0.748051 1149
0.748051 1150
0.748051 1151
0.748051 1152
0.748051 1153
0.748051 1154
0.748051 1155
0.748051 1156
0.748051 1157
0.748051 1158
0.748139 1159
0.748139 1160
0.748139 1161
0.748139 1162
0.748145 1163
0.748145 1164
0.748148 1165
0.748148 1166
0.748148 1167
0.748148 1168
0.748148 1169
0.748148 1170
0.748148 1171
0.748148 1172
0.748154 1173
0.748154 1174
0.748154 1175
0.748154 1176
0.748154 1177
0.748154 1178
0.748154 1179
0.748154 1180
0.748154 1181
0.748154 1182
0.748154 1183
0.748154 1184
0.748154 1185
0.748154 1186
0.748154 1187
0.748154 1188
0.748154 1189
0.748154 1190
0.748154 1191
0.748154 1192
0.748154 1193
0.748154 1194
0.748154 1195
0.748161 1196
0.748161 1197
0.748161 1198
0.748161 1199
0.748161 1200
0.748161 1201
0.748161 1202
0.748161 1203
0.748161 1204
0.748161 1205
0.748161 1206
0.748161 1207
0.748161 1208
0.748161 1209
0.748161 1210
0.748161 1211
0.748161 1212
0.748163 1213
0.748253 1214
0.748253 1215
0.748253 1216
0.748253 1217
0.748253 1218
0.748265 1219
0.748265 1220
0.748265 1221
0.748265 1222
0.748265 1223
0.748293 1224
0.748293 1225
0.748293 1226
0.748293 1227
0.748372 1228
0.748372 1229
0.748372 1230
0.748372 1231
0.748477 1232
0.748477 1233
0.748477 1234
0.748477 1235
0.748477 1236
0.748477 1237
0.748477 1238
0.748477 1239
0.748477 1240
0.748477 1241
0.748477 1242
0.748477 1243
0.748477 1244
0.748477 1245
0.748506 1246
0.748506 1247
0.748506 1248
0.748510 1249
0.748510 1250
0.748510 1251
0.748510 1252
0.748510 1253
0.748538 1254
0.748538 1255
0.748538 1256
0.748538 1257
0.748538 1258
0.748538 1259
0.748538 1260
0.748538 1261
0.748618 1262
0.748618 1263
0.748618 1264
0.748618 1265
0.748694 1266
0.748694 1267
0.748694 1268
0.748694 1269
0.748694 1270
0.748694 1271
0.748694 1272
0.748736 1273
0.748736 1274
0.748736 1275
0.748736 1276
0.748736 1277
0.748736 1278
0.748736 1279
0.748736 1280
0.748832 1281
0.748832 1282
0.748832 1283
0.748835 1284
0.748873 1285
0.748873 1286
0.748873 1287
0.748873 1288
0.748873 1289
0.748873 1290
0.748873 1291
0.748873 1292
0.748873 1293
0.748993 1294
0.748993 1295
0.748993 1296
0.748993 1297
0.748993 1298
0.748993 1299
0.748993 1300
0.748993 1301
0.749077 1302
0.749077 1303
0.749077 1304
0.749077 1305
0.749077 1306
0.749077 1307
0.749077 1308
0.749077 1309
0.749077 1310
0.749077 1311
0.749077 1312
0.749077 1313
0.749077 1314
0.749077 1315
0.749077 1316
0.749077 1317
0.749077 1318
0.749077 1319
0.749077 1320
0.749077 1321
0.749077 1322
0.749078 1323
0.749078 1324
0.749145 1325
0.749145 1326
0.749145 1327
0.749145 1328
0.749145 1329
0.749243 1330
0.749243 1331
0.749243 1332
0.749243 1333
0.749243 1334
0.749243 1335
0.749243 1336
0.749243 1337
0.749243 1338
0.749243 1339
0.749243 1340
0.749243 1341
0.749283 1342
0.749283 1343
0.749283 1344
0.749283 1345
0.749283 1346
0.749283 1347
0.749283 1348
0.749283 1349
0.749283 1350
0.749283 1351
0.749283 1352
0.749283 1353
0.749283 1354
0.749294 1355
0.749294 1356
0.749294 1357
0.749294 1358
0.749294 1359
0.749294 1360
0.749294 1361
0.749294 1362
0.749294 1363
0.749294 1364
0.749294 1365
0.749294 1366
0.749294 1367
0.749294 1368
0.749294 1369
0.749328 1370
0.749328 1371
0.749328 1372
0.749347 1373
0.749347 1374
0.749410 1375
0.749410 1376
0.749410 1377
0.749410 1378
0.749410 1379
0.749410 1380
0.749410 1381
0.749410 1382
0.749512 1383
0.749512 1384
0.749512 1385
0.749512 1386
0.749512 1387
0.749512 1388
0.749512 1389
0.749512 1390
0.749551 1391
0.749551 1392
0.749551 1393
0.749551 1394
0.749551 1395
0.749558 1396
0.749558 1397
0.749561 1398
0.749561 1399
0.749561 1400
0.749561 1401
0.749561 1402
0.749561 1403
0.749561 1404
0.749636 1405
0.749636 1406
0.749677 1407
0.749677 1408
0.749677 1409
0.749677 1410
0.749677 1411
0.749771 1412
0.749771 1413
0.749771 1414
0.749771 1415
0.749771 1416
0.749771 1417
0.749771 1418
0.749776 1419
0.749776 1420
0.749776 1421
0.749776 1422
0.749776 1423
0.749776 1424
0.749776 1425
0.749776 1426
0.749776 1427
0.749776 1428
0.749776 1429
0.749776 1430
0.749776 1431
0.749776 1432
0.749789 1433
0.749789 1434
0.749789 1435
0.749789 1436
0.749789 1437
0.749789 1438
0.749789 1439
0.749789 1440
0.749789 1441
0.749822 1442
0.749822 1443
0.749840 1444
0.749916 1445
0.749916 1446
0.749924 1447
0.749925 1448
0.749925 1449
0.749925 1450
0.749925 1451
0.749925 1452
0.750006 1453
0.750006 1454
0.750006 1455
0.750006 1456
0.750006 1457
0.750006 1458
0.750027 1459
0.750027 1460
0.750027 1461
0.750027 1462
0.750027 1463
0.750027 1464
0.750027 1465
0.750027 1466
0.750027 1467
0.750027 1468
0.750027 1469
0.750027 1470
0.750027 1471
0.750027 1472
0.750027 1473
0.750027 1474
0.750027 1475
0.750027 1476
0.750027 1477
0.750027 1478
0.750027 1479
0.750027 1480
0.750027 1481
0.750035 1482
0.750154 1483
0.750154 1484
0.750154 1485
0.750154 1486
0.750154 1487
0.750173 1488
0.750173 1489
0.750173 1490
0.750173 1491
0.750173 1492
0.750204 1493
0.750204 1494
0.750204 1495
0.750204 1496
0.750204 1497
0.750204 1498
0.750204 1499
0.750204 1500
0.750204 1501
0.750217 1502
0.750217 1503
0.750217 1504
0.750217 1505
0.750217 1506
0.750217 1507
0.750217 1508
0.750217 1509
0.750217 1510
0.750217 1511
0.750217 1512
0.750349 1513
0.750349 1514
0.750349 1515
0.750349 1516
0.750349 1517
0.750349 1518
0.750349 1519
0.750349 1520
0.750349 1521
0.750349 1522
0.750349 1523
0.750349 1524
0.750349 1525
0.750349 1526
0.750349 1527
0.750349 1528
0.750349 1529
0.750349 1530
0.750412 1531
0.750412 1532
0.750412 1533
0.750412 1534
0.750412 1535
0.750412 1536
0.750412 1537
0.750412 1538
0.750412 1539
0.750444 1540
0.750444 1541
0.750444 1542
0.750444 1543
0.750444 1544
0.750444 1545
0.750444 1546
0.750444 1547
0.750450 1548
0.750450 1549
0.750450 1550
0.750450 1551
0.750450 1552
0.750450 1553
0.750450 1554
0.750450 1555
0.750450 1556
0.750450 1557
0.750450 1558
0.750450 1559
0.750450 1560
0.750450 1561
0.750450 1562
0.750450 1563
0.750450 1564
0.750537 1565
0.750548 1566
0.750614 1567
0.750614 1568
0.750614 1569
0.750614 1570
0.750614 1571
0.750683 1572
0.750683 1573
0.750683 1574
0.750683 1575
0.750683 1576
0.750689 1577
0.750760 1578
0.750760 1579
0.750760 1580
0.750774 1581
0.750947 1582
0.750947 1583
0.750947 1584
0.750947 1585
0.750947 1586
0.750947 1587
0.750947 1588
0.750947 1589
0.750947 1590
0.750947 1591
0.750947 1592
0.750947 1593
0.750947 1594
0.750947 1595
0.750947 1596
0.750947 1597
0.750947 1598
0.750947 1599
0.750947 1600
0.750950 1601
0.750950 1602
0.750980 1603
0.750984 1604
0.750984 1605
0.750984 1606
0.750984 1607
0.750984 1608
0.750984 1609
0.750984 1610
0.750984 1611
0.750984 1612
0.751007 1613
0.751007 1614
0.751007 1615
0.751007 1616
0.751007 1617
0.751007 1618
0.751007 1619
0.751007 1620
0.751010 1621
0.751010 1622
0.751010 1623
0.751010 1624
0.751010 1625
0.751010 1626
0.751010 1627
0.751010 1628
0.751010 1629
0.751010 1630
0.751010 1631
0.751010 1632
0.751035 1633
0.751035 1634
0.751040 1635
0.751047 1636
0.751047 1637
0.751047 1638
0.751047 1639
0.751047 1640
0.751047 1641
0.751047 1642
0.751088 1643
0.751091 1644
0.751091 1645
0.751091 1646
0.751091 1647
0.751091 1648
0.751091 1649
0.751091 1650
0.751091 1651
0.751091 1652
0.751091 1653
0.751091 1654
0.751091 1655
0.751091 1656
0.751091 1657
0.751091 1658
0.751110 1659
0.751110 1660
0.751110 1661
0.751110 1662
0.751121 1663
0.751121 1664
0.751121 1665
0.751121 1666
0.751121 1667
0.751121 1668
0.751121 1669
0.751121 1670
0.751121 1671
0.751121 1672
0.751121 1673
0.751121 1674
0.751121 1675
0.751121 1676
0.751121 1677
0.751121 1678
0.751121 1679
0.751121 1680
0.751121 1681
0.751157 1682
0.751157 1683
0.751157 1684
0.751157 1685
0.751157 1686
0.751157 1687
0.751157 1688
0.751157 1689
0.751157 1690
0.751157 1691
0.751157 1692
0.751157 1693
0.751157 1694
0.751157 1695
0.751157 1696
0.751157 1697
0.751157 1698
0.751157 1699
0.751157 1700
0.751157 1701
0.751157 1702
0.751157 1703
0.751157 1704
0.751157 1705
0.751157 1706
0.751272 1707
0.751272 1708
0.751272 1709
0.751272 1710
0.751368 1711
0.751368 1712
0.751368 1713
0.751368 1714
0.751368 1715
0.751368 1716
0.751368 1717
0.751368 1718
0.751368 1719
0.751371 1720
0.751371 1721
0.751371 1722
0.751371 1723
0.751371 1724
0.751371 1725
0.751371 1726
0.751371 1727
0.751371 1728
0.751371 1729
0.751371 1730
0.751371 1731
0.751371 1732
0.751371 1733
0.751371 1734
0.751371 1735
0.751371 1736
0.751371 1737
0.751391 1738
0.751391 1739
0.751391 1740
0.751391 1741
0.751391 1742
0.751391 1743
0.751391 1744
0.751391 1745
0.751391 1746
0.751391 1747
0.751391 1748
0.751391 1749
0.751391 1750
0.751391 1751
0.751391 1752
0.751391 1753
0.751391 1754
0.751391 1755
0.751391 1756
0.751391 1757
0.751425 1758
0.751425 1759
0.751425 1760
0.751425 1761
0.751425 1762
0.751425 1763
0.751425 1764
0.751425 1765
0.751425 1766
0.751425 1767
0.751425 1768
0.751425 1769
0.751425 1770
0.751425 1771
0.751425 1772
0.751425 1773
0.751425 1774
0.751425 1775
0.751425 1776
0.751425 1777
0.751494 1778
0.751494 1779
0.751494 1780
0.751494 1781
0.751494 1782
0.751494 1783
0.751494 1784
0.751494 1785
0.751494 1786
0.751494 1787
0.751558 1788
0.751558 1789
0.751558 1790
0.751558 1791
0.751558 1792
0.751558 1793
0.751558 1794
0.751558 1795
0.751558 1796
0.751558 1797
0.751558 1798
0.751558 1799
0.751558 1800
0.751558 1801
0.751558 1802
0.751558 1803
0.751558 1804
0.751560 1805
0.751560 1806
0.751648 1807
0.751648 1808
0.751648 1809
0.751648 1810
0.751725 1811
0.751725 1812
0.751725 1813
0.751725 1814
0.751725 1815
0.751725 1816
0.751725 1817
0.751725 1818
0.751725 1819
0.751725 1820
0.751725 1821
0.751725 1822
0.751725 1823
0.751725 1824
0.751725 1825
0.751725 1826
0.751725 1827
0.751725 1828
0.751725 1829
0.751725 1830
0.751725 1831
0.751725 1832
0.751725 1833
0.751725 1834
0.751725 1835
0.751725 1836
0.751725 1837
0.751725 1838
0.751725 1839
0.751817 1840
0.751817 1841
0.751817 1842
0.751817 1843
0.751817 1844
0.751817 1845
0.751817 1846
0.751817 1847
0.751817 1848
0.751817 1849
0.751817 1850
0.751817 1851
0.751817 1852
0.751817 1853
0.751817 1854
0.751817 1855
0.751817 1856
0.751817 1857
0.751817 1858
0.751817 1859
0.751825 1860
0.751825 1861
0.751825 1862
0.751825 1863
0.751825 1864
0.751825 1865
0.751825 1866
0.751825 1867
0.751825 1868
0.751825 1869
0.751825 1870
0.751943 1871
0.751943 1872
0.751943 1873
0.751943 1874
0.751943 1875
0.751943 1876
0.751943 1877
0.751943 1878
0.751943 1879
0.751943 1880
0.751943 1881
0.751943 1882
0.751943 1883
0.751943 1884
0.751943 1885
0.751943 1886
0.751958 1887
0.751958 1888
0.751958 1889
0.751958 1890
0.751958 1891
0.751958 1892
0.751958 1893
0.751958 1894
0.751958 1895
0.751958 1896
0.751958 1897
0.751958 1898
0.751958 1899
0.751958 1900
0.751961 1901
0.751961 1902
0.751961 1903
0.751961 1904
0.752051 1905
0.752051 1906
0.752051 1907
0.752051 1908
0.752051 1909
0.752051 1910
0.752051 1911
0.752051 1912
0.752051 1913
0.752051 1914
0.752051 1915
0.752051 1916
0.752051 1917
0.752051 1918
0.752051 1919
0.752051 1920
0.752051 1921
0.752051 1922
0.752051 1923
0.752051 1924
0.752054 1925
0.752054 1926
0.752054 1927
0.752054 1928
0.752054 1929
0.752054 1930
0.752054 1931
0.752115 1932
0.752115 1933
0.752115 1934
0.752115 1935
0.752115 1936
0.752115 1937
0.752115 1938
0.752115 1939
0.752131 1940
0.752131 1941
0.752225 1942
0.752225 1943
0.752225 1944
0.752248 1945
0.752277 1946
0.752277 1947
0.752277 1948
0.752277 1949
0.752277 1950
0.752277 1951
0.752337 1952
0.752337 1953
0.752337 1954
0.752337 1955
0.752337 1956
0.752337 1957
0.752337 1958
0.752346 1959
0.752346 1960
0.752346 1961
0.752346 1962
0.752355 1963
0.752355 1964
0.752355 1965
0.752355 1966
0.752355 1967
0.752355 1968
0.752355 1969
0.752355 1970
0.752355 1971
0.752355 1972
0.752355 1973
0.752355 1974
0.752363 1975
0.752363 1976
0.752363 1977
0.752363 1978
0.752363 1979
0.752363 1980
0.752363 1981
0.752363 1982
0.752363 1983
0.752363 1984
0.752363 1985
0.752363 1986
0.752363 1987
0.752363 1988
0.752438 1989
0.752438 1990
0.752438 1991
0.752438 1992
0.752438 1993
0.752438 1994
0.752438 1995
0.752438 1996
0.752438 1997
0.752438 1998
0.752438 1999
0.752438 2000
