0.721607 0
0.758712 1
0.774151 2
0.786550 3
0.802000 4
0.811062 5
0.818614 6
0.820739 7
0.823457 8
0.826545 9
0.831952 10
0.841056 11
0.844915 12
0.846653 13
0.847618 14
0.849746 15
0.851874 16
0.852649 17
0.855550 18
0.856320 19
0.858250 20
0.859411 21
0.859993 22
0.861539 23
0.862509 24
0.863472 25
0.865789 26
0.866755 27
0.867917 28
0.868691 29
0.869270 30
0.870625 31
0.871591 32
0.872557 33
0.873329 34
0.874297 35
0.874682 36
0.875071 37
0.875650 38
0.877005 39
0.878164 40
0.878549 41
0.878744 42
0.878937 43
0.879514 44
0.879899 45
0.880479 46
0.880865 47
0.882027 48
0.882801 49
0.883188 50
0.883381 51
0.883768 52
0.883962 53
0.884155 54
0.884734 55
0.884928 56
0.884928 57
0.885702 58
0.885702 59
0.885896 60
0.886089 61
0.886283 62
0.886474 63
0.886861 64
0.887055 65
0.887250 66
0.887442 67
0.887442 68
0.887442 69
0.887442 70
0.888024 71
0.888024 72
0.888411 73
0.888797 74
0.889182 75
0.889569 76
0.889762 77
0.889762 78
0.890340 79
0.890726 80
0.890921 81
0.891307 82
0.891693 83
0.891693 84
0.891886 85
0.891886 86
0.891886 87
0.892468 88
0.892468 89
0.892661 90
0.892854 91
0.893048 92
0.893436 93
0.893629 94
0.893629 95
0.893629 96
0.894212 97
0.894600 98
0.894600 99
0.894600 100
0.894794 101
0.894794 102
0.895181 103
0.895181 104
0.895374 105
0.895374 106
0.895374 107
0.895374 108
0.895567 109
0.895567 110
0.895951 111
0.895951 112
0.896145 113
0.896145 114
0.896145 115
0.896145 116
0.896145 117
0.896337 118
0.896529 119
0.896529 120
0.896724 121
0.897110 122
0.897110 123
0.897110 124
0.897110 125
0.897110 126
0.897110 127
0.897303 128
0.897303 129
0.897303 130
0.897303 131
0.897496 132
0.897496 133
0.897884 134
0.897884 135
0.898079 136
0.898079 137
0.898079 138
0.898079 139
0.898079 140
0.898079 141
0.898079 142
0.898465 143
0.898465 144
0.898465 145
0.898658 146
0.899238 147
0.899433 148
0.899628 149
0.899628 150
0.899628 151
0.899628 152
0.899628 153
0.899628 154
0.899628 155
0.899820 156
0.899820 157
0.900014 158
0.900014 159
0.900207 160
0.900400 161
0.900400 162
0.900788 163
0.901175 164
0.901175 165
0.901175 166
0.901175 167
0.901175 168
0.901367 169
0.901367 170
0.901367 171
0.901560 172
0.901560 173
0.901753 174
0.901946 175
0.901946 176
0.902139 177
0.902139 178
0.902139 179
0.902332 180
0.902525 181
0.902718 182
0.902718 183
0.902718 184
0.902911 185
0.902911 186
0.902911 187
0.903105 188
0.903105 189
0.903105 190
0.903492 191
0.903686 192
0.903686 193
0.903686 194
0.903879 195
0.903879 196
0.904072 197
0.904460 198
0.904460 199
0.904460 200
0.904653 201
0.904846 202
0.904846 203
0.904846 204
0.904846 205
0.904846 206
0.905038 207
0.905038 208
0.905230 209
0.905230 210
0.905422 211
0.905422 212
0.905422 213
0.905616 214
0.905616 215
0.905810 216
0.905810 217
0.905810 218
0.905810 219
0.905810 220
0.906196 221
0.906196 222
0.906196 223
0.906196 224
0.906196 225
0.906196 226
0.906196 227
0.906196 228
0.906196 229
0.906196 230
0.906390 231
0.906390 232
0.906390 233
0.906390 234
0.906390 235
0.906585 236
0.906585 237
0.906585 238
0.906585 239
0.906585 240
0.906585 241
0.906585 242
0.906778 243
0.906778 244
0.906778 245
0.906778 246
0.906778 247
0.906778 248
0.906970 249
0.906970 250
0.906970 251
0.906970 252
0.906970 253
0.906970 254
0.906970 255
0.906970 256
0.907358 257
0.907551 258
0.907551 259
0.907551 260
0.907551 261
0.907551 262
0.907551 263
0.907551 264
0.907551 265
0.907551 266
0.907551 267
0.907551 268
0.907551 269
0.907551 270
0.907551 271
0.907551 272
0.907551 273
0.907551 274
0.907551 275
0.907551 276
0.907551 277
0.907551 278
0.907551 279
0.907551 280
0.907551 281
0.907551 282
0.907551 283
0.907551 284
0.907551 285
0.907551 286
0.907551 287
0.907551 288
0.907551 289
0.907744 290
0.907744 291
0.907744 292
0.907744 293
0.907937 294
0.907937 295
0.907937 296
0.907937 297
0.908131 298
0.908131 299
0.908131 300
0.908131 301
0.908131 302
0.908131 303
0.908131 304
0.908131 305
0.908131 306
0.908131 307
0.908131 308
0.908131 309
0.908131 310
0.908131 311
0.908131 312
0.908325 313
0.908325 314
0.908325 315
0.908519 316
0.908713 317
0.908713 318
0.908713 319
0.908713 320
0.908713 321
0.908713 322
0.908713 323
0.908713 324
0.909098 325
0.909098 326
0.909098 327
0.909291 328
0.909291 329
0.909291 330
0.909291 331
0.909291 332
0.909291 333
0.909291 334
0.909291 335
0.909291 336
0.909291 337
0.909291 338
0.909291 339
0.909291 340
0.909291 341
0.909291 342
0.909291 343
0.909291 344
0.909291 345
0.909291 346
0.909486 347
0.909486 348
0.909486 349
0.909486 350
0.909486 351
0.909486 352
0.909486 353
0.909486 354
0.909872 355
0.909872 356
0.909872 357
0.909872 358
0.909872 359
0.909872 360
0.909872 361
0.909872 362
0.909872 363
0.909872 364
0.909872 365
0.909872 366
0.909872 367
0.909872 368
0.909872 369
0.909872 370
0.909872 371
0.909872 372
0.909872 373
0.909872 374
0.910067 375
0.910067 376
0.910067 377
0.910067 378
0.910260 379
0.910260 380
0.910260 381
0.910260 382
0.910452 383
0.910452 384
0.910452 385
0.910452 386
0.910452 387
0.910452 388
0.910452 389
0.910452 390
0.910452 391
0.910452 392
0.910647 393
0.910647 394
0.910842 395
0.910842 396
0.910842 397
0.910842 398
0.910842 399
0.910842 400
0.910842 401
0.911035 402
0.911035 403
0.911035 404
0.911035 405
0.911035 406
0.911035 407
0.911035 408
0.911035 409
0.911035 410
0.911035 411
0.911035 412
0.911035 413
0.911035 414
0.911035 415
0.911035 416
0.911035 417
0.911035 418
0.911035 419
0.911035 420
0.911228 421
0.911228 422
0.911228 423
0.911228 424
0.911228 425
0.911228 426
0.911228 427
0.911228 428
0.911228 429
0.911228 430
0.911228 431
0.911228 432
0.911228 433
0.911228 434
0.911228 435
0.911228 436
0.911228 437
0.911228 438
0.911228 439
0.911228 440
0.911228 441
0.911228 442
0.911228 443
0.911228 444
0.911228 445
0.911228 446
0.911422 447
0.911422 448
0.911422 449
0.911422 450
0.911422 451
0.911422 452
0.911422 453
0.911422 454
0.911617 455
0.911810 456
0.911810 457
0.911810 458
0.911810 459
0.911810 460
0.911810 461
0.911810 462
0.911810 463
0.911810 464
0.911810 465
0.911810 466
0.911810 467
0.911810 468
0.912002 469
0.912002 470
0.912002 471
0.912002 472
0.912002 473
0.912002 474
0.912002 475
0.912002 476
0.912002 477
0.912002 478
0.912002 479
0.912002 480
0.912002 481
0.912002 482
0.912002 483
0.912002 484
0.912002 485
0.912002 486
0.912002 487
0.912002 488
0.912002 489
0.912002 490
0.912002 491
0.912002 492
0.912002 493
0.912002 494
0.912002 495
0.912002 496
0.912002 497
0.912002 498
0.912002 499
0.912002 500
0.912002 501
0.912002 502
0.912002 503
0.912196 504
0.912196 505
0.912196 506
0.912196 507
0.912196 508
0.912196 509
0.912196 510
0.912196 511
0.912196 512
0.912196 513
0.912196 514
0.912196 515
0.912196 516
0.912196 517
0.912391 518
0.912391 519
0.912391 520
0.912391 521
0.912391 522
0.912391 523
0.912391 524
0.912391 525
0.912584 526
0.912584 527
0.912584 528
0.912775 529
0.912775 530
0.912775 531
0.912775 532
0.912775 533
0.912775 534
0.912775 535
0.912970 536
0.912970 537
0.912970 538
0.912970 539
0.912970 540
0.912970 541
0.912970 542
0.912970 543
0.912970 544
0.912970 545
0.912970 546
0.912970 547
0.912970 548
0.913162 549
0.913162 550
0.913162 551
0.913162 552
0.913162 553
0.913162 554
0.913162 555
0.913162 556
0.913162 557
0.913162 558
0.913162 559
0.913162 560
0.913162 561
0.913162 562
0.913162 563
0.913162 564
0.913162 565
0.913162 566
0.913162 567
0.913162 568
0.913357 569
0.913357 570
0.913357 571
0.913357 572
0.913357 573
0.913357 574
0.913357 575
0.913357 576
0.913357 577
0.913357 578
0.913357 579
0.913357 580
0.913357 581
0.913357 582
0.913357 583
0.913357 584
0.913357 585
0.913357 586
0.913357 587
0.913357 588
0.913357 589
0.913357 590
0.913357 591
0.913357 592
0.913357 593
0.913357 594
0.913357 595
0.913357 596
0.913357 597
0.913357 598
0.913357 599
0.913357 600
0.913357 601
0.913357 602
0.913357 603
0.913550 604
0.913550 605
0.913550 606
0.913550 607
0.913743 608
0.913743 609
0.913743 610
0.913743 611
0.913743 612
0.913743 613
0.913743 614
0.913743 615
0.913743 616
0.913743 617
0.913743 618
0.913743 619
0.913743 620
0.913743 621
0.913743 622
0.913743 623
0.913743 624
0.913743 625
0.913743 626
0.913743 627
0.913743 628
0.913743 629
0.913743 630
0.913743 631
0.913743 632
0.913743 633
0.913743 634
0.913743 635
0.913743 636
0.913743 637
0.913743 638
0.913743 639
0.913743 640
0.913936 641
0.913936 642
0.913936 643
0.913936 644
0.913936 645
0.913936 646
0.913936 647
0.913936 648
0.913936 649
0.913936 650
0.913936 651
0.913936 652
0.913936 653
0.913936 654
0.913936 655
0.913936 656
0.913936 657
0.913936 658
0.913936 659
0.913936 660
0.913936 661
0.913936 662
0.913936 663
0.913936 664
0.913936 665
0.913936 666
0.914130 667
0.914130 668
0.914130 669
0.914130 670
0.914130 671
0.914323 672
0.914323 673
0.914323 674
0.914323 675
0.914323 676
0.914323 677
0.914323 678
0.914323 679
0.914323 680
0.914323 681
0.914323 682
0.914323 683
0.914516 684
0.914516 685
0.914516 686
0.914516 687
0.914516 688
0.914516 689
0.914516 690
0.914516 691
0.914516 692
0.914516 693
0.914709 694
0.914709 695
0.914709 696
0.914709 697
0.914709 698
0.914709 699
0.914902 700
0.914902 701
0.914902 702
0.914902 703
0.914902 704
0.914902 705
0.914902 706
0.914902 707
0.914902 708
0.914902 709
0.915096 710
0.915096 711
0.915483 712
0.915677 713
0.915677 714
0.915677 715
0.915677 716
0.915677 717
0.915677 718
0.915677 719
0.915677 720
0.915677 721
0.915871 722
0.915871 723
0.915871 724
0.915871 725
0.915871 726
0.915871 727
0.915871 728
0.915871 729
0.915871 730
0.915871 731
0.915871 732
0.915871 733
0.915871 734
0.915871 735
0.915871 736
0.915871 737
0.915871 738
0.915871 739
0.915871 740
0.915871 741
0.915871 742
0.915871 743
0.915871 744
0.915871 745
0.915871 746
0.915871 747
0.915871 748
0.915871 749
0.915871 750
0.915871 751
0.915871 752
0.915871 753
0.915871 754
0.915871 755
0.915871 756
0.915871 757
0.915871 758
0.915871 759
0.915871 760
0.915871 761
0.915871 762
0.915871 763
0.915871 764
0.915871 765
0.915871 766
0.915871 767
0.915871 768
0.915871 769
0.915871 770
0.915871 771
0.915871 772
0.915871 773
0.915871 774
0.915871 775
0.915871 776
0.915871 777
0.915871 778
0.915871 779
0.915871 780
0.915871 781
0.916066 782
0.916066 783
0.916066 784
0.916066 785
0.916066 786
0.916066 787
0.916066 788
0.916066 789
0.916066 790
0.916066 791
0.916258 792
0.916452 793
0.916452 794
0.916452 795
0.916452 796
0.916452 797
0.916452 798
0.916645 799
0.916645 800
0.916645 801
0.916645 802
0.916645 803
0.916645 804
0.916645 805
0.916645 806
0.916645 807
0.916838 808
0.916838 809
0.917032 810
0.917032 811
0.917032 812
0.917032 813
0.917032 814
0.917032 815
0.917032 816
0.917032 817
0.917032 818
0.917613 819
0.917613 820
0.917613 821
0.917613 822
0.917613 823
0.917613 824
0.917613 825
0.917613 826
0.917613 827
0.917613 828
0.917613 829
0.917806 830
0.917806 831
0.917806 832
0.917806 833
0.917999 834
0.917999 835
0.917999 836
0.917999 837
0.917999 838
0.917999 839
0.917999 840
0.917999 841
0.917999 842
0.917999 843
0.917999 844
0.917999 845
0.917999 846
0.917999 847
0.917999 848
0.917999 849
0.917999 850
0.917999 851
0.917999 852
0.917999 853
0.917999 854
0.917999 855
0.917999 856
0.917999 857
0.917999 858
0.917999 859
0.917999 860
0.918192 861
0.918192 862
0.918192 863
0.918192 864
0.918192 865
0.918192 866
0.918192 867
0.918192 868
0.918192 869
0.918192 870
0.918192 871
0.918387 872
0.918387 873
0.918387 874
0.918581 875
0.918581 876
0.918581 877
0.918581 878
0.918581 879
0.918773 880
0.918773 881
0.918773 882
0.918773 883
0.918773 884
0.918773 885
0.918773 886
0.918967 887
0.918967 888
0.918967 889
0.918967 890
0.918967 891
0.918967 892
0.918967 893
0.918967 894
0.918967 895
0.918967 896
0.918967 897
0.918967 898
0.918967 899
0.918967 900
0.918967 901
0.918967 902
0.918967 903
0.918967 904
0.919162 905
0.919162 906
0.919162 907
0.919355 908
0.919355 909
0.919355 910
0.919355 911
0.919355 912
0.919355 913
0.919355 914
0.919355 915
0.919355 916
0.919355 917
0.919355 918
0.919355 919
0.919355 920
0.919355 921
0.919355 922
0.919355 923
0.919355 924
0.919355 925
0.919355 926
0.919355 927
0.919355 928
0.919355 929
0.919355 930
0.919355 931
0.919355 932
0.919355 933
0.919355 934
0.919355 935
0.919355 936
0.919355 937
0.919355 938
0.919355 939
0.919355 940
0.919355 941
0.919355 942
0.919355 943
0.919355 944
0.919355 945
0.919355 946
0.919355 947
0.919355 948
0.919355 949
0.919355 950
0.919355 951
0.919355 952
0.919355 953
0.919355 954
0.919355 955
0.919355 956
0.919355 957
0.919355 958
0.919355 959
0.919355 960
0.919355 961
0.919355 962
0.919355 963
0.919355 964
0.919355 965
0.919355 966
0.919355 967
0.919355 968
0.919549 969
0.919549 970
0.919549 971
0.919549 972
0.919549 973
0.919549 974
0.919549 975
0.919549 976
0.919549 977
0.919549 978
0.919549 979
0.919549 980
0.919549 981
0.919549 982
0.919549 983
0.919549 984
0.919549 985
0.919549 986
0.919549 987
0.919549 988
0.919549 989
0.919549 990
0.919549 991
0.919549 992
0.919549 993
0.919549 994
0.919549 995
0.919549 996
0.919549 997
0.919549 998
0.919549 999
0.919549 1000
0.919549 1001
0.919549 1002
0.919549 1003
0.919549 1004
0.919549 1005
0.919549 1006
0.919549 1007
0.919549 1008
0.919549 1009
0.919549 1010
0.919549 1011
0.919549 1012
0.919549 1013
0.919549 1014
0.919549 1015
0.919549 1016
0.919549 1017
0.919549 1018
0.919549 1019
0.919549 1020
0.919549 1021
0.919549 1022
0.919549 1023
0.919549 1024
0.919549 1025
0.919549 1026
0.919549 1027
0.919549 1028
0.919549 1029
0.919549 1030
0.919549 1031
0.919549 1032
0.919549 1033
0.919549 1034
0.919549 1035
0.919549 1036
0.919549 1037
0.919549 1038
0.919549 1039
0.919549 1040
0.919549 1041
0.919549 1042
0.919549 1043
0.919549 1044
0.919549 1045
0.919549 1046
0.919549 1047
0.919549 1048
0.919549 1049
0.919549 1050
0.919549 1051
0.919549 1052
0.919549 1053
0.919549 1054
0.919549 1055
0.919549 1056
0.919549 1057
0.919549 1058
0.919549 1059
0.919549 1060
0.919549 1061
0.919549 1062
0.919549 1063
0.919549 1064
0.919549 1065
0.919549 1066
0.919549 1067
0.919549 1068
0.919549 1069
0.919549 1070
0.919549 1071
0.919549 1072
0.919549 1073
0.919549 1074
0.919549 1075
0.919549 1076
0.919549 1077
0.919549 1078
0.919744 1079
0.919744 1080
0.919744 1081
0.919744 1082
0.919744 1083
0.919744 1084
0.919744 1085
0.919744 1086
0.919744 1087
0.919744 1088
0.919744 1089
0.919744 1090
0.919744 1091
0.919744 1092
0.919744 1093
0.919744 1094
0.919744 1095
0.919744 1096
0.919744 1097
0.919744 1098
0.919744 1099
0.919744 1100
0.919744 1101
0.919744 1102
0.919744 1103
0.919744 1104
0.919744 1105
0.919744 1106
0.919744 1107
0.919744 1108
0.919744 1109
0.919744 1110
0.919744 1111
0.919744 1112
0.919744 1113
0.919744 1114
0.919744 1115
0.919744 1116
0.919744 1117
0.919744 1118
0.919744 1119
0.919744 1120
0.919744 1121
0.919744 1122
0.919744 1123
0.919744 1124
0.919744 1125
0.919744 1126
0.919744 1127
0.919744 1128
0.919744 1129
0.919744 1130
0.919744 1131
0.919744 1132
0.919744 1133
0.919937 1134
0.919937 1135
0.919937 1136
0.919937 1137
0.920129 1138
0.920129 1139
0.920129 1140
0.920129 1141
0.920129 1142
0.920129 1143
0.920129 1144
0.920129 1145
0.920129 1146
0.920129 1147
0.920129 1148
0.920129 1149
0.920129 1150
0.920129 1151
0.920129 1152
0.920129 1153
0.920129 1154
0.920129 1155
0.920129 1156
0.920129 1157
0.920129 1158
0.920129 1159
0.920129 1160
0.920129 1161
0.920129 1162
0.920129 1163
0.920129 1164
0.920129 1165
0.920129 1166
0.920129 1167
0.920129 1168
0.920129 1169
0.920129 1170
0.920129 1171
0.920129 1172
0.920129 1173
0.920129 1174
0.920129 1175
0.920129 1176
0.920129 1177
0.920129 1178
0.920129 1179
0.920129 1180
0.920129 1181
0.920129 1182
0.920129 1183
0.920129 1184
0.920129 1185
0.920129 1186
0.920129 1187
0.920129 1188
0.920129 1189
0.920129 1190
0.920129 1191
0.920129 1192
0.920129 1193
0.920129 1194
0.920129 1195
0.920129 1196
0.920129 1197
0.920129 1198
0.920129 1199
0.920129 1200
0.920129 1201
0.920129 1202
0.920129 1203
0.920129 1204
0.920129 1205
0.920129 1206
0.920129 1207
0.920129 1208
0.920129 1209
0.920129 1210
0.920129 1211
0.920129 1212
0.920129 1213
0.920129 1214
0.920129 1215
0.920129 1216
0.920129 1217
0.920129 1218
0.920129 1219
0.920129 1220
0.920129 1221
0.920129 1222
0.920129 1223
0.920129 1224
0.920129 1225
0.920129 1226
0.920129 1227
0.920129 1228
0.920129 1229
0.920129 1230
0.920129 1231
0.920322 1232
0.920322 1233
0.920322 1234
0.920322 1235
0.920322 1236
0.920322 1237
0.920322 1238
0.920322 1239
0.920322 1240
0.920322 1241
0.920322 1242
0.920322 1243
0.920322 1244
0.920322 1245
0.920322 1246
0.920322 1247
0.920322 1248
0.920322 1249
0.920322 1250
0.920322 1251
0.920322 1252
0.920322 1253
0.920322 1254
0.920322 1255
0.920322 1256
0.920322 1257
0.920322 1258
0.920322 1259
0.920322 1260
0.920322 1261
0.920322 1262
0.920322 1263
0.920322 1264
0.920322 1265
0.920517 1266
0.920517 1267
0.920517 1268
0.920517 1269
0.920517 1270
0.920517 1271
0.920517 1272
0.920711 1273
0.920711 1274
0.920711 1275
0.920711 1276
0.920711 1277
0.920711 1278
0.920711 1279
0.920711 1280
0.920711 1281
0.920711 1282
0.920711 1283
0.920711 1284
0.920904 1285
0.920904 1286
0.920904 1287
0.920904 1288
0.920904 1289
0.920904 1290
0.920904 1291
0.920904 1292
0.920904 1293
0.921097 1294
0.921097 1295
0.921097 1296
0.921097 1297
0.921097 1298
0.921097 1299
0.921097 1300
0.921097 1301
0.921291 1302
0.921291 1303
0.921291 1304
0.921291 1305
0.921291 1306
0.921291 1307
0.921291 1308
0.921291 1309
0.921291 1310
0.921291 1311
0.921291 1312
0.921291 1313
0.921291 1314
0.921291 1315
0.921291 1316
0.921291 1317
0.921291 1318
0.921291 1319
0.921291 1320
0.921291 1321
0.921291 1322
0.921291 1323
0.921291 1324
0.921291 1325
0.921291 1326
0.921291 1327
0.921291 1328
0.921291 1329
0.921485 1330
0.921485 1331
0.921485 1332
0.921485 1333
0.921485 1334
0.921485 1335
0.921485 1336
0.921485 1337
0.921485 1338
0.921485 1339
0.921485 1340
0.921485 1341
0.921485 1342
0.921485 1343
0.921485 1344
0.921485 1345
0.921485 1346
0.921485 1347
0.921485 1348
0.921485 1349
0.921485 1350
0.921485 1351
0.921485 1352
0.921485 1353
0.921485 1354
0.921485 1355
0.921485 1356
0.921485 1357
0.921485 1358
0.921485 1359
0.921485 1360
0.921485 1361
0.921485 1362
0.921485 1363
0.921485 1364
0.921485 1365
0.921485 1366
0.921485 1367
0.921485 1368
0.921485 1369
0.921485 1370
0.921485 1371
0.921485 1372
0.921678 1373
0.921678 1374
0.921678 1375
0.921678 1376
0.921678 1377
0.921678 1378
0.921678 1379
0.921678 1380
0.921678 1381
0.921678 1382
0.921871 1383
0.921871 1384
0.921871 1385
0.921871 1386
0.921871 1387
0.921871 1388
0.921871 1389
0.921871 1390
0.921871 1391
0.921871 1392
0.921871 1393
0.921871 1394
0.921871 1395
0.921871 1396
0.921871 1397
0.921871 1398
0.921871 1399
0.921871 1400
0.921871 1401
0.921871 1402
0.921871 1403
0.921871 1404
0.921871 1405
0.921871 1406
0.921871 1407
0.921871 1408
0.921871 1409
0.921871 1410
0.921871 1411
0.922064 1412
0.922064 1413
0.922064 1414
0.922064 1415
0.922064 1416
0.922064 1417
0.922064 1418
0.922064 1419
0.922064 1420
0.922064 1421
0.922064 1422
0.922064 1423
0.922064 1424
0.922064 1425
0.922064 1426
0.922064 1427
0.922064 1428
0.922064 1429
0.922064 1430
0.922064 1431
0.922064 1432
0.922064 1433
0.922064 1434
0.922064 1435
0.922064 1436
0.922064 1437
0.922064 1438
0.922064 1439
0.922064 1440
0.922064 1441
0.922064 1442
0.922064 1443
0.922064 1444
0.922259 1445
0.922259 1446
0.922259 1447
0.922259 1448
0.922259 1449
0.922259 1450
0.922259 1451
0.922259 1452
0.922453 1453
0.922453 1454
0.922453 1455
0.922453 1456
0.922453 1457
0.922453 1458
0.922453 1459
0.922453 1460
0.922453 1461
0.922453 1462
0.922453 1463
0.922453 1464
0.922453 1465
0.922453 1466
0.922453 1467
0.922453 1468
0.922453 1469
0.922453 1470
0.922453 1471
0.922453 1472
0.922453 1473
0.922453 1474
0.922453 1475
0.922453 1476
0.922453 1477
0.922453 1478
0.922453 1479
0.922453 1480
0.922453 1481
0.922453 1482
0.922647 1483
0.922647 1484
0.922647 1485
0.922647 1486
0.922647 1487
0.922647 1488
0.922647 1489
0.922647 1490
0.922647 1491
0.922647 1492
0.922647 1493
0.922647 1494
0.922647 1495
0.922647 1496
0.922647 1497
0.922647 1498
0.922647 1499
0.922647 1500
0.922647 1501
0.922840 1502
0.922840 1503
0.922840 1504
0.922840 1505
0.922840 1506
0.922840 1507
0.922840 1508
0.922840 1509
0.922840 1510
0.922840 1511
0.922840 1512
0.923035 1513
0.923035 1514
0.923035 1515
0.923035 1516
0.923035 1517
0.923035 1518
0.923035 1519
0.923035 1520
0.923035 1521
0.923035 1522
0.923035 1523
0.923035 1524
0.923035 1525
0.923035 1526
0.923035 1527
0.923035 1528
0.923035 1529
0.923035 1530
0.923230 1531
0.923230 1532
0.923230 1533
0.923230 1534
0.923230 1535
0.923230 1536
0.923230 1537
0.923230 1538
0.923230 1539
0.923230 1540
0.923230 1541
0.923230 1542
0.923230 1543
0.923230 1544
0.923230 1545
0.923230 1546
0.923230 1547
0.923230 1548
0.923230 1549
0.923230 1550
0.923230 1551
0.923230 1552
0.923230 1553
0.923230 1554
0.923230 1555
0.923230 1556
0.923230 1557
0.923230 1558
0.923230 1559
0.923230 1560
0.923230 1561
0.923230 1562
0.923230 1563
0.923230 1564
0.923230 1565
0.923230 1566
0.923230 1567
0.923230 1568
0.923230 1569
0.923230 1570
0.923230 1571
0.923230 1572
0.923230 1573
0.923230 1574
0.923230 1575
0.923230 1576
0.923230 1577
0.923230 1578
0.923230 1579
0.923230 1580
0.923230 1581
0.923618 1582
0.923618 1583
0.923618 1584
0.923618 1585
0.923618 1586
0.923618 1587
0.923618 1588
0.923618 1589
0.923618 1590
0.923618 1591
0.923618 1592
0.923618 1593
0.923618 1594
0.923618 1595
0.923618 1596
0.923618 1597
0.923618 1598
0.923618 1599
0.923618 1600
0.923618 1601
0.923618 1602
0.923811 1603
0.923811 1604
0.923811 1605
0.923811 1606
0.923811 1607
0.923811 1608
0.923811 1609
0.923811 1610
0.923811 1611
0.923811 1612
0.924002 1613
0.924002 1614
0.924002 1615
0.924002 1616
0.924002 1617
0.924002 1618
0.924002 1619
0.924002 1620
0.924002 1621
0.924002 1622
0.924002 1623
0.924002 1624
0.924002 1625
0.924002 1626
0.924002 1627
0.924002 1628
0.924002 1629
0.924002 1630
0.924002 1631
0.924002 1632
0.924196 1633
0.924196 1634
0.924196 1635
0.924196 1636
0.924196 1637
0.924196 1638
0.924196 1639
0.924196 1640
0.924196 1641
0.924196 1642
0.924196 1643
0.924196 1644
0.924196 1645
0.924196 1646
0.924196 1647
0.924196 1648
0.924196 1649
0.924196 1650
0.924196 1651
0.924196 1652
0.924196 1653
0.924196 1654
0.924196 1655
0.924196 1656
0.924196 1657
0.924196 1658
0.924196 1659
0.924196 1660
0.924196 1661
0.924196 1662
0.924196 1663
0.924196 1664
0.924196 1665
0.924196 1666
0.924196 1667
0.924196 1668
0.924196 1669
0.924196 1670
0.924196 1671
0.924196 1672
0.924196 1673
0.924196 1674
0.924196 1675
0.924196 1676
0.924196 1677
0.924196 1678
0.924196 1679
0.924196 1680
0.924196 1681
0.924196 1682
0.924196 1683
0.924196 1684
0.924196 1685
0.924196 1686
0.924196 1687
0.924196 1688
0.924196 1689
0.924196 1690
0.924196 1691
0.924196 1692
0.924196 1693
0.924196 1694
0.924196 1695
0.924196 1696
0.924196 1697
0.924196 1698
0.924196 1699
0.924196 1700
0.924196 1701
0.924196 1702
0.924196 1703
0.924196 1704
0.924196 1705
0.924196 1706
0.924390 1707
0.924390 1708
0.924390 1709
0.924390 1710
0.924584 1711
0.924584 1712
0.924584 1713
0.924584 1714
0.924584 1715
0.924584 1716
0.924584 1717
0.924584 1718
0.924584 1719
0.924584 1720
0.924584 1721
0.924584 1722
0.924584 1723
0.924584 1724
0.924584 1725
0.924584 1726
0.924584 1727
0.924584 1728
0.924584 1729
0.924584 1730
0.924584 1731
0.924584 1732
0.924584 1733
0.924584 1734
0.924584 1735
0.924584 1736
0.924584 1737
0.924584 1738
0.924584 1739
0.924584 1740
0.924584 1741
0.924584 1742
0.924584 1743
0.924584 1744
0.924584 1745
0.924584 1746
0.924584 1747
0.924584 1748
0.924584 1749
0.924584 1750
0.924584 1751
0.924584 1752
0.924584 1753
0.924584 1754
0.924584 1755
0.924584 1756
0.924584 1757
0.924778 1758
0.924778 1759
0.924778 1760
0.924778 1761
0.924778 1762
0.924778 1763
0.924778 1764
0.924778 1765
0.924778 1766
0.924778 1767
0.924778 1768
0.924778 1769
0.924778 1770
0.924778 1771
0.924778 1772
0.924778 1773
0.924778 1774
0.924778 1775
0.924778 1776
0.924778 1777
0.924971 1778
0.924971 1779
0.924971 1780
0.924971 1781
0.924971 1782
0.924971 1783
0.924971 1784
0.924971 1785
0.924971 1786
0.924971 1787
0.925164 1788
0.925164 1789
0.925164 1790
0.925164 1791
0.925164 1792
0.925164 1793
0.925164 1794
0.925164 1795
0.925164 1796
0.925164 1797
0.925164 1798
0.925164 1799
0.925164 1800
0.925164 1801
0.925164 1802
0.925164 1803
0.925164 1804
0.925164 1805
0.925164 1806
0.925358 1807
0.925358 1808
0.925358 1809
0.925358 1810
0.925358 1811
0.925358 1812
0.925358 1813
0.925358 1814
0.925358 1815
0.925358 1816
0.925358 1817
0.925358 1818
0.925358 1819
0.925358 1820
0.925358 1821
0.925358 1822
0.925358 1823
0.925358 1824
0.925358 1825
0.925358 1826
0.925358 1827
0.925358 1828
0.925358 1829
0.925358 1830
0.925358 1831
0.925358 1832
0.925358 1833
0.925358 1834
0.925358 1835
0.925358 1836
0.925358 1837
0.925358 1838
0.925358 1839
0.925358 1840
0.925358 1841
0.925358 1842
0.925358 1843
0.925358 1844
0.925358 1845
0.925358 1846
0.925358 1847
0.925358 1848
0.925358 1849
0.925358 1850
0.925358 1851
0.925358 1852
0.925358 1853
0.925358 1854
0.925358 1855
0.925358 1856
0.925358 1857
0.925358 1858
0.925358 1859
0.925358 1860
0.925358 1861
0.925358 1862
0.925358 1863
0.925358 1864
0.925358 1865
0.925358 1866
0.925358 1867
0.925358 1868
0.925358 1869
0.925358 1870
0.925551 1871
0.925551 1872
0.925551 1873
0.925551 1874
0.925551 1875
0.925551 1876
0.925551 1877
0.925551 1878
0.925551 1879
0.925551 1880
0.925551 1881
0.925551 1882
0.925551 1883
0.925551 1884
0.925551 1885
0.925551 1886
0.925551 1887
0.925551 1888
0.925551 1889
0.925551 1890
0.925551 1891
0.925551 1892
0.925551 1893
0.925551 1894
0.925551 1895
0.925551 1896
0.925551 1897
0.925551 1898
0.925551 1899
0.925551 1900
0.925551 1901
0.925551 1902
0.925551 1903
0.925551 1904
0.925551 1905
0.925551 1906
0.925551 1907
0.925551 1908
0.925551 1909
0.925551 1910
0.925551 1911
0.925551 1912
0.925551 1913
0.925551 1914
0.925551 1915
0.925551 1916
0.925551 1917
0.925551 1918
0.925551 1919
0.925551 1920
0.925551 1921
0.925551 1922
0.925551 1923
0.925551 1924
0.925551 1925
0.925551 1926
0.925551 1927
0.925551 1928
0.925551 1929
0.925551 1930
0.925551 1931
0.925551 1932
0.925551 1933
0.925551 1934
0.925551 1935
0.925551 1936
0.925551 1937
0.925551 1938
0.925551 1939
0.925551 1940
0.925551 1941
0.925744 1942
0.925744 1943
0.925744 1944
0.925744 1945
0.925744 1946
0.925744 1947
0.925744 1948
0.925744 1949
0.925744 1950
0.925744 1951
0.925744 1952
0.925744 1953
0.925744 1954
0.925744 1955
0.925744 1956
0.925744 1957
0.925744 1958
0.925744 1959
0.925744 1960
0.925744 1961
0.925744 1962
0.925744 1963
0.925744 1964
0.925744 1965
0.925744 1966
0.925744 1967
0.925744 1968
0.925744 1969
0.925744 1970
0.925744 1971
0.925744 1972
0.925744 1973
0.925744 1974
0.925744 1975
0.925744 1976
0.925744 1977
0.925744 1978
0.925744 1979
0.925744 1980
0.925744 1981
0.925744 1982
0.925744 1983
0.925744 1984
0.925744 1985
0.925744 1986
0.925744 1987
0.925744 1988
0.925744 1989
0.925744 1990
0.925744 1991
0.925744 1992
0.925744 1993
0.925744 1994
0.925744 1995
0.925744 1996
0.925744 1997
0.925744 1998
0.925744 1999
0.925744 2000
