0.754364 1646
0.754364 1645
0.754364 1644
0.754364 1643
0.754364 1642
0.754364 1641
0.754364 1640
0.754364 1639
0.754364 1638
0.754364 1637
0.754364 1636
0.754364 1635
0.754364 1634
0.754364 1633
0.754364 1631
0.754364 1630
0.754364 1629
0.754364 1628
0.754364 1627
0.754364 1626
0.754364 1625
0.754364 1624
0.754364 1623
0.754364 1622
0.754364 1621
0.754364 1620
0.754364 1619
0.754364 1618
0.754364 1617
0.754364 1616
0.754364 1615
0.754364 1614
0.754364 1613
0.754364 1612
0.754364 1611
0.754364 1610
0.754364 1609
0.754364 1608
0.754364 1607
0.754364 1606
0.754364 1605
0.754254 1605
0.754254 1604
0.754254 1603
0.754254 1602
0.754254 1601
0.754244 1600
0.754244 1599
0.754244 1598
0.754244 1597
0.754244 1596
0.754244 1595
0.754244 1594
0.754244 1593
0.754244 1592
0.754244 1591
0.754244 1590
0.754244 1589
0.754244 1588
0.754244 1587
0.754244 1586
0.754244 1585
0.754244 1584
0.754244 1583
0.754244 1582
0.754244 1581
0.754244 1580
0.754244 1579
0.754244 1578
0.754244 1577
0.754244 1576
0.754244 1575
0.754244 1574
0.754244 1573
0.754244 1572
0.754244 1571
0.754244 1570
0.754244 1569
0.754244 1568
0.754244 1567
0.754121 1567
0.754039 1566
0.753909 1566
0.753909 1565
0.75385 1564
0.75385 1563
0.75385 1562
0.75385 1561
0.753755 1560
0.753755 1559
0.753755 1558
0.753755 1557
0.753755 1556
0.753755 1555
0.753755 1554
0.753755 1553
0.753755 1552
0.753755 1551
0.753755 1550
0.753755 1549
0.753755 1548
0.753755 1547
0.753755 1546
0.753755 1545
0.753755 1544
0.753755 1543
0.753755 1542
0.753755 1541
0.753755 1540
0.753755 1539
0.753755 1538
0.753755 1537
0.753755 1536
0.753755 1535
0.753726 1535
0.753726 1534
0.753726 1533
0.753726 1532
0.753726 1531
0.753726 1530
0.753726 1529
0.753726 1528
0.753726 1527
0.753726 1526
0.753726 1525
0.753726 1524
0.753726 1523
0.753726 1522
0.753726 1521
0.753726 1520
0.753726 1519
0.753726 1518
0.753726 1517
0.753726 1516
0.753726 1515
0.753726 1514
0.753726 1513
0.753726 1512
0.753726 1511
0.753726 1510
0.753726 1509
0.753726 1508
0.753726 1507
0.753726 1506
0.753726 1505
0.753726 1504
0.753726 1503
0.753726 1502
0.753726 1501
0.753726 1500
0.753726 1499
0.753726 1498
0.753726 1497
0.753726 1496
0.753726 1495
0.753726 1494
0.753726 1493
0.753726 1492
0.753726 1491
0.753726 1490
0.753726 1489
0.753726 1488
0.753726 1487
0.753726 1486
0.753726 1485
0.753726 1484
0.753726 1483
0.753726 1482
0.753726 1481
0.753726 1480
0.753726 1479
0.753726 1478
0.753613 1478
0.753613 1477
0.753613 1476
0.753613 1475
0.753613 1474
0.753613 1473
0.753613 1472
0.753613 1471
0.753613 1470
0.753613 1469
0.753613 1468
0.753613 1467
0.753613 1466
0.753613 1465
0.753613 1464
0.753613 1463
0.753465 1463
0.753465 1462
0.753465 1461
0.753465 1460
0.753465 1459
0.753465 1458
0.753465 1457
0.753465 1456
0.753465 1455
0.753465 1454
0.753465 1453
0.753465 1452
0.753465 1451
0.753465 1450
0.753465 1449
0.753465 1448
0.753465 1447
0.753465 1446
0.753465 1445
0.753465 1444
0.753465 1443
0.753465 1442
0.753465 1441
0.753465 1440
0.753465 1439
0.753465 1438
0.753465 1437
0.753465 1436
0.753465 1435
0.753465 1434
0.753465 1433
0.753465 1432
0.753465 1431
0.753465 1430
0.753465 1429
0.753465 1428
0.753465 1427
0.753465 1426
0.753465 1425
0.753465 1424
0.753465 1423
0.753465 1422
0.753465 1421
0.753465 1420
0.753465 1419
0.753465 1418
0.753465 1417
0.753465 1416
0.753465 1415
0.753465 1414
0.753465 1413
0.753405 1412
0.753405 1411
0.753405 1410
0.753405 1409
0.753405 1408
0.753405 1407
0.753405 1406
0.753405 1405
0.753405 1404
0.753405 1403
0.753405 1402
0.753405 1401
0.753405 1400
0.753405 1399
0.753405 1398
0.753405 1397
0.753405 1396
0.753405 1395
0.753405 1394
0.753405 1393
0.753405 1392
0.753405 1391
0.753405 1390
0.753405 1389
0.753405 1388
0.753405 1387
0.753405 1386
0.753405 1385
0.753405 1384
0.753295 1384
0.753295 1383
0.753295 1382
0.753295 1381
0.753295 1380
0.753295 1379
0.753295 1378
0.753295 1377
0.753295 1376
0.753156 1376
0.753156 1375
0.753156 1374
0.753156 1373
0.753156 1372
0.753156 1371
0.753156 1370
0.753156 1369
0.753156 1368
0.753156 1367
0.753156 1366
0.753156 1365
0.753156 1364
0.753156 1363
0.753156 1362
0.753156 1361
0.753156 1360
0.753156 1359
0.753156 1358
0.753156 1357
0.753085 1356
0.753085 1355
0.753085 1354
0.753085 1353
0.753083 1352
0.753083 1351
0.753083 1350
0.753083 1349
0.753083 1348
0.753083 1347
0.753083 1346
0.753083 1345
0.753083 1344
0.753083 1343
0.753083 1342
0.752955 1342
0.752955 1341
0.752955 1340
0.752955 1339
0.752955 1338
0.752955 1337
0.752955 1336
0.752955 1335
0.752955 1334
0.752955 1333
0.752955 1332
0.752955 1331
0.752955 1330
0.752955 1329
0.752955 1328
0.752955 1327
0.752955 1326
0.752955 1325
0.752955 1324
0.752955 1323
0.752955 1322
0.752955 1321
0.752955 1320
0.752821 1320
0.752821 1319
0.752821 1318
0.752821 1317
0.752821 1316
0.752821 1315
0.752821 1314
0.752821 1313
0.752821 1312
0.752821 1311
0.752821 1310
0.752821 1309
0.752821 1308
0.752821 1307
0.752821 1306
0.752821 1305
0.752821 1304
0.752821 1303
0.752821 1302
0.752675 1302
0.752675 1301
0.752675 1300
0.752675 1299
0.752675 1298
0.752675 1297
0.752675 1296
0.752675 1295
0.752675 1294
0.752675 1293
0.752675 1292
0.752675 1291
0.752675 1290
0.752675 1289
0.752675 1288
0.752675 1287
0.752675 1286
0.752675 1285
0.752551 1285
0.752551 1284
0.752551 1283
0.752551 1282
0.752551 1280
0.752551 1279
0.752551 1278
0.752551 1277
0.752551 1276
0.752551 1275
0.752551 1274
0.752551 1273
0.752551 1272
0.752551 1271
0.752551 1270
0.752407 1270
0.752407 1269
0.752407 1268
0.752407 1267
0.752407 1266
0.752407 1265
0.752407 1264
0.752407 1263
0.752407 1262
0.752407 1261
0.752407 1260
0.752407 1259
0.752407 1258
0.752407 1257
0.752407 1256
0.752407 1255
0.75228 1255
0.75228 1254
0.752225 1253
0.752225 1252
0.752225 1251
0.752225 1250
0.752155 1250
0.752155 1249
0.752155 1248
0.752155 1247
0.752155 1246
0.752155 1245
0.752019 1245
0.752019 1244
0.752019 1243
0.752019 1242
0.752019 1241
0.752019 1240
0.752019 1239
0.752019 1238
0.752019 1237
0.752019 1236
0.752019 1235
0.752019 1234
0.752019 1233
0.752019 1232
0.75186 1232
0.75186 1231
0.75186 1230
0.75186 1229
0.75186 1228
0.75186 1227
0.75186 1226
0.75186 1225
0.75186 1224
0.75186 1223
0.75186 1222
0.75186 1221
0.75186 1220
0.75186 1219
0.75186 1218
0.751776 1218
0.751776 1217
0.751776 1216
0.751776 1215
0.751776 1214
0.751776 1213
0.751776 1212
0.751776 1211
0.751776 1210
0.751776 1209
0.751653 1209
0.751653 1208
0.751653 1207
0.751653 1206
0.751653 1205
0.751653 1204
0.751653 1203
0.751653 1202
0.751653 1201
0.751653 1200
0.751653 1199
0.751653 1198
0.751653 1197
0.751653 1196
0.751653 1195
0.751653 1194
0.751653 1193
0.751653 1192
0.751653 1191
0.751653 1190
0.751653 1189
0.751653 1188
0.751653 1187
0.751653 1186
0.751653 1185
0.751653 1184
0.751653 1183
0.751653 1182
0.751653 1181
0.751653 1180
0.751653 1179
0.751653 1178
0.751611 1177
0.751611 1176
0.751611 1175
0.751611 1174
0.751611 1173
0.751611 1172
0.751611 1171
0.751611 1170
0.751611 1169
0.751611 1168
0.751611 1167
0.751611 1166
0.751611 1165
0.751611 1164
0.751611 1163
0.751611 1162
0.751611 1161
0.751611 1160
0.751486 1160
0.751486 1159
0.751486 1158
0.751486 1157
0.751486 1156
0.751486 1155
0.751486 1154
0.751486 1153
0.751486 1152
0.751486 1151
0.751333 1151
0.751333 1149
0.751333 1148
0.751333 1146
0.751333 1145
0.751333 1144
0.751333 1143
0.751333 1142
0.751333 1141
0.751333 1140
0.751333 1139
0.751333 1138
0.751333 1137
0.751333 1136
0.751333 1135
0.751333 1134
0.751333 1133
0.751333 1132
0.751333 1131
0.751333 1130
0.751333 1129
0.751333 1128
0.751333 1127
0.751333 1126
0.751333 1125
0.751333 1124
0.751333 1123
0.751333 1122
0.751333 1121
0.751333 1120
0.751333 1119
0.751333 1118
0.751333 1117
0.751333 1116
0.751333 1115
0.751333 1114
0.751333 1113
0.75117 1113
0.75117 1112
0.75117 1111
0.75117 1110
0.75117 1109
0.75117 1108
0.75117 1107
0.75117 1106
0.75117 1105
0.75117 1104
0.75117 1103
0.75117 1102
0.75117 1101
0.75117 1100
0.75117 1099
0.75117 1098
0.75117 1097
0.751136 1096
0.751136 1095
0.751136 1094
0.751 1093
0.751 1092
0.751 1091
0.751 1090
0.751 1088
0.751 1087
0.751 1086
0.751 1085
0.751 1084
0.751 1083
0.751 1082
0.750834 1082
0.750834 1081
0.750834 1080
0.750834 1079
0.750834 1078
0.750834 1077
0.750834 1076
0.750717 1076
0.750717 1075
0.750717 1074
0.750717 1073
0.750717 1072
0.750717 1071
0.750717 1070
0.750717 1069
0.750717 1068
0.750717 1067
0.750717 1066
0.750717 1065
0.750717 1064
0.750636 1063
0.750636 1062
0.750636 1061
0.750636 1060
0.750636 1059
0.750636 1058
0.750636 1057
0.750596 1056
0.750596 1055
0.750596 1054
0.750596 1053
0.750596 1052
0.750596 1051
0.750452 1051
0.750452 1050
0.750452 1049
0.750452 1048
0.750452 1047
0.750452 1046
0.750452 1045
0.750452 1044
0.750452 1043
0.750337 1043
0.750337 1042
0.750337 1041
0.750337 1040
0.750337 1039
0.750337 1038
0.750337 1037
0.750337 1036
0.750337 1035
0.750337 1034
0.750337 1033
0.750337 1032
0.750337 1031
0.750337 1030
0.750198 1030
0.750198 1029
0.750198 1028
0.750198 1027
0.750072 1027
0.750072 1026
0.750072 1025
0.750072 1024
0.750072 1023
0.750072 1022
0.750072 1021
0.750072 1020
0.750072 1019
0.750072 1018
0.750072 1017
0.750072 1016
0.750072 1015
0.750072 1014
0.750072 1013
0.750072 1012
0.750072 1011
0.750072 1010
0.750072 1009
0.750072 1008
0.750072 1007
0.750072 1006
0.750072 1005
0.750072 1004
0.750072 1003
0.750072 1002
0.750072 1001
0.750072 1000
0.750072 999
0.750072 998
0.750072 997
0.750072 996
0.750072 995
0.750072 994
0.750072 993
0.750072 992
0.750072 991
0.750072 990
0.750072 989
0.749967 989
0.749967 988
0.749967 987
0.749967 986
0.749967 985
0.749967 984
0.749967 983
0.749832 983
0.749832 982
0.749832 981
0.749832 980
0.749832 979
0.749832 978
0.749832 977
0.749832 976
0.749832 975
0.749832 974
0.749832 973
0.749832 972
0.749832 971
0.749832 970
0.749832 969
0.749832 968
0.749832 967
0.749832 966
0.749832 965
0.749832 964
0.749776 963
0.749776 962
0.749776 961
0.749776 960
0.749776 959
0.749776 958
0.749776 957
0.749776 956
0.749687 955
0.749687 954
0.749687 953
0.749687 952
0.749687 951
0.749687 950
0.749687 949
0.749687 948
0.749687 947
0.749687 946
0.749687 945
0.749678 944
0.749678 943
0.749678 942
0.749678 941
0.749678 940
0.749678 939
0.749678 938
0.749678 937
0.749678 936
0.749678 935
0.749678 934
0.749678 933
0.749528 933
0.749528 932
0.749528 931
0.749528 930
0.749528 929
0.749528 928
0.749528 927
0.749528 926
0.749528 925
0.749528 924
0.749528 923
0.749528 922
0.749528 921
0.749528 920
0.749528 919
0.749528 918
0.749528 917
0.749528 916
0.749528 915
0.749528 914
0.749528 913
0.749528 912
0.749528 911
0.749528 910
0.749528 909
0.74943 909
0.74943 908
0.74943 907
0.74943 906
0.74943 905
0.74943 904
0.749322 904
0.749322 903
0.749322 902
0.749322 901
0.749322 900
0.749322 899
0.749322 898
0.749177 898
0.749177 897
0.7491 897
0.7491 896
0.7491 895
0.7491 894
0.7491 893
0.7491 892
0.7491 891
0.7491 890
0.7491 889
0.7491 888
0.7491 887
0.7491 886
0.7491 885
0.748995 885
0.748995 884
0.748995 883
0.748995 882
0.748995 881
0.748995 880
0.748995 879
0.748952 879
0.748952 878
0.748952 877
0.748797 877
0.748797 876
0.748655 876
0.748655 875
0.748655 874
0.748655 873
0.748655 872
0.748655 871
0.748655 870
0.748655 869
0.7485 869
0.7485 868
0.7485 867
0.7485 866
0.7485 865
0.7485 864
0.74835 864
0.74835 863
0.748217 863
0.748217 862
0.748217 861
0.748217 860
0.748217 859
0.748217 858
0.748217 857
0.748217 856
0.748217 855
0.748217 854
0.748071 854
0.748071 853
0.748071 852
0.748071 851
0.748071 850
0.748071 849
0.748071 848
0.748071 847
0.748071 846
0.748071 845
0.748071 844
0.748071 843
0.748071 842
0.748071 841
0.748071 840
0.748071 839
0.748071 838
0.748071 837
0.748071 836
0.748071 835
0.748071 834
0.748071 833
0.748071 832
0.748071 831
0.748071 830
0.748071 829
0.748071 828
0.748071 827
0.748071 826
0.748071 825
0.748071 824
0.747936 824
0.747936 823
0.747936 822
0.747936 821
0.747936 820
0.747936 819
0.747936 818
0.747936 817
0.747936 816
0.747936 815
0.747936 814
0.747936 813
0.747936 812
0.747936 811
0.747936 810
0.747936 809
0.747936 808
0.747936 807
0.747936 806
0.747936 805
0.747936 804
0.747936 803
0.747936 802
0.747936 801
0.747936 800
0.747936 798
0.747936 797
0.747936 796
0.747936 795
0.747936 794
0.747936 793
0.747936 792
0.747876 791
0.747771 791
0.747771 790
0.747771 789
0.747771 788
0.747771 787
0.747771 786
0.747771 785
0.747771 784
0.747771 783
0.747706 782
0.747706 781
0.747706 780
0.747706 779
0.747706 778
0.747706 777
0.747706 776
0.747706 775
0.747706 774
0.74759 774
0.74759 773
0.74759 772
0.74759 771
0.74759 770
0.74759 769
0.74759 768
0.74759 767
0.74759 766
0.74759 765
0.74759 764
0.74759 763
0.74759 762
0.747493 761
0.747493 760
0.747493 759
0.747493 758
0.747493 757
0.747493 756
0.747493 755
0.747493 754
0.747493 753
0.747493 752
0.747493 751
0.747493 750
0.747493 749
0.747493 748
0.747493 747
0.747493 746
0.747493 745
0.747371 745
0.747371 744
0.747371 743
0.747371 742
0.747371 741
0.747371 740
0.747371 739
0.747371 738
0.747243 738
0.747243 737
0.747243 736
0.747243 735
0.747243 734
0.747243 733
0.747243 732
0.747243 731
0.747243 730
0.747243 729
0.747163 728
0.747163 727
0.747163 726
0.747163 725
0.747163 724
0.747163 723
0.747163 722
0.747163 721
0.747163 720
0.747163 719
0.747163 718
0.747163 717
0.74704 717
0.74704 716
0.74704 715
0.746907 715
0.746907 714
0.746907 713
0.746853 712
0.746853 711
0.746853 710
0.746853 709
0.746853 708
0.746853 707
0.746853 706
0.746853 705
0.746853 704
0.746853 703
0.746853 702
0.746853 701
0.746853 700
0.746853 699
0.746853 698
0.746853 697
0.746853 696
0.746853 695
0.746853 694
0.746853 693
0.746729 693
0.746729 692
0.746729 691
0.746627 691
0.746627 690
0.746517 690
0.746517 689
0.746389 689
0.746389 688
0.746389 687
0.746389 686
0.746389 685
0.746389 684
0.746389 683
0.746389 682
0.746389 681
0.746389 680
0.746389 679
0.746389 678
0.746389 677
0.746389 676
0.746389 675
0.746253 675
0.746253 674
0.746253 673
0.74611 673
0.74611 672
0.74611 671
0.74611 670
0.74611 669
0.74611 668
0.74611 667
0.74611 666
0.74611 665
0.74611 664
0.74611 663
0.74611 662
0.74611 661
0.74611 660
0.74611 659
0.74611 658
0.74611 657
0.74611 656
0.74611 655
0.74611 654
0.74611 653
0.74611 652
0.74611 651
0.74611 650
0.74611 649
0.74611 648
0.74611 647
0.745988 647
0.745988 646
0.745988 645
0.745988 644
0.745988 643
0.745939 642
0.745939 641
0.745939 640
0.745939 639
0.745932 638
0.745831 638
0.745831 637
0.745831 636
0.745723 636
0.745723 635
0.745723 634
0.745723 633
0.745603 633
0.745603 632
0.745603 631
0.745603 630
0.745603 629
0.745455 629
0.745455 628
0.745455 627
0.745455 626
0.745455 625
0.745455 624
0.745313 624
0.745313 623
0.745313 622
0.74516 622
0.74516 621
0.74516 620
0.74516 619
0.745053 619
0.745053 618
0.745053 617
0.745053 616
0.744967 615
0.744808 615
0.744808 614
0.744808 613
0.744808 612
0.744808 611
0.744662 611
0.744662 610
0.744662 609
0.744662 608
0.744662 607
0.744662 606
0.744662 605
0.744662 604
0.744662 603
0.744662 602
0.744662 601
0.744662 600
0.744662 599
0.74453 599
0.74453 598
0.74453 597
0.74453 596
0.74453 595
0.74453 594
0.74453 593
0.74453 592
0.74453 591
0.744517 590
0.744517 589
0.744517 588
0.744517 587
0.744517 586
0.744517 585
0.744517 584
0.744517 583
0.744517 582
0.744517 581
0.744517 580
0.744517 579
0.744517 578
0.744517 577
0.744517 576
0.744517 575
0.744517 574
0.744517 573
0.744517 572
0.744517 571
0.744517 570
0.744517 569
0.744517 568
0.744517 567
0.744517 566
0.744517 565
0.744517 564
0.744517 563
0.744517 562
0.744517 561
0.744517 560
0.744517 559
0.744427 558
0.744427 557
0.744427 556
0.744427 555
0.744427 554
0.744427 553
0.744427 552
0.744303 552
0.744152 552
0.744152 551
0.744029 551
0.744029 550
0.744029 549
0.743904 549
0.743904 548
0.743904 547
0.743904 546
0.743779 546
0.743779 545
0.743779 544
0.743662 544
0.743662 543
0.743544 543
0.743544 542
0.743544 541
0.743544 540
0.743544 539
0.743544 538
0.743544 537
0.743544 536
0.743544 535
0.743544 534
0.743544 533
0.743544 532
0.743399 532
0.743399 531
0.743269 531
0.743269 530
0.743269 529
0.743155 529
0.743155 528
0.743155 527
0.743155 526
0.743155 525
0.743036 525
0.743036 524
0.743036 523
0.742883 523
0.742883 522
0.742883 521
0.742768 521
0.742768 520
0.742768 519
0.742608 519
0.742481 519
0.742321 519
0.742321 518
0.742321 517
0.742321 516
0.742321 515
0.742321 514
0.74219 514
0.74219 513
0.74219 512
0.74219 511
0.74219 510
0.74219 509
0.74219 508
0.74219 507
0.74219 506
0.74219 505
0.74219 504
0.74219 503
0.74219 502
0.74219 501
0.742046 501
0.741938 501
0.741938 500
0.741837 500
0.741837 499
0.741837 498
0.741752 497
0.741752 496
0.741752 495
0.741752 494
0.741752 493
0.741752 492
0.741752 491
0.741752 490
0.741752 489
0.741752 488
0.741752 487
0.741752 486
0.741752 485
0.741752 484
0.741752 483
0.741752 482
0.741752 481
0.741658 480
0.741658 479
0.741658 478
0.741658 477
0.741658 476
0.741658 475
0.741658 474
0.741658 473
0.741658 472
0.741658 471
0.741658 470
0.741658 469
0.741658 468
0.741658 467
0.741508 467
0.741508 466
0.741508 465
0.741508 464
0.741508 463
0.741508 462
0.741508 461
0.74135 461
0.74135 460
0.74135 459
0.741319 458
0.741319 457
0.741188 457
0.741047 457
0.741047 456
0.741047 455
0.74091 455
0.74091 454
0.74091 453
0.740763 453
0.740763 452
0.740619 452
0.740619 451
0.740619 450
0.740619 449
0.740619 448
0.740619 447
0.740619 446
0.740619 445
0.740619 444
0.740619 443
0.740619 442
0.740531 441
0.740419 441
0.740419 440
0.740333 439
0.740333 438
0.740333 437
0.740333 436
0.740333 435
0.740333 434
0.740333 433
0.740139 434
0.740139 433
0.740139 432
0.740139 431
0.740139 430
0.740139 429
0.740139 428
0.740139 427
0.739981 427
0.739981 426
0.739981 425
0.739981 424
0.739981 423
0.739852 423
0.739852 422
0.739852 421
0.739852 420
0.739852 419
0.739852 418
0.739745 418
0.739712 417
0.739712 416
0.739712 415
0.739712 414
0.739712 413
0.739712 412
0.739712 411
0.739712 410
0.739712 409
0.739565 409
0.739565 408
0.739565 407
0.739565 406
0.739565 405
0.739565 404
0.739565 403
0.739403 403
0.739403 402
0.739403 401
0.739403 400
0.739403 398
0.739403 397
0.739262 397
0.739262 396
0.739262 395
0.739131 395
0.739131 394
0.739131 393
0.739131 392
0.738987 392
0.738987 391
0.739081 389
0.739081 388
0.739081 387
0.739081 386
0.738944 386
0.738944 385
0.738944 384
0.738944 383
0.738841 383
0.738841 382
0.738841 381
0.738841 379
0.738841 378
0.738841 377
0.738722 377
0.738722 376
0.738707 375
0.738623 374
0.738623 373
0.738557 372
0.738557 371
0.738557 370
0.738557 369
0.738557 368
0.738557 367
0.738557 366
0.738521 365
0.738521 364
0.738375 364
0.738375 363
0.738375 362
0.738375 361
0.738231 361
0.738081 361
0.738081 360
0.737984 360
0.737836 360
0.737836 359
0.737713 359
0.737606 359
0.737509 359
0.737509 358
0.737509 357
0.737509 356
0.737509 355
0.737509 354
0.737509 353
0.737509 352
0.737509 351
0.737352 351
0.737338 350
0.737338 349
0.737338 348
0.737213 348
0.737213 347
0.737213 346
0.737057 346
0.737057 345
0.737057 344
0.736936 344
0.736936 343
0.736936 342
0.736936 341
0.736936 340
0.736936 339
0.736936 338
0.736936 337
0.736793 337
0.736669 337
0.736669 336
0.736669 335
0.736669 334
0.736669 333
0.736669 332
0.736669 331
0.736531 331
0.736531 330
0.736531 329
0.736531 328
0.736531 327
0.73639 327
0.73639 326
0.73639 325
0.73639 324
0.736262 324
0.736262 323
0.736121 323
0.735961 323
0.735961 322
0.735961 321
0.735961 320
0.735961 319
0.735961 318
0.735803 318
0.735803 317
0.735803 316
0.735803 315
0.735803 314
0.735803 313
0.735803 312
0.735633 312
0.735633 311
0.735507 311
0.735507 310
0.735376 310
0.735376 309
0.735376 308
0.735216 308
0.735216 307
0.735216 306
0.735069 306
0.73495 306
0.734812 306
0.734812 305
0.734812 304
0.734812 303
0.734697 303
0.734697 302
0.734697 301
0.734697 300
0.734697 299
0.734697 298
0.734577 298
0.734577 297
0.734577 296
0.734577 295
0.734577 294
0.734577 293
0.734577 292
0.734577 291
0.734577 290
0.734577 289
0.734428 289
0.734428 288
0.734428 287
0.734285 287
0.734285 286
0.734285 285
0.734285 284
0.734285 283
0.734285 282
0.734285 281
0.734285 280
0.734145 280
0.734145 279
0.733993 279
0.733993 278
0.733993 277
0.733993 276
0.733993 275
0.733993 274
0.733993 273
0.733993 272
0.733993 271
0.733993 270
0.733993 269
0.733993 268
0.733993 267
0.733993 266
0.733882 266
0.733882 265
0.733882 264
0.733882 263
0.733769 263
0.733769 262
0.733618 262
0.733618 261
0.733618 260
0.733618 259
0.733492 259
0.733341 259
0.733341 258
0.733205 258
0.733205 257
0.733205 256
0.733205 255
0.733205 254
0.733079 254
0.733003 253
0.733003 252
0.733003 251
0.733003 250
0.73285 250
0.73285 249
0.732722 249
0.732582 249
0.732582 248
0.732582 247
0.732582 246
0.732582 245
0.73246 245
0.73246 244
0.73246 243
0.73246 242
0.73246 241
0.73246 240
0.732349 240
0.732192 240
0.732082 240
0.732082 239
0.731941 239
0.731941 238
0.731787 238
0.731787 237
0.731633 237
0.731506 237
0.731506 236
0.731362 236
0.731235 236
0.731235 235
0.731121 235
0.731121 234
0.731121 233
0.730973 233
0.730973 232
0.730973 231
0.730824 231
0.730824 230
0.730824 229
0.730686 229
0.730549 229
0.730549 228
0.730549 227
0.730549 226
0.730549 225
0.730549 224
0.730393 224
0.730272 224
0.730116 224
0.730116 223
0.729985 223
0.729985 222
0.72984 222
0.729734 222
0.729734 221
0.729583 221
0.729437 221
0.729437 220
0.729324 220
0.729324 219
0.729324 218
0.729184 218
0.729184 217
0.729042 217
0.728885 217
0.728885 216
0.72874 216
0.72874 215
0.728592 215
0.728477 215
0.728477 214
0.728326 214
0.728201 214
0.728074 214
0.727935 214
0.727789 214
0.727789 213
0.727789 212
0.727689 212
0.727689 211
0.727567 211
0.727457 211
0.727457 210
0.727457 209
0.727312 209
0.727215 208
0.727215 207
0.727101 207
0.727101 206
0.727101 205
0.727101 204
0.726941 204
0.726941 203
0.726801 203
0.726801 202
0.726801 201
0.726801 200
0.726801 199
0.726801 198
0.726654 198
0.726654 197
0.726522 197
0.726522 196
0.726376 196
0.726264 196
0.726129 196
0.726129 195
0.725969 195
0.725969 194
0.725969 193
0.725969 192
0.725969 191
0.725969 190
0.725969 189
0.725832 189
0.725725 189
0.725613 189
0.725492 189
0.725415 188
0.725415 187
0.725312 187
0.725172 187
0.725013 187
0.72487 187
0.72487 186
0.724746 186
0.724746 185
0.724746 184
0.724617 184
0.724617 183
0.724617 182
0.724617 181
0.72452 180
0.72452 179
0.724399 179
0.724399 178
0.724258 178
0.724258 177
0.724258 176
0.724258 175
0.724258 174
0.724258 173
0.724258 172
0.724118 172
0.723962 172
0.723962 171
0.723844 171
0.723844 170
0.723844 169
0.72372 169
0.72372 168
0.723572 168
0.723572 167
0.723444 167
0.723304 167
0.723169 167
0.723023 167
0.723023 166
0.722866 166
0.722708 166
0.722708 165
0.722574 165
0.722426 165
0.722426 164
0.722426 163
0.722286 163
0.72218 163
0.72218 162
0.722057 162
0.721905 162
0.721905 161
0.721754 161
0.721614 161
0.721614 160
0.721614 159
0.721614 158
0.721514 158
0.721379 158
0.721226 158
0.721063 158
0.721063 157
0.720925 157
0.720925 156
0.720925 155
0.720781 155
0.720632 155
0.720496 155
0.720349 155
0.720349 154
0.720349 153
0.720189 153
0.72003 153
0.719877 153
0.71973 153
0.719593 153
0.719593 152
0.719593 151
0.719593 150
0.719431 150
0.719431 149
0.719277 149
0.719145 149
0.719015 149
0.718894 149
0.718738 149
0.718585 149
0.71843 149
0.718282 149
0.718136 149
0.717996 149
0.71785 149
0.717696 149
0.717552 149
0.717552 148
0.71743 148
0.717311 148
0.71715 148
0.716998 148
0.71686 148
0.716758 148
0.716654 148
0.716515 148
0.716364 148
0.716215 148
0.716086 148
0.715951 148
0.715822 148
0.715822 147
0.715822 146
0.715822 145
0.715662 145
0.715662 144
0.715527 144
0.715391 144
0.715277 144
0.715186 143
0.715026 143
0.7149 143
0.714732 143
0.714607 143
0.71447 143
0.714358 143
0.714226 143
0.714081 143
0.714081 142
0.714081 141
0.714081 140
0.714081 139
0.713943 139
0.713806 139
0.713806 138
0.713676 138
0.71353 138
0.713377 138
0.713256 138
0.713125 138
0.713125 137
0.713125 136
0.713037 135
0.71288 135
0.712737 135
0.712586 135
0.712474 135
0.71234 135
0.712217 135
0.712067 135
0.711972 134
0.711972 133
0.711814 133
0.711802 132
0.711802 131
0.711679 131
0.711526 131
0.711526 130
0.711526 129
0.711372 129
0.711222 129
0.711059 129
0.710972 128
0.710972 127
0.710667 127
0.710516 127
0.71037 127
0.710246 127
0.710118 127
0.709967 127
0.709967 126
0.709841 126
0.709681 126
0.709533 126
0.70941 126
0.70941 125
0.709252 125
0.709123 125
0.708987 125
0.708987 124
0.708987 123
0.708846 123
0.708701 123
0.708701 122
0.708551 122
0.708409 122
0.708291 122
0.70814 122
0.70814 121
0.70814 120
0.708034 120
0.707888 120
0.707767 120
0.707657 120
0.707513 120
0.707396 120
0.707252 120
0.707252 119
0.707098 119
0.706955 119
0.706839 119
0.706713 119
0.706713 118
0.706713 117
0.706713 116
0.706571 116
0.706571 115
0.706571 114
0.706413 114
0.706413 113
0.706413 112
0.706259 112
0.706126 112
0.706126 111
0.705991 111
0.705821 111
0.705821 110
0.705821 109
0.705694 109
0.705694 108
0.705694 107
0.705577 107
0.705407 107
0.705257 107
0.705126 107
0.705126 106
0.704978 106
0.704832 106
0.704832 105
0.704832 104
0.704679 104
0.704679 103
0.70454 103
0.704384 103
0.704224 103
0.704068 103
0.704068 102
0.704068 101
0.703924 101
0.703786 101
0.703638 101
0.703515 101
0.703515 100
0.703365 100
0.703365 99
0.703365 98
0.703112 98
0.702991 98
0.702849 98
0.702849 97
0.702826 96
0.702826 95
0.702826 94
0.702692 94
0.70254 94
0.702382 94
0.702263 94
0.70212 94
0.701954 94
0.701954 93
0.7018 93
0.7018 92
0.701658 92
0.701511 92
0.701369 92
0.701369 91
0.701212 91
0.701076 91
0.700929 91
0.700792 91
0.700635 91
0.700635 90
0.700498 90
0.700372 90
0.700215 90
0.700052 90
0.699898 90
0.699744 90
0.699594 90
0.699446 90
0.699294 90
0.699152 90
0.699032 90
0.698885 90
0.698735 90
0.698601 90
0.698459 90
0.698459 89
0.698309 89
0.698163 89
0.698 89
0.697845 89
0.6977 89
0.697588 89
0.697422 89
0.697273 89
0.697273 88
0.697115 88
0.697115 87
0.696997 87
0.696997 86
0.696862 86
0.696712 86
0.696581 86
0.696581 85
0.696454 85
0.696302 85
0.69616 85
0.69602 85
0.695875 85
0.695875 84
0.695727 84
0.695567 84
0.69542 84
0.695292 84
0.695158 84
0.695015 84
0.694855 84
0.694855 83
0.694699 83
0.694699 82
0.694558 82
0.694409 82
0.694276 82
0.694276 81
0.694119 81
0.693953 81
0.693807 81
0.693676 81
0.693514 81
0.693514 80
0.693514 79
0.693391 79
0.693243 79
0.693121 79
0.692967 79
0.69282 79
0.692696 79
0.692558 79
0.692418 79
0.692268 79
0.692147 79
0.692015 79
0.691874 79
0.691737 79
0.691634 79
0.691634 78
0.691528 78
0.691369 78
0.691249 78
0.691126 78
0.690966 78
0.690808 78
0.690633 78
0.690633 77
0.690493 77
0.690354 77
0.690199 77
0.690061 77
0.689941 77
0.68978 77
0.689624 77
0.689624 76
0.689477 76
0.689332 76
0.689181 76
0.689181 75
0.689041 75
0.688889 75
0.688744 75
0.688637 75
0.688491 75
0.688491 74
0.68835 74
0.688201 74
0.688052 74
0.687909 74
0.687738 74
0.687582 74
0.687449 74
0.6873 74
0.6873 73
0.687204 72
0.687048 72
0.686902 72
0.686902 71
0.686784 71
0.686643 71
0.686539 71
0.686412 71
0.686262 71
0.686097 71
0.685946 71
0.685794 71
0.685643 71
0.685484 71
0.685359 71
0.685202 71
0.685049 71
0.684901 71
0.684748 71
0.684595 71
0.684456 71
0.684311 71
0.684157 71
0.684035 71
0.683907 71
0.683907 70
0.683754 70
0.683596 70
0.68345 70
0.68345 69
0.68345 68
0.683199 68
0.683041 68
0.683041 67
0.682878 67
0.682758 67
0.682635 67
0.682499 67
0.682366 67
0.682366 66
0.682216 66
0.682216 65
0.682072 65
0.68195 65
0.681793 65
0.681639 65
0.681639 64
0.681483 64
0.681334 64
0.681196 64
0.681038 64
0.680915 64
0.68076 64
0.680612 64
0.680445 64
0.680305 64
0.680202 64
0.680202 63
0.680067 63
0.679931 63
0.679777 63
0.679637 63
0.679486 63
0.679349 63
0.679349 62
0.679214 62
0.679071 62
0.678912 62
0.678912 61
0.678761 61
0.678631 61
0.678486 61
0.67832 61
0.678182 61
0.678053 61
0.677919 61
0.677817 61
0.677695 61
0.677542 61
0.677542 60
0.677542 59
0.677381 59
0.677235 59
0.677081 59
0.676919 59
0.676765 59
0.67663 59
0.676512 59
0.676363 59
0.676235 59
0.676085 59
0.676085 58
0.676085 57
0.675937 57
0.67579 57
0.675631 57
0.675484 57
0.675484 56
0.675332 56
0.675204 56
0.675046 56
0.674913 56
0.674807 56
0.674682 56
0.674535 56
0.674402 56
0.674274 56
0.674138 56
0.674138 55
0.673983 55
0.673846 55
0.673698 55
0.673698 54
0.673563 54
0.673428 54
0.673277 54
0.673123 54
0.673123 53
0.672969 53
0.672852 53
0.672699 53
0.672557 53
0.672443 53
0.672443 52
0.67231 52
0.672161 52
0.672161 51
0.672161 50
0.672007 50
0.671853 50
0.671703 50
0.671552 50
0.671408 50
0.671268 50
0.671123 50
0.670981 50
0.670821 50
0.670684 50
0.670535 50
0.670385 50
0.67023 50
0.670109 50
0.670109 49
0.669802 49
0.669651 49
0.669516 49
0.669372 49
0.669229 49
0.669077 49
0.668934 49
0.668789 49
0.668649 49
0.668507 49
0.668373 49
0.668219 49
0.668063 49
0.668063 48
0.667934 48
0.66777 48
0.667621 48
0.667488 48
0.667356 48
0.667198 48
0.667034 48
0.666879 48
0.666719 48
0.666711 47
0.666553 47
0.666394 47
0.666394 46
0.666252 46
0.666098 46
0.665962 46
0.665818 46
0.665675 46
0.66552 46
0.665374 46
0.665374 45
0.665223 45
0.665068 45
0.664944 45
0.664819 45
0.664674 45
0.664521 45
0.664376 45
0.664246 45
0.664103 45
0.663951 45
0.663798 45
0.663657 45
0.663515 45
0.663388 45
0.663229 45
0.66309 45
0.662948 45
0.662803 45
0.662668 45
0.662523 45
0.662366 45
0.662209 45
0.662065 45
0.661915 45
0.661915 44
0.661776 44
0.66162 44
0.661482 44
0.661356 44
0.661195 44
0.661039 44
0.66089 44
0.660732 44
0.660596 44
0.660448 44
0.660323 44
0.660323 43
0.660171 43
0.660003 43
0.659867 43
0.659706 43
0.659557 43
0.6594 43
0.659255 43
0.658833 43
0.658693 43
0.658693 42
0.658548 42
0.658396 42
0.658278 42
0.658278 41
0.658151 41
0.657981 41
0.657981 40
0.657847 40
0.657699 40
0.657559 40
0.657411 40
0.657265 40
0.657115 40
0.656969 40
0.656832 40
0.656709 40
0.65658 40
0.656447 40
0.656299 40
0.656299 39
0.656142 39
0.655999 39
0.655854 39
0.655715 39
0.655584 39
0.655414 39
0.655414 38
0.655266 38
0.655123 38
0.654964 38
0.654809 38
0.654659 38
0.654509 38
0.654361 38
0.654214 38
0.654058 38
0.653902 38
0.653757 38
0.653447 38
0.653287 38
0.653287 37
0.653123 37
0.652984 37
0.652984 36
0.65283 36
0.652678 36
0.652531 36
0.652377 36
0.652377 35
0.652236 35
0.652236 34
0.652076 34
0.652076 33
0.651927 32
0.651779 32
0.651656 32
0.651656 31
0.651656 30
0.651515 30
0.651358 30
0.651194 30
0.651041 30
0.650892 30
0.650764 30
0.650764 29
0.650604 29
0.650604 28
0.650462 28
0.650301 28
0.650144 28
0.649997 28
0.649843 28
0.649686 28
0.649534 28
0.649394 28
0.649236 28
0.649071 28
0.64891 28
0.648757 28
0.648588 28
0.648439 28
0.648275 27
0.648275 26
0.648115 26
0.64795 26
0.64795 25
0.647802 25
0.647648 25
0.647504 25
0.647354 25
0.647201 25
0.647041 25
0.647041 24
0.646885 24
0.646732 23
0.646587 23
0.646459 23
0.646284 23
0.646127 23
0.645975 23
0.645833 23
0.645696 23
0.645538 23
0.645259 23
0.645106 23
0.644964 23
0.644811 23
0.644658 23
0.644508 23
0.644366 23
0.644222 23
0.643908 23
0.64376 23
0.64361 23
0.64345 23
0.643323 23
0.643174 23
0.643021 23
0.642892 23
0.64274 23
0.642595 23
0.642463 23
0.642305 23
0.64217 23
0.642015 23
0.641875 23
0.641711 23
0.641568 23
0.641426 23
0.64127 23
0.641121 23
0.64098 23
0.640859 23
0.640716 23
0.640561 23
0.640411 23
0.640411 22
0.640267 22
0.640127 22
0.639977 22
0.639835 22
0.639683 22
0.639526 22
0.639365 22
0.639217 22
0.639068 22
0.638763 22
0.638603 22
0.638463 22
0.63831 22
0.638154 22
0.638004 22
0.637858 22
0.63771 22
0.637569 22
0.637569 21
0.637417 21
0.637272 21
0.63712 21
0.636998 21
0.636857 21
0.63671 21
0.63656 21
0.636418 21
0.636274 21
0.63613 21
0.635971 21
0.635829 21
0.635684 21
0.635536 21
0.635377 21
0.635229 21
0.635081 21
0.634809 21
0.634651 21
0.634511 21
0.63437 21
0.634212 21
0.634071 21
0.633911 21
0.633763 21
0.633616 21
0.633495 21
0.633351 21
0.633034 21
0.632899 21
0.632755 21
0.632622 21
0.632317 21
0.632157 21
0.632032 21
0.631906 21
0.631753 21
0.631598 21
0.631449 21
0.631299 21
0.631146 21
0.631007 21
0.63085 21
0.630694 21
0.630527 21
0.630381 21
0.630223 21
0.629937 21
0.629775 21
0.629775 20
0.629638 20
0.629494 20
0.629338 20
0.629179 20
0.629043 20
0.628909 20
0.628765 20
0.628615 20
0.628334 20
0.628175 20
0.628028 20
0.628028 19
0.627887 19
0.627729 19
0.627576 19
0.627415 19
0.627263 19
0.627103 19
0.626952 19
0.626823 19
0.62667 19
0.626511 19
0.62638 19
0.626236 19
0.62594 19
0.62578 19
0.625624 19
0.625475 19
0.625329 19
0.6252 19
0.62504 19
0.624756 19
0.624607 19
0.624449 19
0.624317 19
0.62417 19
0.624027 19
0.623899 19
0.623755 19
0.62363 19
0.623476 19
0.623316 19
0.623151 19
0.623011 19
0.622861 19
0.622706 19
0.622559 19
0.622256 19
0.622108 19
0.621969 19
0.621808 19
0.621652 19
0.621513 19
0.621358 18
0.621183 18
0.621036 18
0.620878 18
0.620736 18
0.620566 18
0.620415 18
0.620172 18
0.619878 18
0.619727 18
0.619402 18
0.619114 18
0.618957 18
0.618795 18
0.618644 18
0.618505 18
0.618348 18
0.618197 18
0.618086 18
0.617931 18
0.617794 18
0.61766 18
0.617523 18
0.617361 18
0.617201 18
0.617058 18
0.616765 18
0.616604 18
0.616448 18
0.616321 18
0.616166 18
0.616007 18
0.615839 18
0.615693 18
0.615538 18
0.615388 18
0.615104 18
0.614953 18
0.614953 17
0.614803 17
0.614643 17
0.614485 17
0.614355 17
0.614229 17
0.614087 17
0.613936 17
0.613611 17
0.613611 16
0.613476 16
0.613327 16
0.613199 16
0.613051 16
0.61289 16
0.612734 16
0.61244 16
0.612301 16
0.612172 16
0.612017 16
0.611864 16
0.611708 16
0.611571 16
0.611411 16
0.611257 15
0.611117 15
0.610959 15
0.61065 15
0.610507 15
0.610353 15
0.610207 15
0.609924 15
0.609178 15
0.609045 15
0.609045 14
0.608597 14
0.608292 14
0.60814 14
0.607989 14
0.607989 13
0.607831 13
0.607681 13
0.607356 12
0.607211 12
0.607056 12
0.606914 12
0.606762 12
0.606603 12
0.60633 12
0.606179 12
0.605897 12
0.605745 12
0.605745 11
0.60561 11
0.605469 11
0.605331 11
0.605197 11
0.605038 11
0.604737 11
0.604431 11
0.603995 11
0.60384 11
0.60371 11
0.60356 11
0.603414 11
0.603263 11
0.603114 11
0.602967 11
0.602821 11
0.602663 11
0.602505 11
0.602341 11
0.602049 11
0.60191 11
0.601749 11
0.601328 11
0.601167 11
0.601019 11
0.600711 11
0.600564 11
0.60027 11
0.600111 11
0.599951 11
0.599809 11
0.599511 11
0.599369 11
0.599078 10
0.59893 10
0.598787 9
0.59849 9
0.598184 9
0.59788 9
0.59759 9
0.597431 9
0.597126 9
0.596824 9
0.59667 9
0.596512 9
0.596363 9
0.596211 9
0.5959 9
0.59575 9
0.595595 9
0.595443 9
0.595291 9
0.595148 9
0.594714 9
0.594406 9
0.594259 9
0.594108 9
0.593951 9
0.5938 9
0.593655 9
0.593496 9
0.593351 9
0.593214 9
0.593073 9
0.592774 9
0.592641 9
0.592483 9
0.592331 9
0.59218 9
0.591723 9
0.591576 9
0.59144 9
0.591294 9
0.59115 9
0.591006 9
0.590871 9
0.590713 9
0.590566 9
0.590417 9
0.590257 9
0.590106 9
0.589949 8
0.589805 8
0.589651 8
0.589494 8
0.589356 8
0.589058 8
0.588751 8
0.588751 7
0.588615 7
0.588457 7
0.588314 7
0.588036 7
0.587878 7
0.587734 7
0.58759 7
0.587302 7
0.587145 7
0.586998 7
0.586842 7
0.586533 7
0.586198 7
0.586046 7
0.585892 7
0.585438 7
0.585289 7
0.584998 7
0.58485 7
0.584406 7
0.584113 7
0.58382 7
0.583685 7
0.582676 7
0.582225 7
0.582069 7
0.581771 7
0.581315 7
0.581015 7
0.58088 7
0.580724 7
0.580436 7
0.580287 7
0.579846 7
0.579699 7
0.579557 7
0.57924 7
0.579099 7
0.578946 7
0.578638 7
0.578487 7
0.578337 7
0.578191 7
0.5779 7
0.577281 7
0.576965 7
0.576813 7
0.576658 7
0.576501 7
0.576351 7
0.576197 7
0.575901 7
0.575755 7
0.575623 7
0.575065 7
0.574758 7
0.574149 7
0.57399 7
0.573681 7
0.573372 7
0.57322 7
0.572915 7
0.572156 7
0.571854 7
0.57158 7
0.570663 7
0.570389 7
0.569807 7
0.569536 7
0.569381 7
0.569226 7
0.569067 7
0.568643 7
0.568359 7
0.567596 7
0.566982 7
0.566813 7
0.566518 7
0.566366 7
0.566218 7
0.565772 7
0.565467 7
0.565316 7
0.564688 7
0.564372 7
0.563902 7
0.563602 7
0.563023 7
0.562866 7
0.562708 7
0.562405 7
0.56225 7
0.561961 7
0.561811 7
0.561352 7
0.561202 7
0.561042 7
0.560746 7
0.560466 7
0.56017 7
0.559575 7
0.559272 7
0.558693 7
0.5584 7
0.558111 7
0.557211 7
0.556937 7
0.556794 7
0.556499 7
0.556227 7
0.555639 7
0.555359 7
0.555212 7
0.554627 7
0.554482 7
0.554167 7
0.553724 7
0.55356 7
0.55314 7
0.552537 7
0.552235 7
0.551776 7
0.550665 7
0.550521 7
0.550218 7
0.549445 7
0.549151 7
0.548411 7
0.548099 7
0.547463 7
0.546856 7
0.546558 7
0.545792 7
0.545481 7
0.544432 7
0.543982 7
0.54368 7
0.542945 7
0.542213 7
0.542062 7
0.541613 7
0.541312 7
0.54043 6
0.540277 6
0.539814 6
0.539535 6
0.539239 6
0.538641 6
0.538183 6
0.537738 6
0.537315 6
0.536111 6
0.535638 6
0.534755 6
0.534315 6
0.534028 6
0.533246 6
0.533088 6
0.532319 6
0.531568 6
0.530656 6
0.530077 6
0.529222 6
0.52907 6
0.527993 6
0.527102 6
0.525889 6
0.525433 6
0.52498 6
0.523935 6
0.523341 6
0.52303 6
0.521886 6
0.521288 6
0.520235 6
0.519197 6
0.518751 6
0.518305 6
0.517231 6
0.516056 5
0.514889 5
0.51353 5
0.512791 5
0.511452 5
0.510261 5
0.508644 5
0.506998 5
0.505683 5
0.504641 5
0.503315 5
0.501645 5
0.5001 5
0.49921 5
0.497731 5
0.496838 5
0.495192 5
0.493445 5
0.492386 5
0.4906 5
0.488827 5
0.486406 5
0.484912 5
0.483559 5
0.481491 5
0.479372 5
0.477569 5
0.475908 4
0.47411 4
0.470952 3
0.46905 3
0.465993 3
0.463874 3
0.461316 3
0.458714 3
0.456128 3
0.453602 3
0.451781 3
0.448131 3
0.445168 3
0.441839 2
0.438254 2
0.434368 2
0.43037 2
0.42772 2
0.424008 2
0.417544 2
0.411829 2
0.407638 1
0.403108 1
0.397874 1
0.391734 1
0.383931 1
0.378351 1
0.370415 1
0.359549 1
0.348902 1
0.335791 1
0.324957 1
0.313113 1
0.298541 1
0.281896 1
0.256679 0
0.232332 0
0.200581 0
0.166781 0
0.12919 0
0.0896466 0
0.0473303 0
0.00615955 0
