0.704943 1274
0.704943 1273
0.704943 1272
0.704943 1271
0.704943 1270
0.704943 1269
0.704943 1268
0.704943 1267
0.704943 1266
0.704943 1265
0.704943 1264
0.704943 1263
0.704943 1262
0.704943 1261
0.704844 1261
0.704844 1260
0.704844 1259
0.704844 1258
0.704844 1257
0.704844 1256
0.704844 1255
0.704844 1254
0.704844 1253
0.704844 1252
0.704844 1251
0.704844 1250
0.704844 1249
0.704844 1248
0.704844 1247
0.704844 1246
0.704844 1245
0.704844 1244
0.704844 1243
0.704844 1242
0.704844 1241
0.704844 1240
0.704844 1239
0.704844 1238
0.704844 1237
0.704844 1236
0.704844 1235
0.704844 1234
0.704751 1233
0.704751 1232
0.704751 1231
0.704751 1230
0.704751 1229
0.704751 1228
0.704751 1227
0.704751 1226
0.704751 1225
0.704751 1224
0.704751 1223
0.704751 1222
0.704751 1221
0.704751 1220
0.704751 1219
0.704751 1218
0.704751 1217
0.704751 1216
0.704751 1215
0.704751 1214
0.704751 1213
0.704751 1212
0.704751 1211
0.704751 1210
0.704751 1209
0.704751 1208
0.704751 1207
0.704751 1206
0.704751 1205
0.704751 1204
0.704751 1203
0.704598 1203
0.704598 1202
0.704598 1201
0.704598 1200
0.704598 1199
0.704598 1198
0.704598 1197
0.704598 1196
0.704598 1195
0.704598 1194
0.704598 1193
0.704598 1192
0.704598 1191
0.704598 1190
0.704598 1189
0.704598 1188
0.704598 1187
0.704598 1186
0.704598 1185
0.704478 1185
0.704478 1184
0.704478 1183
0.704478 1182
0.704478 1181
0.704478 1180
0.704478 1179
0.704478 1178
0.704478 1177
0.704478 1176
0.704478 1175
0.704478 1174
0.704478 1173
0.704478 1172
0.704478 1171
0.704478 1170
0.70434 1170
0.70434 1169
0.70434 1168
0.70434 1167
0.70434 1166
0.70434 1165
0.70434 1164
0.70434 1163
0.70434 1162
0.70434 1161
0.70434 1160
0.70434 1159
0.70434 1158
0.70434 1157
0.70434 1156
0.70434 1155
0.70434 1154
0.70434 1153
0.70434 1152
0.70434 1151
0.70434 1150
0.70434 1149
0.70434 1148
0.70434 1147
0.70434 1146
0.70434 1145
0.70434 1144
0.70434 1143
0.70434 1142
0.70434 1141
0.70434 1140
0.70434 1139
0.70434 1138
0.70434 1137
0.70434 1136
0.70434 1135
0.70434 1134
0.70434 1133
0.70434 1132
0.704195 1132
0.704195 1131
0.704195 1130
0.704195 1129
0.704172 1128
0.704172 1127
0.704172 1126
0.704172 1125
0.704172 1124
0.704055 1124
0.704055 1123
0.704055 1122
0.704055 1121
0.704055 1120
0.704055 1119
0.703925 1119
0.703826 1119
0.703826 1118
0.703826 1117
0.703826 1116
0.703826 1115
0.703806 1114
0.703806 1113
0.703806 1112
0.703806 1111
0.703806 1110
0.703806 1109
0.703659 1109
0.703659 1108
0.703659 1107
0.703659 1106
0.703561 1106
0.703561 1105
0.703561 1104
0.703561 1103
0.703561 1102
0.703561 1101
0.703561 1100
0.703561 1099
0.703561 1098
0.703561 1097
0.703561 1096
0.703561 1095
0.703561 1094
0.703561 1093
0.703561 1092
0.703521 1091
0.703521 1090
0.703521 1089
0.703521 1088
0.703521 1087
0.703521 1086
0.703521 1085
0.703437 1084
0.703437 1083
0.703437 1082
0.703437 1081
0.703437 1080
0.703437 1079
0.703437 1078
0.703437 1077
0.703437 1076
0.703437 1075
0.703437 1074
0.703323 1074
0.703323 1073
0.703185 1073
0.703185 1072
0.703185 1071
0.703185 1070
0.703185 1069
0.703185 1068
0.703185 1067
0.703185 1066
0.703185 1065
0.703185 1064
0.703185 1063
0.703185 1062
0.703185 1061
0.703185 1060
0.703185 1059
0.703185 1058
0.703039 1058
0.703039 1057
0.703039 1056
0.703039 1055
0.703039 1054
0.703001 1053
0.703001 1052
0.703001 1051
0.703001 1050
0.703001 1049
0.703001 1048
0.702867 1048
0.702867 1047
0.702867 1046
0.702867 1045
0.702867 1044
0.702867 1043
0.702867 1042
0.702867 1041
0.702867 1040
0.702867 1039
0.702867 1038
0.702867 1037
0.702867 1036
0.702867 1035
0.702867 1034
0.702867 1033
0.702867 1032
0.702867 1031
0.702732 1031
0.702732 1030
0.702732 1029
0.702732 1028
0.702732 1027
0.702732 1026
0.702732 1025
0.702732 1024
0.702732 1023
0.702732 1022
0.702628 1022
0.702628 1021
0.702628 1020
0.702628 1019
0.702628 1018
0.702628 1017
0.702628 1016
0.702497 1016
0.702497 1015
0.702497 1014
0.702497 1013
0.702497 1012
0.702361 1012
0.702361 1011
0.702361 1010
0.702361 1009
0.702361 1008
0.702361 1007
0.702361 1006
0.702361 1005
0.702361 1004
0.702361 1003
0.702361 1002
0.702361 1001
0.702317 1000
0.702317 999
0.702317 998
0.702317 997
0.702317 996
0.702317 995
0.702317 994
0.702317 993
0.702317 992
0.702317 991
0.702317 990
0.702317 989
0.702317 988
0.702317 987
0.702177 987
0.702177 986
0.702177 985
0.702177 984
0.702068 984
0.702068 983
0.702068 982
0.702068 981
0.702068 980
0.702068 979
0.702068 978
0.702068 977
0.701975 976
0.701975 975
0.701975 974
0.701975 973
0.701975 972
0.701975 971
0.701868 971
0.701868 970
0.701868 969
0.701868 968
0.701868 967
0.701868 966
0.701868 965
0.701868 964
0.701868 963
0.701868 962
0.701868 961
0.701868 960
0.701868 959
0.701868 958
0.701868 957
0.701868 956
0.701868 955
0.701868 954
0.701868 953
0.70175 953
0.701697 952
0.701697 951
0.701697 950
0.701697 949
0.701697 948
0.701697 947
0.701697 946
0.70154 946
0.70154 945
0.70154 944
0.70154 943
0.701461 942
0.701461 941
0.701461 940
0.701461 939
0.701461 938
0.701461 937
0.70132 937
0.70132 936
0.70132 935
0.70132 934
0.70132 933
0.70132 932
0.70132 931
0.70132 930
0.70132 929
0.70132 928
0.70132 927
0.70132 926
0.70132 925
0.70132 924
0.70132 923
0.70132 922
0.70132 921
0.70132 920
0.70132 919
0.70132 918
0.70132 917
0.70132 916
0.70132 914
0.70132 913
0.70132 912
0.70132 911
0.70132 910
0.70132 909
0.70132 908
0.70132 907
0.70132 906
0.70132 905
0.70132 904
0.70132 903
0.70132 902
0.70132 901
0.70132 900
0.70132 899
0.70132 898
0.70132 897
0.70132 896
0.70132 895
0.70132 894
0.70132 893
0.70132 892
0.70132 891
0.70132 890
0.70132 889
0.70132 888
0.70132 887
0.70132 886
0.70132 885
0.70132 884
0.70132 883
0.70132 882
0.70132 881
0.70132 880
0.70132 879
0.70132 878
0.70132 877
0.70132 876
0.70132 875
0.70132 874
0.70132 873
0.70132 872
0.70132 871
0.70132 870
0.70132 869
0.70132 868
0.70132 867
0.70132 866
0.70132 865
0.70132 864
0.7012 864
0.7012 863
0.7012 862
0.7012 861
0.7012 860
0.7012 859
0.7012 858
0.7012 857
0.7012 856
0.7012 855
0.7012 854
0.7012 853
0.7012 852
0.7012 851
0.7012 850
0.7012 849
0.701058 849
0.701058 848
0.701058 847
0.700946 847
0.700946 846
0.700946 845
0.700946 844
0.700946 843
0.700946 842
0.700946 841
0.700946 840
0.700946 839
0.700946 838
0.700946 837
0.700946 836
0.700946 835
0.700946 834
0.700946 833
0.700946 832
0.700946 831
0.700946 830
0.700946 829
0.700946 828
0.700946 827
0.700946 826
0.700946 825
0.700946 824
0.700787 824
0.700689 824
0.700689 823
0.700689 822
0.700589 822
0.700589 821
0.700589 820
0.700589 819
0.700453 819
0.700453 818
0.700453 816
0.700453 815
0.700453 814
0.700453 813
0.700453 812
0.700453 811
0.700453 810
0.700453 809
0.700453 808
0.700431 807
0.700431 806
0.700431 805
0.700431 804
0.700431 803
0.700431 802
0.700431 801
0.700431 800
0.700431 799
0.700431 798
0.700431 797
0.700431 796
0.700431 795
0.700431 794
0.700431 793
0.700431 792
0.700431 791
0.700431 790
0.700431 789
0.700431 788
0.700431 787
0.700431 786
0.700278 786
0.700278 785
0.700278 784
0.700278 783
0.700278 782
0.700278 781
0.700278 780
0.700278 779
0.700278 778
0.700278 777
0.700278 776
0.700278 775
0.700278 774
0.700278 773
0.700278 772
0.700152 772
0.700152 771
0.700152 770
0.70002 770
0.699919 770
0.699919 769
0.699919 768
0.699919 767
0.699916 766
0.699916 765
0.699916 764
0.699916 763
0.699916 762
0.699916 761
0.699916 760
0.699916 759
0.699916 758
0.699916 757
0.699916 756
0.699916 755
0.699916 754
0.699916 753
0.699842 752
0.699842 751
0.699842 750
0.699842 749
0.699842 748
0.699842 747
0.699842 746
0.699802 746
0.699802 745
0.699802 744
0.699802 743
0.699802 742
0.699792 741
0.699792 740
0.699792 739
0.699792 738
0.699792 737
0.699792 736
0.699792 735
0.699792 734
0.699716 733
0.699608 733
0.699608 732
0.699608 731
0.699608 730
0.699608 729
0.699608 728
0.699608 727
0.699608 726
0.699608 724
0.699608 723
0.699608 722
0.699608 721
0.699608 720
0.699608 719
0.699608 718
0.699608 717
0.699608 716
0.699608 715
0.699608 714
0.699608 713
0.699608 712
0.699608 711
0.699608 710
0.699608 709
0.699608 708
0.699608 707
0.699608 706
0.699608 705
0.699608 704
0.699608 703
0.699508 703
0.699508 702
0.699508 701
0.699508 700
0.699508 699
0.699508 698
0.699508 697
0.699508 696
0.699508 695
0.699508 694
0.699508 693
0.699508 692
0.699508 691
0.699508 690
0.699508 689
0.699508 688
0.699508 687
0.699508 686
0.699508 685
0.699508 684
0.699508 683
0.699508 682
0.699508 681
0.699508 680
0.699508 679
0.699508 678
0.699508 677
0.699508 676
0.699508 675
0.699508 674
0.699508 673
0.699508 672
0.699508 671
0.699508 670
0.699508 669
0.699508 668
0.699508 667
0.699508 666
0.699508 665
0.699508 664
0.699508 663
0.699508 662
0.699508 661
0.699393 661
0.699393 660
0.699393 659
0.699393 658
0.699393 657
0.699393 656
0.699393 655
0.699393 654
0.699393 653
0.699393 652
0.699393 651
0.699393 650
0.699393 649
0.699393 648
0.699393 647
0.699393 646
0.699393 645
0.699393 644
0.699393 643
0.699393 642
0.699393 641
0.699393 640
0.699393 639
0.699393 638
0.699393 637
0.699393 636
0.699393 635
0.699393 634
0.699393 633
0.699393 632
0.699393 631
0.699393 630
0.699393 629
0.699393 628
0.699393 627
0.699393 626
0.699393 625
0.699393 624
0.699393 623
0.699393 622
0.699393 621
0.699393 620
0.699393 619
0.699393 618
0.699393 617
0.699393 616
0.699393 615
0.699393 613
0.699393 612
0.699393 611
0.699393 610
0.699393 609
0.699393 608
0.699393 607
0.699393 606
0.699393 605
0.699393 604
0.699393 603
0.699261 603
0.699261 602
0.699148 602
0.699148 601
0.699148 600
0.699136 599
0.699136 598
0.699136 597
0.699136 596
0.699136 595
0.699136 594
0.699136 593
0.699136 592
0.699136 591
0.699136 590
0.699136 589
0.699136 588
0.699018 588
0.699018 587
0.699018 586
0.699018 585
0.699018 584
0.698876 584
0.698876 583
0.698876 582
0.698876 581
0.698876 580
0.698876 579
0.698876 578
0.698876 577
0.698876 576
0.698876 575
0.69875 575
0.69875 574
0.69875 573
0.69875 572
0.69875 571
0.69875 570
0.69875 569
0.69875 568
0.69875 567
0.69875 566
0.69875 565
0.69875 564
0.69875 563
0.69875 562
0.698616 562
0.698616 561
0.698616 560
0.698616 559
0.698616 558
0.698616 557
0.698616 556
0.698616 555
0.698616 554
0.698513 554
0.698513 553
0.698513 552
0.698513 551
0.698388 551
0.698388 550
0.698234 550
0.698095 550
0.698003 549
0.698003 548
0.698003 547
0.698003 546
0.698003 545
0.698003 544
0.698003 543
0.697902 543
0.697902 542
0.697804 542
0.697697 542
0.697697 541
0.697697 540
0.697697 539
0.697697 538
0.697697 537
0.697697 536
0.697697 535
0.697697 534
0.697697 533
0.697697 532
0.697697 531
0.697697 530
0.697697 529
0.697697 528
0.697697 527
0.697567 527
0.697567 526
0.697567 525
0.69743 525
0.697313 525
0.69717 525
0.69717 524
0.69717 523
0.69717 522
0.69717 521
0.69717 520
0.69717 519
0.69717 518
0.69717 517
0.69717 516
0.69717 515
0.69717 514
0.69717 513
0.69717 512
0.69717 511
0.69717 510
0.69717 509
0.697071 509
0.696957 509
0.696957 508
0.696847 508
0.696847 507
0.696847 506
0.696847 505
0.696847 504
0.696847 503
0.696847 502
0.696847 501
0.696847 500
0.696847 499
0.696847 498
0.696847 497
0.696759 496
0.696614 496
0.696614 495
0.696614 494
0.696614 493
0.696503 493
0.696503 492
0.696503 491
0.696503 490
0.696503 489
0.696503 488
0.696503 487
0.696503 486
0.696388 486
0.69632 485
0.69618 485
0.69618 484
0.69618 483
0.69618 482
0.69618 481
0.69618 480
0.69618 479
0.69618 478
0.69618 477
0.69618 476
0.696084 475
0.696084 474
0.696084 473
0.695954 473
0.695832 473
0.695832 472
0.695832 471
0.695832 470
0.695832 469
0.695832 468
0.695832 467
0.695832 466
0.695832 465
0.695832 464
0.695832 463
0.695832 462
0.695832 461
0.695694 461
0.695694 460
0.695694 459
0.695694 458
0.695694 457
0.695694 456
0.695694 455
0.695641 454
0.695641 453
0.695548 452
0.695548 451
0.695548 450
0.695548 449
0.695548 448
0.695548 447
0.695548 446
0.695548 445
0.695409 445
0.695409 444
0.695409 443
0.695409 442
0.695409 441
0.695409 440
0.695409 439
0.695409 438
0.695409 437
0.695409 436
0.695393 435
0.695393 434
0.695393 433
0.695393 432
0.695293 432
0.695174 432
0.695174 431
0.695174 430
0.695174 429
0.695174 428
0.695174 427
0.695174 426
0.695174 425
0.695174 424
0.695174 423
0.695174 422
0.695174 421
0.695174 420
0.695174 419
0.695174 418
0.695174 417
0.695174 416
0.695174 415
0.695174 414
0.695052 414
0.695052 413
0.695052 412
0.695052 411
0.695052 410
0.695052 409
0.695052 408
0.695052 407
0.695052 406
0.695052 405
0.694899 405
0.694756 405
0.694756 404
0.694756 403
0.694756 402
0.694756 401
0.694756 400
0.694756 399
0.694756 398
0.694756 397
0.694756 396
0.694756 395
0.694756 394
0.694756 393
0.694756 392
0.694756 391
0.694651 391
0.694517 391
0.694517 390
0.694517 389
0.694517 388
0.694517 387
0.694517 386
0.694517 385
0.694517 384
0.694401 384
0.694401 383
0.694401 382
0.694401 381
0.694292 381
0.694292 380
0.694292 379
0.694292 378
0.694292 377
0.694292 376
0.694292 375
0.694292 374
0.694292 373
0.69414 373
0.69414 372
0.69414 371
0.69414 370
0.69414 369
0.69414 368
0.69414 367
0.69414 366
0.69414 365
0.69414 364
0.69414 363
0.69414 362
0.69414 361
0.69414 360
0.694008 360
0.694008 359
0.694008 358
0.694008 357
0.693876 357
0.693876 356
0.693795 355
0.693795 354
0.693795 353
0.693795 352
0.693716 352
0.693716 351
0.693716 350
0.693716 349
0.693716 348
0.693716 347
0.693716 346
0.693716 345
0.693596 345
0.693596 344
0.693596 343
0.693596 342
0.693478 342
0.693478 341
0.693338 341
0.693338 340
0.693338 339
0.693338 338
0.693338 337
0.693338 336
0.693338 335
0.693338 334
0.693259 333
0.693259 332
0.693113 332
0.693113 331
0.692974 331
0.692829 331
0.692829 330
0.692829 329
0.692829 328
0.692739 327
0.692739 326
0.692739 325
0.692587 325
0.692587 324
0.692587 323
0.692469 323
0.692469 322
0.692469 321
0.692469 320
0.692469 319
0.692401 318
0.692401 317
0.692401 316
0.692277 316
0.692277 315
0.69216 315
0.69216 314
0.69216 313
0.692048 313
0.692048 312
0.692048 311
0.691915 311
0.691784 311
0.69165 311
0.69165 310
0.69165 309
0.69165 308
0.69165 307
0.691503 307
0.691503 306
0.691503 305
0.691367 305
0.691367 304
0.691367 303
0.691234 303
0.691234 302
0.691123 302
0.691123 301
0.691008 301
0.690846 301
0.690846 300
0.690846 299
0.690846 298
0.690846 297
0.690846 296
0.690846 295
0.690846 294
0.690846 293
0.690733 293
0.690733 292
0.690733 291
0.690615 291
0.690615 290
0.690615 289
0.690615 288
0.690615 287
0.690615 286
0.690615 285
0.690464 285
0.690464 284
0.690464 283
0.690464 282
0.690464 281
0.690464 280
0.690464 279
0.690464 278
0.690338 278
0.690338 277
0.690338 276
0.690338 275
0.690338 274
0.690338 273
0.690338 272
0.690338 271
0.690224 271
0.690096 271
0.690096 270
0.690096 269
0.690096 268
0.690096 267
0.689945 267
0.689945 266
0.689808 266
0.689665 266
0.689665 265
0.689665 264
0.689562 264
0.689562 263
0.689562 262
0.689562 261
0.689562 260
0.689454 260
0.689454 259
0.689454 258
0.689454 257
0.68934 257
0.6892 257
0.6892 256
0.6892 255
0.689059 255
0.689059 254
0.689059 253
0.689059 252
0.689059 251
0.688909 251
0.688909 250
0.688909 249
0.688909 248
0.688909 247
0.688909 246
0.68885 245
0.68885 244
0.688732 244
0.688732 243
0.688602 243
0.688602 242
0.688602 241
0.688479 241
0.688347 241
0.688347 240
0.688347 239
0.688347 238
0.688347 237
0.688347 236
0.688219 236
0.688219 235
0.688111 235
0.688111 234
0.688111 233
0.688049 232
0.687983 231
0.687983 230
0.687866 230
0.687866 229
0.687724 229
0.687724 228
0.687724 227
0.687598 227
0.687598 226
0.687456 226
0.687334 226
0.687333 225
0.687198 225
0.687198 224
0.687198 223
0.687198 222
0.687198 221
0.687095 221
0.686957 221
0.686957 220
0.686957 219
0.686957 218
0.68683 218
0.686683 218
0.686538 218
0.686435 218
0.686435 217
0.686435 216
0.686435 215
0.686285 215
0.686285 214
0.686173 214
0.686173 213
0.686019 213
0.685906 213
0.685891 212
0.685891 211
0.685891 210
0.685891 209
0.685891 208
0.685758 208
0.685616 208
0.685616 207
0.685616 206
0.685496 206
0.685496 205
0.685496 204
0.685496 203
0.685349 203
0.685318 202
0.685318 201
0.685318 200
0.685177 200
0.685177 199
0.685053 199
0.684923 199
0.684792 199
0.684792 198
0.684792 197
0.684792 196
0.684582 196
0.684453 196
0.684453 195
0.684325 195
0.684325 194
0.684325 193
0.684216 193
0.684216 192
0.68409 192
0.68409 191
0.68409 190
0.683934 190
0.683934 189
0.683934 188
0.683817 188
0.683721 187
0.683721 186
0.683606 186
0.683606 185
0.683606 184
0.683606 183
0.683567 182
0.68343 182
0.68343 181
0.683272 181
0.683149 181
0.683015 181
0.682865 181
0.682865 180
0.682865 179
0.682711 179
0.682612 179
0.682484 179
0.682343 179
0.682343 178
0.682235 178
0.682235 177
0.682235 176
0.682235 175
0.682104 175
0.681982 175
0.681982 174
0.681982 173
0.681982 172
0.681863 172
0.681721 172
0.681631 171
0.681631 170
0.681631 169
0.681475 169
0.681475 168
0.681475 167
0.681333 167
0.681192 167
0.681086 167
0.680951 167
0.680951 166
0.680951 165
0.680951 164
0.680951 163
0.680853 163
0.680853 162
0.680754 162
0.680617 162
0.680479 162
0.680352 162
0.680211 162
0.680085 162
0.680085 161
0.680085 160
0.680085 159
0.680085 158
0.679938 158
0.679809 158
0.679809 157
0.679647 157
0.679521 157
0.679521 156
0.679521 155
0.679521 154
0.679387 154
0.679387 153
0.679387 152
0.679387 151
0.679248 151
0.679105 151
0.67896 151
0.678806 151
0.678806 150
0.678666 150
0.678525 150
0.678525 149
0.678525 148
0.678525 147
0.678525 146
0.678401 146
0.678267 146
0.678171 146
0.678171 145
0.678012 145
0.677895 145
0.677778 145
0.677668 145
0.677533 145
0.677533 144
0.677533 143
0.677403 143
0.677291 143
0.677291 142
0.677154 142
0.677154 141
0.677154 140
0.677042 140
0.676913 140
0.676913 139
0.676758 139
0.676601 139
0.676601 138
0.676601 137
0.676486 137
0.676358 137
0.676358 136
0.676245 136
0.67613 136
0.676004 136
0.676004 135
0.675886 135
0.675756 135
0.675603 135
0.675603 134
0.675488 134
0.675351 134
0.675202 134
0.675085 134
0.674936 134
0.67479 134
0.67479 133
0.674679 133
0.674552 133
0.674552 132
0.674552 131
0.674434 131
0.674434 130
0.674434 129
0.674297 129
0.674297 128
0.674146 128
0.674146 127
0.674003 127
0.674003 126
0.674003 125
0.673871 125
0.673871 124
0.67373 124
0.673616 124
0.673616 123
0.673473 123
0.673473 122
0.673473 121
0.673473 120
0.673233 120
0.673118 120
0.672995 120
0.672995 119
0.672995 118
0.672995 117
0.67289 117
0.67289 116
0.672775 116
0.672632 116
0.672522 116
0.672522 115
0.672522 114
0.672522 113
0.672522 112
0.672383 112
0.672383 111
0.672383 110
0.672227 110
0.672227 109
0.672227 108
0.672101 108
0.671963 108
0.671844 108
0.671697 108
0.671697 107
0.67158 107
0.671471 107
0.671321 107
0.671321 106
0.671185 106
0.671047 106
0.670916 106
0.670791 106
0.670656 106
0.67054 106
0.670424 106
0.670287 106
0.670159 106
0.670026 106
0.670026 105
0.669905 105
0.669771 105
0.669771 104
0.669655 104
0.669556 104
0.669411 104
0.669411 103
0.669411 102
0.669265 102
0.66913 102
0.66899 102
0.668877 102
0.668767 102
0.668767 101
0.668627 101
0.668493 101
0.668363 101
0.668235 101
0.668109 101
0.667982 101
0.66784 101
0.667694 101
0.667694 100
0.66757 100
0.667404 100
0.667278 100
0.667154 100
0.667154 99
0.667005 99
0.666856 99
0.66676 98
0.666672 98
0.666672 97
0.666511 97
0.66637 97
0.666304 96
0.666155 96
0.665981 96
0.665893 95
0.665747 95
0.665595 95
0.665455 95
0.665455 94
0.665315 94
0.665315 93
0.665187 93
0.665187 92
0.665069 92
0.664926 92
0.664926 91
0.664821 91
0.664821 90
0.664694 90
0.664544 90
0.664417 90
0.664295 90
0.664295 89
0.664172 89
0.664027 89
0.664027 88
0.663894 88
0.663795 88
0.663678 88
0.663564 88
0.663564 87
0.663564 86
0.663564 85
0.663564 84
0.663435 84
0.663328 84
0.663328 83
0.663199 83
0.663199 82
0.663064 82
0.663064 81
0.662954 81
0.662954 80
0.662799 80
0.662656 80
0.662656 79
0.662656 78
0.662656 77
0.66255 77
0.662418 77
0.662418 76
0.662264 76
0.662264 75
0.662264 74
0.662121 74
0.661993 74
0.661993 73
0.661838 73
0.661682 73
0.661525 73
0.661417 73
0.661283 73
0.661145 73
0.661003 73
0.660852 73
0.660732 73
0.660623 73
0.660487 73
0.660344 73
0.660344 72
0.660205 72
0.660205 71
0.660053 71
0.659917 71
0.659764 71
0.659637 71
0.659637 70
0.659637 69
0.659509 69
0.659374 69
0.659286 68
0.659286 67
0.659155 67
0.659005 67
0.658852 67
0.658852 66
0.658709 66
0.65859 66
0.658455 66
0.658322 66
0.658322 65
0.658177 65
0.658026 65
0.657898 65
0.657792 65
0.657677 65
0.657556 65
0.657484 64
0.657343 64
0.657195 64
0.657071 64
0.656931 64
0.656773 64
0.656651 64
0.656651 63
0.656533 63
0.656375 63
0.656222 63
0.656222 62
0.656057 62
0.655918 62
0.655779 62
0.655637 62
0.655514 62
0.655361 62
0.655224 62
0.655078 62
0.654938 62
0.654802 62
0.654657 62
0.654515 62
0.654409 62
0.654267 62
0.654124 62
0.65399 62
0.653863 62
0.653709 62
0.653565 62
0.653438 62
0.65329 62
0.65329 61
0.653185 61
0.653061 61
0.653061 60
0.652931 60
0.652833 60
0.652687 60
0.652538 60
0.6524 60
0.652269 60
0.652144 60
0.651992 60
0.65188 60
0.651801 59
0.651655 59
0.651655 58
0.651529 58
0.651529 57
0.651403 57
0.651265 57
0.651108 57
0.650962 57
0.650822 57
0.650665 57
0.65054 57
0.650406 57
0.650271 57
0.650141 57
0.650002 57
0.64986 57
0.649751 57
0.649751 56
0.649634 56
0.649483 56
0.649483 55
0.649371 55
0.649213 55
0.64914 54
0.648992 54
0.648839 54
0.648719 54
0.648583 54
0.64855 53
0.648417 53
0.648298 53
0.648298 52
0.648152 52
0.648009 52
0.647862 52
0.647687 52
0.647581 52
0.647452 52
0.647309 52
0.64717 52
0.647032 52
0.646875 52
0.646749 52
0.646607 52
0.646607 51
0.646463 51
0.646344 51
0.64622 51
0.646089 51
0.645945 51
0.645823 51
0.6457 51
0.645556 51
0.645444 51
0.645292 51
0.645146 51
0.645032 51
0.645032 50
0.644869 50
0.644736 50
0.644601 50
0.644498 50
0.644343 50
0.644251 49
0.644124 49
0.64397 49
0.643837 49
0.64369 49
0.643648 48
0.643602 47
0.64348 47
0.643342 47
0.643213 47
0.643118 46
0.64299 46
0.642848 46
0.642697 46
0.642537 46
0.642425 46
0.642267 46
0.642116 46
0.64198 46
0.64184 46
0.641708 46
0.64161 46
0.64146 46
0.641303 46
0.641172 46
0.641172 45
0.64102 45
0.640866 45
0.640795 44
0.640795 43
0.640661 43
0.64054 43
0.640398 43
0.640273 43
0.640273 42
0.640129 42
0.639984 42
0.639846 42
0.639704 42
0.639557 42
0.639426 42
0.639287 42
0.639133 42
0.638984 42
0.63884 42
0.638689 42
0.638561 42
0.638437 42
0.638301 42
0.638144 42
0.638035 42
0.637881 42
0.637753 42
0.637603 42
0.637487 42
0.637348 42
0.637214 42
0.6371 42
0.636973 42
0.636838 42
0.636838 41
0.636707 41
0.636574 41
0.636574 40
0.636423 40
0.636292 40
0.636003 40
0.635872 40
0.635872 39
0.63575 39
0.635638 39
0.635496 39
0.635344 39
0.635207 39
0.635066 39
0.634964 39
0.634831 39
0.634691 39
0.634462 39
0.634336 39
0.634203 39
0.63408 39
0.633821 39
0.633677 39
0.633536 39
0.633385 39
0.633246 39
0.633112 39
0.632968 39
0.632822 39
0.632668 39
0.632552 39
0.632408 39
0.632264 39
0.632119 39
0.631978 39
0.631835 39
0.631697 39
0.631557 39
0.631428 39
0.63128 39
0.631137 39
0.630991 39
0.630854 39
0.630698 39
0.630562 39
0.630428 39
0.630298 39
0.630148 39
0.63005 39
0.629943 39
0.629788 39
0.629641 39
0.629495 39
0.629363 39
0.629238 39
0.629093 39
0.628958 39
0.628798 39
0.62867 39
0.628533 39
0.628377 39
0.628246 39
0.628126 39
0.627974 39
0.627817 39
0.627657 39
0.627541 39
0.627414 39
0.627269 39
0.627114 39
0.626976 39
0.626976 38
0.626854 38
0.626713 38
0.626587 38
0.626473 38
0.626339 38
0.626256 37
0.626134 37
0.626002 37
0.62586 37
0.625723 37
0.625577 37
0.625429 37
0.625282 37
0.625143 37
0.624999 37
0.624889 37
0.624734 37
0.624585 37
0.624437 37
0.624291 37
0.624147 37
0.624005 37
0.623911 36
0.623758 36
0.62362 36
0.623488 36
0.623344 36
0.623205 36
0.623049 36
0.623049 35
0.622912 35
0.622764 35
0.622642 35
0.622512 35
0.622402 35
0.622256 35
0.622109 35
0.62196 35
0.621815 35
0.621666 35
0.621537 35
0.621398 35
0.62125 35
0.621124 35
0.620981 35
0.620833 35
0.620686 35
0.620554 35
0.620413 35
0.620289 35
0.620154 35
0.620023 35
0.619895 35
0.619741 35
0.619595 35
0.619446 35
0.619293 35
0.619147 35
0.619147 34
0.618998 34
0.618866 34
0.618733 34
0.618579 34
0.618422 34
0.618311 34
0.6182 34
0.618057 34
0.617925 34
0.61777 34
0.617659 34
0.61751 34
0.617361 34
0.617213 34
0.617074 34
0.616923 34
0.616783 34
0.616635 34
0.616517 34
0.616372 34
0.616236 34
0.616098 34
0.615954 34
0.615812 34
0.615666 34
0.615527 34
0.615392 34
0.615243 34
0.615101 34
0.615005 33
0.614877 33
0.61476 33
0.614633 33
0.614489 33
0.614345 33
0.614196 33
0.614049 33
0.6139 33
0.613741 33
0.613654 32
0.613511 32
0.613376 32
0.613241 32
0.613088 32
0.612939 32
0.612804 32
0.61266 32
0.612527 32
0.612383 32
0.612267 32
0.612142 32
0.612001 32
0.611866 32
0.611717 32
0.611578 32
0.611451 32
0.611296 32
0.611148 32
0.610993 32
0.610855 32
0.610698 32
0.610549 32
0.610421 32
0.610272 32
0.610147 32
0.610006 32
0.609855 32
0.609696 32
0.609568 32
0.609428 32
0.609286 32
0.609134 32
0.608975 32
0.60884 32
0.608688 32
0.608536 32
0.60839 32
0.60839 31
0.608254 31
0.608119 31
0.608119 30
0.607977 30
0.607852 30
0.607719 30
0.607588 30
0.607443 30
0.607289 30
0.607145 30
0.607022 30
0.606879 30
0.606734 30
0.606598 30
0.606451 30
0.606284 30
0.606124 30
0.605993 30
0.605879 30
0.605738 30
0.605616 30
0.605474 30
0.605318 30
0.605245 29
0.605108 29
0.604968 29
0.604817 29
0.604678 29
0.604525 29
0.604382 29
0.604242 29
0.604093 29
0.603947 29
0.603806 29
0.603694 29
0.603553 29
0.603553 28
0.603419 28
0.603278 28
0.603128 28
0.603015 28
0.602866 28
0.602724 28
0.60257 28
0.602427 28
0.602274 28
0.602118 28
0.601966 28
0.601836 28
0.601836 27
0.601681 27
0.601573 27
0.601434 27
0.60128 27
0.601131 27
0.600978 27
0.600826 27
0.600693 27
0.600554 27
0.600413 27
0.600264 27
0.600105 27
0.599953 27
0.599811 27
0.599663 27
0.599513 27
0.599365 27
0.599237 27
0.599094 27
0.598963 27
0.59881 27
0.598663 27
0.598529 27
0.59838 27
0.598233 27
0.598075 27
0.597929 27
0.597797 27
0.597658 27
0.597524 27
0.597375 27
0.597252 27
0.597117 27
0.596974 27
0.59682 27
0.596673 27
0.596537 27
0.596388 27
0.596237 27
0.596094 27
0.595965 27
0.595817 27
0.595676 27
0.595549 27
0.595401 27
0.59511 27
0.59497 27
0.594829 27
0.594829 26
0.594677 26
0.59453 26
0.594398 26
0.59426 26
0.594109 26
0.593956 26
0.593806 26
0.593678 26
0.593576 26
0.593426 26
0.593272 26
0.593133 26
0.592986 26
0.592845 26
0.592689 26
0.592555 26
0.5924 26
0.592282 26
0.592141 26
0.591995 26
0.591855 26
0.591691 26
0.591541 26
0.591541 25
0.59141 25
0.591249 25
0.591151 25
0.590997 25
0.59085 25
0.590723 25
0.590573 25
0.590423 25
0.590288 25
0.590162 25
0.590024 25
0.58988 25
0.589741 25
0.589591 25
0.589442 25
0.589301 25
0.589172 25
0.589022 25
0.588886 25
0.588763 25
0.588616 25
0.58848 25
0.588335 25
0.588215 25
0.588082 25
0.587926 25
0.587797 25
0.587658 25
0.587504 25
0.587349 25
0.587219 25
0.587075 25
0.586938 25
0.586795 25
0.586643 25
0.586507 25
0.586376 25
0.586228 25
0.586088 25
0.58595 25
0.585803 25
0.585661 25
0.585503 25
0.58536 25
0.585231 25
0.585076 25
0.584964 25
0.584816 25
0.584681 25
0.584544 25
0.5844 25
0.584246 25
0.584106 25
0.583952 25
0.583804 25
0.583653 25
0.583545 25
0.583395 25
0.583282 25
0.583143 25
0.583 25
0.582851 25
0.582713 25
0.582572 25
0.582413 25
0.582268 25
0.582132 25
0.581984 25
0.581849 25
0.581712 25
0.581556 25
0.581414 25
0.581254 25
0.581117 25
0.580964 25
0.580808 25
0.580808 24
0.580661 24
0.580519 24
0.580372 24
0.580241 24
0.580094 24
0.579959 24
0.579805 24
0.579655 24
0.579511 24
0.579366 24
0.579223 24
0.579083 24
0.578936 24
0.578812 24
0.578666 24
0.578514 24
0.57836 24
0.57821 24
0.578054 24
0.577896 24
0.577755 24
0.577605 24
0.577446 24
0.577298 24
0.577153 24
0.577019 24
0.576902 24
0.576765 24
0.576621 24
0.576468 24
0.576339 24
0.576192 24
0.576054 24
0.575917 24
0.575778 24
0.575688 23
0.575543 23
0.575404 23
0.575262 23
0.575115 23
0.574981 23
0.574834 23
0.574693 23
0.574559 23
0.574442 23
0.574292 23
0.574136 23
0.573996 23
0.573875 23
0.573739 23
0.573616 23
0.573461 23
0.573338 23
0.573194 23
0.573052 23
0.572915 23
0.572766 23
0.572613 23
0.572463 23
0.572318 23
0.572168 23
0.572022 23
0.571872 23
0.57173 23
0.57159 23
0.571432 23
0.571287 23
0.571147 23
0.570988 23
0.57084 23
0.570701 23
0.570549 23
0.570549 22
0.570401 22
0.570249 22
0.570097 22
0.569974 22
0.569819 22
0.569663 22
0.569523 22
0.569413 22
0.569287 22
0.569145 22
0.568999 22
0.568857 22
0.568724 22
0.568587 22
0.568437 22
0.568294 22
0.568174 22
0.568044 22
0.567905 22
0.567773 22
0.567638 22
0.567498 22
0.56733 22
0.56719 22
0.567059 22
0.566913 22
0.566756 22
0.566623 22
0.566477 22
0.566326 22
0.566187 22
0.566034 22
0.565911 22
0.565767 22
0.565637 22
0.5655 22
0.565354 22
0.56522 22
0.565075 22
0.564936 22
0.56479 22
0.564641 22
0.564497 22
0.564363 22
0.564215 22
0.564109 22
0.563958 22
0.563812 22
0.563666 22
0.563539 22
0.563389 22
0.56325 22
0.563095 22
0.562977 22
0.562853 22
0.562726 22
0.562617 22
0.562469 22
0.562312 22
0.562184 22
0.562055 22
0.561898 22
0.561747 22
0.561598 22
0.561448 22
0.561302 22
0.561148 22
0.561006 22
0.560862 22
0.56075 22
0.56061 22
0.560465 22
0.560313 22
0.560185 22
0.560037 22
0.559897 22
0.559751 22
0.559607 22
0.559448 22
0.559293 22
0.559176 22
0.559024 22
0.558881 22
0.558738 22
0.558593 22
0.558457 22
0.558315 22
0.558178 22
0.558052 22
0.557909 22
0.557788 22
0.557645 22
0.557521 22
0.557376 22
0.557236 22
0.557105 22
0.556969 22
0.556816 22
0.556663 22
0.556517 22
0.556416 22
0.556269 22
0.556123 22
0.555985 22
0.555846 22
0.555696 22
0.555543 22
0.555382 22
0.555233 22
0.55509 22
0.554946 22
0.554793 22
0.554649 22
0.554508 22
0.554366 22
0.554227 22
0.554088 22
0.553936 22
0.553788 22
0.553673 22
0.553527 22
0.553384 22
0.55325 22
0.553143 22
0.552999 22
0.552855 22
0.5527 22
0.552558 22
0.552404 22
0.552271 22
0.552271 21
0.552126 21
0.552008 21
0.551864 21
0.551729 21
0.551594 21
0.551442 21
0.551303 21
0.55117 21
0.551028 21
0.55088 21
0.550722 21
0.550582 21
0.55044 21
0.550299 21
0.550156 21
0.550015 21
0.549894 21
0.549799 20
0.549657 20
0.5495 20
0.54936 20
0.549211 20
0.549073 20
0.54892 20
0.548777 20
0.548633 20
0.548479 20
0.54834 20
0.548196 20
0.548075 20
0.547923 20
0.547784 20
0.547651 20
0.547525 20
0.547367 20
0.547226 20
0.54707 20
0.546921 20
0.546778 20
0.546622 20
0.546476 20
0.546349 20
0.546248 20
0.546117 20
0.545975 20
0.54582 20
0.545666 20
0.545523 20
0.545374 20
0.545223 20
0.545069 20
0.544913 20
0.54478 20
0.544639 20
0.544497 20
0.544359 20
0.54422 20
0.544073 20
0.543927 20
0.54379 20
0.543634 20
0.543484 20
0.543335 20
0.543194 20
0.543049 20
0.542899 20
0.542741 20
0.54261 20
0.542455 20
0.542304 20
0.542155 20
0.542008 20
0.541883 20
0.541737 20
0.541615 20
0.541468 20
0.541314 20
0.541158 20
0.541004 20
0.540852 20
0.540699 20
0.540554 20
0.540398 20
0.540257 20
0.54012 20
0.539978 20
0.539839 20
0.539702 20
0.539702 19
0.539558 19
0.539417 19
0.539264 19
0.539127 19
0.538993 19
0.53886 19
0.538731 19
0.53858 19
0.538497 18
0.538357 18
0.538223 18
0.538097 18
0.537943 18
0.537786 18
0.53765 18
0.537532 18
0.537384 18
0.537234 18
0.537122 18
0.536987 18
0.53685 18
0.536718 18
0.536571 18
0.536431 18
0.536283 18
0.536133 18
0.535975 18
0.535822 18
0.535822 17
0.535668 17
0.535524 17
0.53538 17
0.535232 17
0.535092 17
0.534963 17
0.534824 17
0.534679 17
0.534533 17
0.534384 17
0.534228 17
0.534082 17
0.533923 17
0.533766 17
0.533622 17
0.533481 17
0.533326 17
0.533188 17
0.533039 17
0.532907 17
0.532785 17
0.532645 17
0.532505 17
0.532358 17
0.5322 17
0.532057 17
0.531931 17
0.531788 17
0.531677 17
0.531523 17
0.531376 17
0.531233 17
0.531114 17
0.53097 17
0.530823 17
0.530676 17
0.530546 17
0.53041 17
0.530265 17
0.530112 17
0.52996 17
0.529828 17
0.52968 17
0.529538 17
0.529383 17
0.529234 17
0.529114 17
0.528972 17
0.528817 17
0.528687 17
0.528545 17
0.528402 17
0.528248 17
0.528095 17
0.527948 17
0.527811 17
0.527657 17
0.527503 17
0.527368 17
0.527218 17
0.527072 17
0.52692 17
0.52676 17
0.526615 17
0.526481 17
0.526328 17
0.526178 17
0.526055 17
0.525903 17
0.525754 17
0.525622 17
0.525485 17
0.525335 17
0.525216 17
0.525092 17
0.524964 17
0.524824 17
0.524687 17
0.524542 17
0.524388 17
0.524251 17
0.524135 17
0.523999 17
0.523845 17
0.523698 17
0.523568 17
0.523427 17
0.52328 17
0.523135 17
0.522984 17
0.522827 17
0.52269 17
0.522547 17
0.522397 17
0.522248 17
0.522092 17
0.521969 17
0.521872 17
0.521728 17
0.521578 17
0.521441 17
0.521304 17
0.521165 17
0.521018 17
0.52088 17
0.520729 17
0.520584 17
0.520442 17
0.520296 17
0.520141 17
0.519983 17
0.519847 17
0.519718 17
0.519585 17
0.51948 17
0.519326 17
0.519183 17
0.519036 17
0.518883 17
0.518757 17
0.518622 17
0.518475 17
0.518326 17
0.518172 17
0.518019 17
0.51788 17
0.517726 17
0.517576 17
0.517438 17
0.517296 17
0.517159 17
0.517005 17
0.516863 17
0.516724 17
0.516558 17
0.516412 17
0.516266 17
0.516123 17
0.515965 17
0.515817 17
0.515667 17
0.515527 17
0.515383 17
0.515238 17
0.515101 17
0.514963 17
0.514805 17
0.514654 17
0.514502 17
0.514362 17
0.514219 17
0.514073 17
0.513929 17
0.513784 17
0.513667 17
0.513517 17
0.513362 17
0.513215 17
0.513066 17
0.512922 17
0.512771 17
0.512642 17
0.512513 17
0.512366 17
0.512209 17
0.512053 17
0.511908 17
0.51177 17
0.51162 17
0.511465 17
0.511311 17
0.511182 17
0.511035 17
0.510896 17
0.510743 17
0.510589 17
0.510451 17
0.51029 17
0.510149 17
0.51 17
0.509852 17
0.509699 17
0.509558 17
0.509414 17
0.50927 17
0.50913 17
0.508991 17
0.508845 17
0.508685 17
0.508547 17
0.508402 17
0.508282 17
0.508156 17
0.508003 17
0.50786 17
0.507709 17
0.507559 17
0.507404 17
0.507255 17
0.507158 17
0.507025 17
0.506884 17
0.506769 17
0.506632 17
0.506489 17
0.506349 17
0.506207 17
0.506063 17
0.505913 17
0.505783 17
0.505633 17
0.505486 17
0.505332 17
0.505203 17
0.505058 17
0.504912 17
0.50476 17
0.504612 17
0.504455 17
0.504311 17
0.504166 17
0.504041 17
0.503895 17
0.503738 17
0.503582 17
0.503429 17
0.503283 17
0.503125 17
0.502984 17
0.502847 17
0.502712 17
0.502571 17
0.502437 17
0.502294 17
0.502144 17
0.502001 17
0.501859 17
0.501708 17
0.501585 17
0.501432 17
0.501287 17
0.501157 17
0.501014 17
0.50087 17
0.500712 17
0.500559 17
0.500421 17
0.500273 17
0.500119 17
0.499972 17
0.499827 17
0.499672 17
0.499523 17
0.499368 17
0.499222 17
0.499085 17
0.498918 17
0.498781 17
0.498639 17
0.498496 17
0.498338 17
0.498196 17
0.498061 17
0.497901 17
0.497763 17
0.497618 17
0.497472 17
0.497472 16
0.497333 16
0.497185 16
0.497043 16
0.496892 16
0.496752 16
0.496607 16
0.496471 16
0.496315 16
0.496175 16
0.496045 16
0.495921 16
0.495772 16
0.495627 16
0.495492 16
0.495337 16
0.495193 16
0.495038 16
0.494884 16
0.494735 16
0.494598 16
0.494453 16
0.494314 16
0.494159 16
0.494012 16
0.493857 16
0.493712 16
0.493583 16
0.493446 16
0.493307 16
0.493159 16
0.493019 16
0.492864 16
0.492733 16
0.492577 16
0.492431 16
0.4923 16
0.492151 16
0.492014 16
0.491866 16
0.491729 16
0.491574 16
0.491434 16
0.491286 16
0.491146 16
0.490996 16
0.490848 16
0.490696 16
0.490536 16
0.490401 16
0.490244 16
0.490102 16
0.489945 16
0.489824 16
0.489672 16
0.489523 16
0.489374 16
0.489222 16
0.489081 16
0.488931 16
0.488799 16
0.488661 16
0.488507 16
0.488365 16
0.488231 16
0.488093 16
0.487944 16
0.487795 16
0.487663 16
0.487513 16
0.487385 16
0.487244 16
0.487095 16
0.48695 16
0.486806 16
0.486658 16
0.486551 16
0.486393 16
0.48625 16
0.486094 16
0.485942 16
0.485813 16
0.485685 16
0.485536 16
0.485378 16
0.485254 16
0.485098 16
0.484941 16
0.484796 16
0.484636 16
0.484491 16
0.484339 16
0.484194 16
0.484042 16
0.483889 16
0.483766 16
0.483631 16
0.483499 16
0.483346 16
0.483193 16
0.483045 16
0.482912 16
0.48276 16
0.482615 16
0.482477 16
0.48232 16
0.482187 16
0.482043 16
0.481885 16
0.481749 16
0.481635 16
0.481483 16
0.481349 16
0.481211 16
0.481071 16
0.480937 16
0.480792 16
0.480646 16
0.480503 16
0.480351 16
0.480203 16
0.480054 16
0.479902 16
0.479745 16
0.479589 16
0.479434 16
0.479302 16
0.479157 16
0.479006 16
0.478862 16
0.478713 16
0.47858 16
0.478438 16
0.478278 16
0.478129 16
0.477997 16
0.47785 16
0.477708 16
0.477552 16
0.477402 16
0.477264 16
0.477127 16
0.476977 16
0.476809 16
0.476676 16
0.476532 16
0.476383 16
0.476237 16
0.476097 16
0.475952 16
0.475797 16
0.475654 16
0.475505 16
0.475353 16
0.475211 16
0.475081 16
0.474937 16
0.474792 16
0.474641 16
0.474496 16
0.474356 16
0.474205 16
0.474054 16
0.473899 16
0.473767 16
0.473615 16
0.473465 16
0.473317 16
0.473176 16
0.473025 16
0.472882 16
0.472732 16
0.472584 16
0.472445 16
0.472292 16
0.472158 16
0.472015 16
0.471866 16
0.47172 16
0.471587 16
0.471436 16
0.471286 16
0.471158 16
0.471025 16
0.470883 16
0.470746 16
0.470588 16
0.470432 16
0.470289 16
0.470145 16
0.470011 16
0.469862 16
0.469713 16
0.469561 16
0.469424 16
0.469289 16
0.469144 16
0.469011 16
0.468865 16
0.468743 16
0.468587 16
0.46844 16
0.468306 16
0.468172 16
0.468033 16
0.46789 16
0.467738 16
0.467607 16
0.467471 16
0.467343 16
0.467198 16
0.46706 16
0.466905 16
0.46677 16
0.466612 16
0.46648 16
0.46635 16
0.466209 16
0.466094 16
0.465962 16
0.465811 16
0.465682 16
0.465529 16
0.465376 16
0.465241 16
0.465106 16
0.464979 16
0.464822 16
0.464681 16
0.46453 16
0.464387 16
0.464229 16
0.464089 16
0.463938 16
0.463788 16
0.463637 16
0.46352 16
0.463375 16
0.463238 16
0.463097 16
0.462939 16
0.462802 16
0.46266 16
0.462518 16
0.462374 16
0.462221 16
0.462072 16
0.461936 16
0.461806 16
0.461649 16
0.461505 16
0.461359 16
0.461209 16
0.461055 16
0.460914 16
0.460776 16
0.46063 16
0.460481 16
0.46033 16
0.460198 16
0.460079 16
0.459938 16
0.459813 16
0.459679 16
0.459546 16
0.459415 16
0.459265 16
0.459129 16
0.458979 16
0.45883 16
0.458687 16
0.458547 16
0.458412 16
0.458275 16
0.458144 16
0.458003 16
0.457893 16
0.457748 16
0.457604 16
0.45747 16
0.457328 16
0.457195 16
0.457066 16
0.456925 16
0.456786 16
0.456636 16
0.456483 16
0.456338 16
0.456181 16
0.456051 16
0.455914 16
0.455769 16
0.45561 16
0.455472 16
0.455323 16
0.45518 16
0.455029 16
0.454889 16
0.454747 16
0.454607 16
0.454471 16
0.454322 16
0.454175 16
0.45403 16
0.45388 16
0.453732 16
0.453583 16
0.453442 16
0.453305 16
0.45317 16
0.453038 16
0.452898 16
0.452745 16
0.452593 16
0.452447 16
0.452303 16
0.452151 16
0.452001 16
0.451885 16
0.451734 16
0.451589 16
0.451438 16
0.45129 16
0.451143 16
0.450995 16
0.450854 16
0.450716 16
0.450573 16
0.450426 16
0.450269 16
0.450126 16
0.44999 16
0.449838 16
0.449685 16
0.449541 16
0.449408 16
0.449256 16
0.449109 16
0.448969 16
0.44881 16
0.448676 16
0.448533 16
0.448381 16
0.44823 16
0.448084 16
0.447948 16
0.447812 16
0.447664 16
0.447517 16
0.447369 16
0.447225 16
0.447083 16
0.446929 16
0.446791 16
0.446651 16
0.446511 16
0.446364 16
0.446231 16
0.446085 16
0.445934 16
0.445783 16
0.445644 16
0.445495 16
0.445356 16
0.445205 16
0.445051 16
0.444915 16
0.444778 16
0.444625 16
0.444482 16
0.444339 16
0.444197 16
0.444047 16
0.443908 16
0.44376 16
0.443616 16
0.443489 16
0.443385 16
0.443238 16
0.443084 16
0.442937 16
0.442792 16
0.442645 16
0.442492 16
0.442352 16
0.442214 16
0.442086 16
0.441948 16
0.441805 16
0.441651 16
0.441506 16
0.441358 16
0.441259 16
0.441121 16
0.440987 16
0.440826 16
0.440675 16
0.440551 16
0.440412 16
0.440266 16
0.440133 16
0.439976 16
0.439827 16
0.439676 16
0.439532 16
0.439402 16
0.439255 16
0.439112 16
0.438958 16
0.438825 16
0.438689 16
0.43854 16
0.438403 16
0.438264 16
0.43812 16
0.437984 16
0.437842 16
0.437699 16
0.437551 16
0.437413 16
0.437268 16
0.437143 16
0.437009 16
0.436865 16
0.43671 16
0.436559 16
0.436403 16
0.436274 16
0.43615 16
0.435998 16
0.435874 16
0.435725 16
0.435586 16
0.435452 16
0.435309 16
0.43517 16
0.43503 16
0.434885 16
0.43475 16
0.434587 16
0.434438 16
0.434316 16
0.434185 16
0.434046 16
0.433903 16
0.433753 16
0.433601 16
0.433468 16
0.433337 16
0.433199 16
0.43305 16
0.432899 16
0.432741 16
0.432741 15
0.432602 15
0.432467 15
0.432309 15
0.432179 15
0.432032 15
0.43188 15
0.431729 15
0.431597 15
0.431453 15
0.431326 15
0.431038 15
0.430895 15
0.430749 15
0.430604 15
0.430453 15
0.430307 15
0.430161 15
0.430015 15
0.42988 15
0.429758 15
0.429624 15
0.429475 15
0.429324 15
0.429171 15
0.429012 15
0.428859 15
0.428721 15
0.428568 15
0.428423 15
0.428273 15
0.428122 15
0.428 15
0.427857 15
0.427709 15
0.42758 15
0.427428 15
0.427275 15
0.427124 15
0.426988 15
0.42685 15
0.426719 15
0.42658 15
0.42643 15
0.426276 15
0.426145 15
0.426004 15
0.425876 15
0.425728 15
0.425594 15
0.425438 15
0.425283 15
0.425159 15
0.425004 15
0.424854 15
0.424732 15
0.424595 15
0.424448 15
0.424304 15
0.424163 15
0.42404 15
0.42389 15
0.423757 15
0.4236 15
0.423457 15
0.423314 15
0.423183 15
0.423047 15
0.422898 15
0.422771 15
0.42262 15
0.422469 15
0.422338 15
0.422214 15
0.422069 15
0.421932 15
0.421789 15
0.421638 15
0.421501 15
0.421357 15
0.421219 15
0.421071 15
0.420932 15
0.420795 15
0.420637 15
0.420506 15
0.420363 15
0.420223 15
0.420067 15
0.419926 15
0.419784 15
0.419637 15
0.41949 15
0.419336 15
0.419193 15
0.419049 15
0.4189 15
0.418759 15
0.418616 15
0.418472 15
0.418357 15
0.418233 15
0.418093 15
0.417948 15
0.41779 15
0.417639 15
0.41749 15
0.417353 15
0.417213 15
0.417059 15
0.416929 15
0.416795 15
0.416648 15
0.4165 15
0.416384 15
0.41624 15
0.416114 15
0.415971 15
0.415845 15
0.415701 15
0.415553 15
0.415394 15
0.415248 15
0.415107 15
0.414974 15
0.414823 15
0.414674 15
0.414544 15
0.414388 15
0.414255 15
0.41411 15
0.413961 15
0.413826 15
0.413676 15
0.41354 15
0.413384 15
0.41325 15
0.413106 15
0.412974 15
0.412831 15
0.412695 15
0.412549 15
0.412424 15
0.412295 15
0.412162 15
0.412014 15
0.411873 15
0.411723 15
0.411575 15
0.411432 15
0.411346 14
0.411198 14
0.411059 14
0.410905 14
0.41075 14
0.410593 14
0.410452 14
0.410308 14
0.410187 14
0.410035 14
0.409883 14
0.409773 14
0.409636 14
0.409505 14
0.409353 14
0.409226 14
0.409073 14
0.408932 14
0.408789 14
0.408645 14
0.408496 14
0.408349 14
0.408228 14
0.408074 14
0.407932 14
0.407779 14
0.407635 14
0.407488 14
0.407349 14
0.407213 14
0.4071 14
0.406968 14
0.406833 14
0.406674 14
0.406527 14
0.406412 14
0.406266 14
0.406112 14
0.405965 14
0.405834 14
0.405681 14
0.405528 14
0.405384 14
0.405226 14
0.405091 14
0.404942 14
0.404805 14
0.404652 14
0.404506 14
0.404358 14
0.404213 14
0.404089 14
0.403943 14
0.403791 14
0.40365 14
0.403504 14
0.403368 14
0.403226 14
0.403094 14
0.40295 14
0.402795 14
0.402655 14
0.402498 14
0.40234 14
0.402196 14
0.402046 14
0.4019 14
0.40175 14
0.40161 14
0.401464 14
0.401318 14
0.401169 14
0.401013 14
0.400865 14
0.400718 14
0.400571 14
0.40044 14
0.400309 14
0.400161 14
0.400013 14
0.399864 14
0.399711 14
0.399577 14
0.399438 14
0.3993 14
0.399157 14
0.399013 14
0.398864 14
0.398715 14
0.398574 14
0.39843 14
0.398279 14
0.398132 14
0.398001 14
0.39785 14
0.397699 14
0.397556 14
0.39743 14
0.397277 14
0.397125 14
0.396978 14
0.396825 14
0.396692 14
0.396558 14
0.396408 14
0.396291 14
0.396147 14
0.395994 14
0.395846 14
0.395713 14
0.395575 14
0.395426 14
0.395276 14
0.395146 14
0.395002 14
0.394862 14
0.394729 14
0.3946 14
0.394458 14
0.394321 14
0.394183 14
0.394041 14
0.393901 14
0.393832 13
0.393689 13
0.393529 13
0.393378 13
0.393224 13
0.393072 13
0.392929 13
0.392785 13
0.392654 13
0.392512 13
0.392378 13
0.392229 13
0.392098 13
0.391959 13
0.391806 13
0.391665 13
0.391519 13
0.391367 13
0.391218 13
0.391088 13
0.390957 13
0.390807 13
0.390663 13
0.390528 13
0.390373 13
0.390231 13
0.390091 13
0.389937 13
0.389799 13
0.389649 13
0.38952 13
0.389369 13
0.389227 13
0.389077 13
0.388927 13
0.388777 13
0.388648 13
0.388505 13
0.388365 13
0.388213 13
0.388058 13
0.387917 13
0.387754 13
0.387608 13
0.387466 13
0.387319 13
0.38717 13
0.387034 13
0.386901 13
0.386759 13
0.386607 13
0.386454 13
0.386315 13
0.386174 13
0.386037 13
0.38589 13
0.385766 13
0.385616 13
0.38547 13
0.385319 13
0.385181 13
0.385035 13
0.384886 13
0.384738 13
0.384577 13
0.38445 13
0.3843 13
0.384178 13
0.384036 13
0.38391 13
0.383752 13
0.383599 13
0.383451 13
0.383185 13
0.383049 13
0.382903 13
0.382747 13
0.382599 13
0.382457 13
0.382314 13
0.382159 13
0.382016 13
0.381889 13
0.38174 13
0.3816 13
0.381471 13
0.381333 13
0.381194 13
0.381067 13
0.380925 13
0.380781 13
0.380623 13
0.380477 13
0.38035 13
0.380201 13
0.380057 13
0.379907 13
0.379766 13
0.379618 13
0.379488 13
0.379339 13
0.379205 13
0.379082 13
0.378928 13
0.378784 13
0.378647 13
0.378495 13
0.378345 13
0.378195 13
0.378044 13
0.37791 13
0.377771 13
0.377631 13
0.377495 13
0.377354 13
0.377203 13
0.377049 13
0.376899 13
0.376758 13
0.376609 13
0.376469 13
0.376344 13
0.376197 13
0.376048 13
0.375897 13
0.375755 13
0.375616 13
0.37547 13
0.375327 13
0.375199 13
0.375047 13
0.374913 13
0.374782 13
0.374628 13
0.374485 13
0.374344 13
0.3742 13
0.374054 13
0.373906 13
0.373757 13
0.373605 13
0.373452 13
0.373297 13
0.37315 13
0.372997 13
0.372853 13
0.372696 13
0.372559 13
0.372409 13
0.372287 13
0.372161 13
0.372007 13
0.371856 13
0.371711 13
0.371564 13
0.371427 13
0.371279 13
0.371163 13
0.371024 13
0.370902 13
0.370765 13
0.370617 13
0.370472 13
0.370351 13
0.370195 13
0.370054 13
0.369903 13
0.369774 13
0.369627 13
0.369487 13
0.369337 13
0.369191 13
0.369048 13
0.368907 13
0.368765 13
0.368627 13
0.36848 13
0.368349 13
0.368224 13
0.368092 13
0.367959 13
0.367817 13
0.367675 13
0.367528 13
0.367388 13
0.367243 13
0.367109 13
0.366981 13
0.366836 13
0.366692 13
0.366555 13
0.366409 13
0.366254 13
0.366107 13
0.365971 13
0.365833 13
0.365679 13
0.365531 13
0.365383 13
0.36524 13
0.365111 13
0.364976 13
0.364827 13
0.364689 13
0.364549 13
0.364413 13
0.364267 13
0.36412 13
0.363971 13
0.363818 13
0.363673 13
0.363522 13
0.36338 13
0.36338 12
0.363233 12
0.363084 12
0.362952 12
0.362806 12
0.362655 12
0.362512 12
0.362372 12
0.362263 12
0.362115 12
0.361971 12
0.361823 12
0.36168 12
0.361525 12
0.361374 12
0.361223 12
0.361074 12
0.360916 12
0.360771 12
0.360622 12
0.360472 12
0.360336 12
0.360184 12
0.360038 12
0.359882 12
0.359726 12
0.359571 12
0.359421 12
0.359269 12
0.359134 12
0.359005 12
0.358854 12
0.358725 12
0.358575 12
0.358431 12
0.358283 12
0.358149 12
0.357993 12
0.357848 12
0.357695 12
0.357552 12
0.357417 12
0.357274 12
0.35713 12
0.356983 12
0.356835 12
0.356692 12
0.356526 12
0.356385 12
0.35624 12
0.356103 12
0.35596 12
0.355825 12
0.35569 12
0.355537 12
0.355399 12
0.355252 12
0.355106 12
0.35496 12
0.354811 12
0.3547 12
0.354564 12
0.354396 12
0.354253 12
0.354102 12
0.353982 12
0.353833 12
0.353684 12
0.353545 12
0.353397 12
0.353259 12
0.353106 12
0.352968 12
0.352818 12
0.352672 12
0.352525 12
0.352379 12
0.352229 12
0.352099 12
0.351971 12
0.351816 12
0.35166 12
0.351507 12
0.351357 12
0.351216 12
0.351084 12
0.350939 12
0.350809 12
0.350663 12
0.350515 12
0.350407 12
0.350255 12
0.350116 12
0.349985 12
0.349835 12
0.349695 12
0.349543 12
0.349387 12
0.349247 12
0.349091 12
0.34895 12
0.348809 12
0.348691 12
0.348543 12
0.348422 12
0.348422 11
0.348268 11
0.348121 11
0.347984 11
0.347837 11
0.347695 11
0.34756 11
0.347407 11
0.347261 11
0.347122 11
0.346976 11
0.346823 11
0.346703 11
0.346564 11
0.346447 11
0.3463 11
0.346154 11
0.346018 11
0.345866 11
0.345731 11
0.345579 11
0.345434 11
0.345293 11
0.34516 11
0.34501 11
0.34487 11
0.344717 11
0.344584 11
0.344447 11
0.3443 11
0.344165 11
0.344025 11
0.34388 11
0.343731 11
0.343599 11
0.343452 11
0.343304 11
0.343158 11
0.34301 11
0.342869 11
0.342735 11
0.342575 11
0.342434 11
0.342284 11
0.342134 11
0.341989 11
0.341835 11
0.341693 11
0.34154 11
0.341392 11
0.341259 11
0.341103 11
0.340963 11
0.340807 11
0.340662 11
0.34052 11
0.340372 11
0.340233 11
0.34008 11
0.339932 11
0.339791 11
0.339641 11
0.339495 11
0.339367 11
0.339238 11
0.339065 11
0.338921 11
0.338775 11
0.338631 11
0.338489 11
0.33834 11
0.338191 11
0.338058 11
0.337923 11
0.337772 11
0.337634 11
0.337498 11
0.337358 11
0.337203 11
0.33707 11
0.336921 11
0.336789 11
0.336643 11
0.336508 11
0.336369 11
0.336219 11
0.33608 11
0.335931 11
0.335788 11
0.335647 11
0.335498 11
0.335341 11
0.335191 11
0.335055 11
0.334902 11
0.334762 11
0.334614 11
0.334467 11
0.334327 11
0.334181 11
0.334024 11
0.333882 11
0.333739 11
0.333607 11
0.333462 11
0.333329 11
0.333185 11
0.333037 11
0.332901 11
0.332764 11
0.332625 11
0.332474 11
0.332335 11
0.332205 11
0.332056 11
0.331921 11
0.331771 11
0.331609 11
0.331464 11
0.331319 11
0.331167 11
0.331026 11
0.330879 11
0.330725 11
0.330585 11
0.330455 11
0.330304 11
0.330156 11
0.330014 11
0.32987 11
0.329727 11
0.32958 11
0.329429 11
0.329287 11
0.329129 11
0.328977 11
0.32884 11
0.32869 11
0.328547 11
0.328392 11
0.328255 11
0.328112 11
0.327968 11
0.327824 11
0.327676 11
0.327533 11
0.327379 11
0.327242 11
0.327095 11
0.32695 11
0.326808 11
0.32666 11
0.326512 11
0.326366 11
0.326207 11
0.32607 11
0.325947 11
0.325826 11
0.325689 11
0.325562 11
0.325417 11
0.325266 11
0.325142 11
0.325009 11
0.324856 11
0.324721 11
0.324573 11
0.324431 11
0.324265 11
0.324125 11
0.323996 11
0.323835 11
0.323689 11
0.323555 11
0.323416 11
0.32327 11
0.323118 11
0.322977 11
0.322836 11
0.322695 11
0.322542 11
0.322407 11
0.322261 11
0.322109 11
0.321968 11
0.321812 11
0.321665 11
0.321521 11
0.321387 11
0.321236 11
0.321094 11
0.320966 11
0.32083 11
0.320684 11
0.320541 11
0.3204 11
0.320258 11
0.320113 11
0.319975 11
0.319827 11
0.319707 11
0.319707 10
0.319556 10
0.319412 10
0.31929 10
0.319143 10
0.318998 10
0.318842 10
0.318697 10
0.318551 10
0.318397 10
0.318244 10
0.318095 10
0.317958 10
0.317815 10
0.317678 10
0.317527 10
0.317378 10
0.317224 10
0.317072 10
0.316946 10
0.31679 10
0.316639 10
0.316485 10
0.316341 10
0.316196 10
0.316057 10
0.315907 10
0.31576 10
0.315613 10
0.315461 10
0.315299 10
0.315147 10
0.315018 10
0.314868 10
0.31471 10
0.314564 10
0.314417 10
0.314273 10
0.314146 10
0.314003 10
0.313855 10
0.313706 10
0.313556 10
0.313415 10
0.313268 10
0.313103 10
0.312948 10
0.312796 10
0.312651 10
0.312494 10
0.312355 10
0.312217 10
0.312072 10
0.311919 10
0.31178 10
0.311643 10
0.311511 10
0.311358 10
0.311213 10
0.311065 10
0.310939 10
0.310802 10
0.310643 10
0.310516 10
0.310402 10
0.310255 10
0.310123 10
0.309968 10
0.309842 10
0.309677 10
0.30954 10
0.309384 10
0.309239 10
0.309108 10
0.308973 10
0.308834 10
0.308717 10
0.308573 10
0.308428 10
0.30828 10
0.30814 10
0.307989 10
0.307832 10
0.307681 10
0.307538 10
0.307413 10
0.307263 10
0.307112 10
0.306966 10
0.30683 10
0.306691 10
0.306538 10
0.306401 10
0.306253 10
0.306112 10
0.305983 10
0.30583 10
0.305696 10
0.305545 10
0.305395 10
0.305243 10
0.305088 10
0.304944 10
0.304793 10
0.304643 10
0.304489 10
0.304337 10
0.304202 10
0.304057 10
0.303904 10
0.303763 10
0.303625 10
0.303475 10
0.303337 10
0.30318 10
0.303029 10
0.302888 10
0.302736 10
0.302616 10
0.302468 10
0.302318 10
0.302175 10
0.302035 10
0.301879 10
0.301743 10
0.301587 10
0.301443 10
0.301286 10
0.301142 10
0.300996 10
0.300846 10
0.300691 10
0.300547 10
0.300391 10
0.300244 10
0.300091 10
0.299954 10
0.299812 10
0.299663 10
0.299514 10
0.299387 10
0.299239 10
0.299084 10
0.298969 10
0.298834 10
0.29868 10
0.298532 10
0.298391 10
0.29825 10
0.298098 10
0.297953 10
0.29781 10
0.297663 10
0.297512 10
0.29737 10
0.297244 10
0.297105 10
0.296968 10
0.29683 10
0.296679 10
0.296538 10
0.296385 10
0.296238 10
0.296099 10
0.295951 10
0.295818 10
0.29567 10
0.295535 10
0.295384 10
0.295235 10
0.29509 10
0.294943 10
0.294798 10
0.294649 10
0.2945 10
0.294365 10
0.294225 10
0.294072 10
0.293934 10
0.293798 10
0.293798 9
0.293653 9
0.293511 9
0.293356 9
0.293217 9
0.293063 9
0.292935 9
0.292796 9
0.292649 9
0.292515 9
0.292368 9
0.29222 9
0.292085 9
0.291947 9
0.291788 9
0.291656 9
0.291656 8
0.291514 8
0.291361 8
0.291212 8
0.291073 8
0.290934 8
0.290791 8
0.290636 8
0.290495 8
0.290356 8
0.290212 8
0.290085 8
0.289949 8
0.289815 8
0.289665 8
0.289511 8
0.289368 8
0.289221 8
0.289083 8
0.288938 8
0.288798 8
0.288649 8
0.288501 8
0.28835 8
0.288207 8
0.288057 8
0.287913 8
0.287766 8
0.287628 8
0.287496 8
0.287336 8
0.287205 8
0.287065 8
0.286918 8
0.286781 8
0.286632 8
0.286491 8
0.286355 8
0.28621 8
0.286052 8
0.285909 8
0.285776 8
0.285619 8
0.285474 8
0.285326 8
0.285198 8
0.285051 8
0.284906 8
0.284756 8
0.284605 8
0.28447 8
0.284326 8
0.284193 8
0.28405 8
0.283895 8
0.283751 8
0.283619 8
0.28348 8
0.283336 8
0.283193 8
0.283051 8
0.282913 8
0.282778 8
0.282634 8
0.28252 8
0.282374 8
0.282236 8
0.282092 8
0.281941 8
0.281797 8
0.281651 8
0.281497 8
0.281356 8
0.281218 8
0.281063 8
0.280926 8
0.280773 8
0.280625 8
0.28048 8
0.280334 8
0.280183 8
0.280028 8
0.279873 8
0.279723 8
0.27958 8
0.279437 8
0.279299 8
0.279152 8
0.279006 8
0.278848 8
0.2787 8
0.278555 8
0.278409 8
0.278261 8
0.278114 8
0.277964 8
0.277826 8
0.277692 8
0.277547 8
0.277393 8
0.27711 8
0.276965 8
0.276843 8
0.276698 8
0.276563 8
0.276423 8
0.276276 8
0.276129 8
0.275984 8
0.275835 8
0.275693 8
0.275539 8
0.275386 8
0.275245 8
0.275094 8
0.274973 8
0.274824 8
0.274679 8
0.274521 8
0.27439 8
0.274246 8
0.274106 8
0.273958 8
0.273809 8
0.273696 8
0.273567 8
0.27341 8
0.27326 8
0.273123 8
0.272956 8
0.2728 8
0.272655 8
0.272502 8
0.272343 8
0.272201 8
0.27206 8
0.271905 8
0.27176 8
0.271626 8
0.271474 8
0.271329 8
0.271189 8
0.271058 8
0.270909 8
0.270774 8
0.270635 8
0.270495 8
0.270355 8
0.270211 8
0.270077 8
0.269915 8
0.269769 8
0.269626 8
0.269478 8
0.269335 8
0.26919 8
0.269051 8
0.268921 8
0.268789 8
0.268642 8
0.268518 8
0.268371 8
0.268227 8
0.268073 8
0.267925 8
0.267773 8
0.267621 8
0.267498 8
0.267355 8
0.267219 8
0.26709 8
0.266942 8
0.266803 8
0.266653 8
0.266496 8
0.26636 8
0.266231 8
0.26608 8
0.265942 8
0.265796 8
0.265647 8
0.265504 8
0.265369 8
0.265234 8
0.265074 8
0.264938 8
0.264783 8
0.264643 8
0.264509 8
0.264368 8
0.264223 8
0.264069 8
0.26392 8
0.263778 8
0.263663 8
0.263523 8
0.263371 8
0.263218 8
0.263073 8
0.262926 8
0.262775 8
0.262633 8
0.262476 8
0.262332 8
0.262182 8
0.262039 8
0.261894 8
0.261742 8
0.261596 8
0.261449 8
0.261301 8
0.261181 8
0.261038 8
0.260897 8
0.260757 8
0.260616 8
0.260472 8
0.260334 8
0.260197 8
0.260056 8
0.259913 8
0.259771 8
0.259626 8
0.259477 8
0.259334 8
0.259178 8
0.259035 8
0.258887 8
0.258737 8
0.258603 8
0.258444 8
0.258303 8
0.258155 8
0.258003 8
0.257852 8
0.257703 8
0.257556 8
0.257406 8
0.257258 8
0.25711 8
0.256957 8
0.256811 8
0.256663 8
0.256515 8
0.256361 8
0.256233 8
0.256095 8
0.25595 8
0.255801 8
0.255668 8
0.255518 8
0.255372 8
0.255236 8
0.255096 8
0.254956 8
0.254809 8
0.254667 8
0.254541 8
0.254395 8
0.254241 8
0.254085 8
0.253974 8
0.25384 8
0.253687 8
0.253537 8
0.253392 8
0.253252 8
0.253107 8
0.252966 8
0.252825 8
0.252674 8
0.252523 8
0.252389 8
0.252245 8
0.252101 8
0.252101 7
0.251961 7
0.251813 7
0.251663 7
0.251526 7
0.251387 7
0.251238 7
0.251099 7
0.250954 7
0.250811 7
0.250653 7
0.250515 7
0.250372 7
0.250228 7
0.250075 7
0.249941 7
0.249815 7
0.249669 7
0.24951 7
0.249362 7
0.249222 7
0.249069 7
0.248916 7
0.248778 7
0.248632 7
0.248481 7
0.248342 7
0.248191 7
0.248043 7
0.247909 7
0.247776 7
0.247634 7
0.247484 7
0.247334 7
0.247198 7
0.247045 7
0.246893 7
0.246746 7
0.246603 7
0.246459 7
0.246303 7
0.246175 7
0.246036 7
0.245886 7
0.245736 7
0.245581 7
0.245434 7
0.245289 7
0.245151 7
0.245009 7
0.244852 7
0.244707 7
0.244563 7
0.244413 7
0.244287 7
0.244139 7
0.24398 7
0.243829 7
0.243689 7
0.243542 7
0.243391 7
0.243243 7
0.243093 7
0.242946 7
0.242793 7
0.242651 7
0.242529 7
0.242393 7
0.242244 7
0.242096 7
0.24195 7
0.241802 7
0.241651 7
0.241501 7
0.241358 7
0.241214 7
0.241069 7
0.240922 7
0.240776 7
0.240622 7
0.240476 7
0.240319 7
0.240165 7
0.24003 7
0.239876 7
0.239726 7
0.239579 7
0.239435 7
0.239295 7
0.239148 7
0.239007 7
0.238854 7
0.238712 7
0.238568 7
0.238424 7
0.238278 7
0.238137 7
0.23797 7
0.23782 7
0.237677 7
0.237529 7
0.237373 7
0.237219 7
0.237076 7
0.236941 7
0.236791 7
0.236632 7
0.236486 7
0.236345 7
0.236204 7
0.236073 7
0.235933 7
0.235788 7
0.235639 7
0.235492 7
0.235353 7
0.235208 7
0.235068 7
0.234919 7
0.234776 7
0.234633 7
0.234491 7
0.234346 7
0.23419 7
0.234038 7
0.233896 7
0.233746 7
0.23359 7
0.233452 7
0.233314 7
0.233158 7
0.233044 7
0.23292 7
0.232772 7
0.232627 7
0.232462 7
0.232315 7
0.232163 7
0.232023 7
0.231878 7
0.23175 7
0.231607 7
0.231458 7
0.231322 7
0.23118 7
0.231033 7
0.23088 7
0.230727 7
0.23058 7
0.230438 7
0.230293 7
0.230152 7
0.230005 7
0.229865 7
0.229714 7
0.229563 7
0.229416 7
0.229268 7
0.229131 7
0.229005 7
0.228864 7
0.228716 7
0.228567 7
0.228425 7
0.228283 7
0.228143 7
0.228013 7
0.227868 7
0.22772 7
0.22758 7
0.227452 7
0.227303 7
0.227151 7
0.227024 7
0.226888 7
0.226745 7
0.226601 7
0.226465 7
0.226318 7
0.226202 7
0.226049 7
0.225895 7
0.225739 7
0.22558 7
0.225431 7
0.225298 7
0.22516 7
0.225033 7
0.224883 7
0.224742 7
0.224609 7
0.224461 7
0.224315 7
0.224164 7
0.224014 7
0.223867 7
0.223711 7
0.223569 7
0.223428 7
0.223284 7
0.223134 7
0.222985 7
0.222839 7
0.222689 7
0.222551 7
0.222411 7
0.222253 7
0.222122 7
0.221972 7
0.221827 7
0.221672 7
0.221533 7
0.221391 7
0.22125 7
0.221113 7
0.220964 7
0.220808 7
0.220661 7
0.22051 7
0.22038 7
0.220247 7
0.22009 7
0.219949 7
0.219795 7
0.21964 7
0.219492 7
0.219344 7
0.219217 7
0.219067 7
0.218929 7
0.218791 7
0.218638 7
0.218489 7
0.218345 7
0.2182 7
0.2182 6
0.218059 6
0.217912 6
0.217762 6
0.217611 6
0.217464 6
0.217313 6
0.217166 6
0.217023 6
0.216874 6
0.216735 6
0.21661 6
0.216463 6
0.216307 6
0.216167 6
0.216015 6
0.215867 6
0.21572 6
0.215567 6
0.215415 6
0.215275 6
0.21513 6
0.214983 6
0.214867 6
0.214736 6
0.214587 6
0.214462 6
0.214328 6
0.214181 6
0.214042 6
0.213887 6
0.213751 6
0.213612 6
0.213481 6
0.213341 6
0.2132 6
0.213055 6
0.212919 6
0.212771 6
0.212631 6
0.212493 6
0.212344 6
0.212196 6
0.212042 6
0.21191 6
0.211773 6
0.211624 6
0.211491 6
0.211349 6
0.211204 6
0.211072 6
0.210921 6
0.21078 6
0.210647 6
0.210497 6
0.21036 6
0.210232 6
0.210094 6
0.20996 6
0.209806 6
0.209672 6
0.209526 6
0.209389 6
0.209244 6
0.209088 6
0.20894 6
0.208787 6
0.208653 6
0.208509 6
0.208364 6
0.208214 6
0.208056 6
0.207916 6
0.207768 6
0.207635 6
0.207504 6
0.207363 6
0.207217 6
0.207084 6
0.206942 6
0.206798 6
0.206654 6
0.206507 6
0.206365 6
0.206217 6
0.206066 6
0.20592 6
0.205774 6
0.205628 6
0.205483 6
0.205339 6
0.205186 6
0.205041 6
0.204894 6
0.204746 6
0.204605 6
0.204459 6
0.204328 6
0.204186 6
0.204044 6
0.2039 6
0.203748 6
0.203601 6
0.203467 6
0.203326 6
0.203182 6
0.203025 6
0.202879 6
0.202728 6
0.202603 6
0.202465 6
0.202328 6
0.202186 6
0.202041 6
0.201908 6
0.201761 6
0.201626 6
0.201489 6
0.201373 6
0.201225 6
0.201115 6
0.200972 6
0.200827 6
0.200684 6
0.20054 6
0.200381 6
0.200248 6
0.200097 6
0.199959 6
0.199811 6
0.199668 6
0.199519 6
0.199381 6
0.199237 6
0.199095 6
0.198956 6
0.198812 6
0.198659 6
0.198513 6
0.198383 6
0.198245 6
0.198123 6
0.197986 6
0.197842 6
0.197698 6
0.19756 6
0.197424 6
0.197281 6
0.197143 6
0.196992 6
0.196837 6
0.196684 6
0.196543 6
0.196399 6
0.196241 6
0.196096 6
0.195943 6
0.195804 6
0.195679 6
0.195544 6
0.195405 6
0.195271 6
0.195127 6
0.194985 6
0.194836 6
0.194693 6
0.194541 6
0.194395 6
0.194243 6
0.1941 6
0.193962 6
0.193835 6
0.193695 6
0.193552 6
0.193415 6
0.193266 6
0.193139 6
0.192987 6
0.192842 6
0.192698 6
0.192551 6
0.192393 6
0.192251 6
0.192119 6
0.191968 6
0.191831 6
0.191692 6
0.191548 6
0.191408 6
0.19125 6
0.191109 6
0.190969 6
0.19084 6
0.190702 6
0.190548 6
0.190412 6
0.19027 6
0.190113 6
0.189964 6
0.189829 6
0.18969 6
0.189557 6
0.18941 6
0.189264 6
0.18912 6
0.188983 6
0.188851 6
0.188705 6
0.188588 6
0.188437 6
0.188284 6
0.18816 6
0.188029 6
0.187883 6
0.187737 6
0.187593 6
0.187442 6
0.187293 6
0.18715 6
0.187002 6
0.186845 6
0.186693 6
0.186554 6
0.186403 6
0.18627 6
0.186128 6
0.185988 6
0.185848 6
0.185706 6
0.185568 6
0.185423 6
0.185303 6
0.18515 6
0.185008 6
0.184858 6
0.184727 6
0.184586 6
0.184443 6
0.18429 6
0.184155 6
0.184002 6
0.183857 6
0.183857 5
0.183724 5
0.183579 5
0.183439 5
0.183286 5
0.183144 5
0.182999 5
0.182857 5
0.182706 5
0.182576 5
0.182438 5
0.182438 4
0.182294 4
0.182142 4
0.182008 4
0.181884 4
0.181755 4
0.181613 4
0.181463 4
0.18132 4
0.181164 4
0.181049 4
0.180901 4
0.180761 4
0.180615 4
0.180477 4
0.180337 4
0.180195 4
0.180062 4
0.179915 4
0.179772 4
0.17962 4
0.179479 4
0.179334 4
0.179183 4
0.17903 4
0.178879 4
0.178732 4
0.17861 4
0.178471 4
0.178341 4
0.178196 4
0.178069 4
0.177955 4
0.177816 4
0.177672 4
0.177537 4
0.177384 4
0.177253 4
0.177103 4
0.176951 4
0.176799 4
0.176646 4
0.176508 4
0.176353 4
0.176239 4
0.176082 4
0.175929 4
0.175777 4
0.175626 4
0.175507 4
0.17536 4
0.175215 4
0.175071 4
0.174924 4
0.174775 4
0.174626 4
0.174472 4
0.174326 4
0.174186 4
0.174042 4
0.173883 4
0.173749 4
0.173607 4
0.173465 4
0.173317 4
0.173175 4
0.173019 4
0.172878 4
0.172738 4
0.172606 4
0.172455 4
0.172306 4
0.172165 4
0.172034 4
0.171885 4
0.171717 4
0.171577 4
0.171428 4
0.171276 4
0.171125 4
0.170978 4
0.170849 4
0.170698 4
0.17056 4
0.17041 4
0.170261 4
0.170113 4
0.169966 4
0.169823 4
0.169692 4
0.169532 4
0.169395 4
0.169253 4
0.169134 4
0.168983 4
0.168827 4
0.168673 4
0.168528 4
0.168406 4
0.168261 4
0.168121 4
0.167982 4
0.167828 4
0.167678 4
0.167531 4
0.167381 4
0.167242 4
0.167103 4
0.166963 4
0.16682 4
0.166664 4
0.166509 4
0.166366 4
0.166217 4
0.166075 4
0.165921 4
0.165769 4
0.16563 4
0.165357 4
0.16521 4
0.165052 4
0.164907 4
0.16477 4
0.164626 4
0.164481 4
0.164339 4
0.1642 4
0.164057 4
0.163899 4
0.163764 4
0.163622 4
0.163472 4
0.163326 4
0.163173 4
0.163039 4
0.162897 4
0.162756 4
0.162605 4
0.162456 4
0.162313 4
0.162168 4
0.162026 4
0.16187 4
0.161716 4
0.161563 4
0.161419 4
0.161276 4
0.161132 4
0.160975 4
0.16083 4
0.160687 4
0.160547 4
0.160413 4
0.160263 4
0.16012 4
0.159977 4
0.159844 4
0.159704 4
0.159565 4
0.159422 4
0.159269 4
0.159122 4
0.158978 4
0.158846 4
0.158701 4
0.158544 4
0.158412 4
0.158275 4
0.158135 4
0.15799 4
0.157849 4
0.1577 4
0.157555 4
0.157406 4
0.157247 4
0.157106 4
0.156955 4
0.156818 4
0.15667 4
0.156526 4
0.156393 4
0.156238 4
0.15609 4
0.155932 4
0.155783 4
0.15565 4
0.155516 4
0.155382 4
0.155243 4
0.155099 4
0.154953 4
0.154808 4
0.154659 4
0.15451 4
0.15437 4
0.154226 4
0.154077 4
0.153939 4
0.153793 4
0.153648 4
0.153508 4
0.153373 4
0.153235 4
0.153084 4
0.152959 4
0.152813 4
0.152674 4
0.152521 4
0.152379 4
0.15209 4
0.151953 4
0.151811 4
0.151667 4
0.151532 4
0.151382 4
0.15123 4
0.151085 4
0.150945 4
0.150794 4
0.150644 4
0.150503 4
0.150352 4
0.150229 4
0.150075 4
0.149929 4
0.149788 4
0.149641 4
0.149496 4
0.149342 4
0.149209 4
0.149059 4
0.148926 4
0.148783 4
0.148627 4
0.148494 4
0.148365 4
0.148234 4
0.148095 4
0.147946 4
0.14782 4
0.147673 4
0.147531 4
0.147378 4
0.147235 4
0.147111 4
0.14696 4
0.146811 4
0.146666 4
0.146533 4
0.146395 4
0.146248 4
0.146094 4
0.145947 4
0.145801 4
0.145674 4
0.145526 4
0.145378 4
0.145225 4
0.145087 4
0.144938 4
0.144806 4
0.144656 4
0.144507 4
0.144369 4
0.144228 4
0.144081 4
0.143931 4
0.143791 4
0.143655 4
0.143505 4
0.143362 4
0.143219 4
0.143075 4
0.142921 4
0.142774 4
0.142615 4
0.142464 4
0.142327 4
0.142182 4
0.142041 4
0.141886 4
0.141766 4
0.141617 4
0.14147 4
0.14133 4
0.141196 4
0.141056 4
0.140905 4
0.140761 4
0.140622 4
0.140502 4
0.14035 4
0.140187 4
0.140034 4
0.139882 4
0.139733 4
0.139593 4
0.139469 4
0.139331 4
0.13919 4
0.139057 4
0.138906 4
0.138775 4
0.138629 4
0.138486 4
0.138345 4
0.138209 4
0.138065 4
0.137917 4
0.137772 4
0.137635 4
0.137486 4
0.137362 4
0.137217 4
0.137076 4
0.136933 4
0.136799 4
0.136652 4
0.136532 4
0.136394 4
0.136255 4
0.136131 4
0.135974 4
0.135832 4
0.135689 4
0.135539 4
0.135395 4
0.135249 4
0.135104 4
0.134965 4
0.13481 4
0.134659 4
0.134547 4
0.134408 4
0.134256 4
0.134126 4
0.133966 4
0.133829 4
0.133671 4
0.133521 4
0.133383 4
0.133267 4
0.133131 4
0.132983 4
0.132826 4
0.132676 4
0.132524 4
0.132391 4
0.132249 4
0.132098 4
0.131953 4
0.131669 4
0.131531 4
0.131388 4
0.131251 4
0.131107 4
0.130975 4
0.130837 4
0.1307 4
0.130567 4
0.130419 4
0.130287 4
0.130144 4
0.129995 4
0.12985 4
0.129723 4
0.129573 4
0.129417 4
0.129271 4
0.129122 4
0.128976 4
0.128835 4
0.128699 4
0.128557 4
0.128416 4
0.128274 4
0.128125 4
0.128002 4
0.127861 4
0.127718 4
0.127562 4
0.127418 4
0.127278 4
0.127128 4
0.126994 4
0.126863 4
0.126717 4
0.126567 4
0.126421 4
0.126282 4
0.126135 4
0.126 4
0.125847 4
0.125704 4
0.125568 4
0.125412 4
0.125271 4
0.12512 4
0.124976 4
0.124835 4
0.124686 4
0.12454 4
0.124392 4
0.124241 4
0.124103 4
0.123956 4
0.123809 4
0.123662 4
0.123519 4
0.123368 4
0.123214 4
0.123076 4
0.122924 4
0.122786 4
0.122637 4
0.1225 4
0.122351 4
0.122229 4
0.122078 4
0.121936 4
0.121791 4
0.12165 4
0.121515 4
0.121376 4
0.121223 4
0.121071 4
0.120932 4
0.120782 4
0.120624 4
0.120479 4
0.120329 4
0.120193 4
0.120042 4
0.1199 4
0.119761 4
0.119618 4
0.119484 4
0.119341 4
0.119196 4
0.119077 4
0.118935 4
0.118784 4
0.118648 4
0.118513 4
0.118368 4
0.11822 4
0.118069 4
0.117908 4
0.117788 4
0.117652 4
0.117505 4
0.117376 4
0.117222 4
0.117069 4
0.116919 4
0.116781 4
0.116633 4
0.116479 4
0.116331 4
0.116183 4
0.116034 4
0.115911 4
0.115771 4
0.115627 4
0.115469 4
0.115332 4
0.115197 4
0.115046 4
0.114893 4
0.114743 4
0.114615 4
0.114475 4
0.114334 4
0.114192 4
0.114041 4
0.113902 4
0.113746 4
0.113602 4
0.113455 4
0.113316 4
0.113166 4
0.113014 4
0.112866 4
0.112724 4
0.112584 4
0.112438 4
0.11228 4
0.112135 4
0.112007 4
0.111879 4
0.111735 4
0.111628 4
0.11148 4
0.111335 4
0.111187 4
0.111031 4
0.110882 4
0.110728 4
0.110584 4
0.110439 4
0.110293 4
0.110146 4
0.110022 4
0.109879 4
0.109732 4
0.10959 4
0.109445 4
0.109297 4
0.109297 3
0.109152 3
0.109008 3
0.108856 3
0.108719 3
0.108571 3
0.108411 3
0.108262 3
0.10812 3
0.107966 3
0.107841 3
0.107695 3
0.107546 3
0.107404 3
0.107256 3
0.107121 3
0.106972 3
0.106827 3
0.106713 3
0.106574 3
0.106417 3
0.106269 3
0.10614 3
0.105997 3
0.105859 3
0.105716 3
0.105566 3
0.105425 3
0.10529 3
0.105144 3
0.105017 3
0.104872 3
0.104724 3
0.104581 3
0.104457 3
0.104303 3
0.104152 3
0.104006 3
0.103736 3
0.103589 3
0.103431 3
0.103294 3
0.103152 3
0.103016 3
0.102869 3
0.102727 3
0.102582 3
0.102466 3
0.102321 3
0.102176 3
0.102039 3
0.101882 3
0.101739 3
0.101593 3
0.101444 3
0.101307 3
0.101176 3
0.101048 3
0.100897 3
0.100753 3
0.100599 3
0.100462 3
0.100309 3
0.100157 3
0.100021 3
0.0998627 3
0.0997244 3
0.099582 3
0.0994309 3
0.0992904 3
0.0991382 3
0.0989951 3
0.0988504 3
0.0987162 3
0.0985621 3
0.098437 3
0.0982964 3
0.0981655 3
0.0980137 3
0.0978575 3
0.09771 3
0.0975677 3
0.0974301 3
0.0972937 3
0.0971461 3
0.0969927 3
0.0968476 3
0.0967066 3
0.0965654 3
0.0964296 3
0.0962836 3
0.0961536 3
0.0960093 3
0.0958698 3
0.0957218 3
0.0955707 3
0.0954383 3
0.0952949 3
0.0951505 3
0.0950154 3
0.0948651 3
0.0947181 3
0.0946031 3
0.0944556 3
0.0943109 3
0.0941596 3
0.0940103 3
0.0938608 3
0.0937317 3
0.0935891 3
0.093447 3
0.0933075 3
0.0931564 3
0.0930141 3
0.0928706 3
0.0927215 3
0.0925773 3
0.0924315 3
0.0923055 3
0.0921642 3
0.0920204 3
0.0918875 3
0.0917707 3
0.091622 3
0.0914657 3
0.0913298 3
0.0911828 3
0.09103 3
0.0908955 3
0.0907434 3
0.0905833 3
0.0904246 3
0.0902798 3
0.0901379 3
0.0899946 3
0.0898397 3
0.0896925 3
0.0895476 3
0.089397 3
0.0892601 3
0.0891462 3
0.0890141 3
0.0889055 3
0.0887518 3
0.0885992 3
0.0884914 3
0.0883425 3
0.0881918 3
0.0880529 3
0.0879111 3
0.087773 3
0.0876226 3
0.0874826 3
0.0873423 3
0.0871957 3
0.0870454 3
0.0869044 3
0.0867647 3
0.086621 3
0.0864696 3
0.0863221 3
0.086172 3
0.0860234 3
0.0858849 3
0.085741 3
0.0856012 3
0.0854671 3
0.0853269 3
0.0851877 3
0.0850416 3
0.0848907 3
0.084738 3
0.0846005 3
0.0844588 3
0.0843079 3
0.084178 3
0.0840347 3
0.0838933 3
0.0837516 3
0.0836084 3
0.0834662 3
0.0833282 3
0.0831796 3
0.0830368 3
0.0828895 3
0.0827426 3
0.0825975 3
0.0824549 3
0.0823173 3
0.0821623 3
0.0820166 3
0.081867 3
0.0817293 3
0.0815956 3
0.0814457 3
0.0813116 3
0.0811776 3
0.0810323 3
0.0810323 2
0.0808859 2
0.08074 2
0.0805867 2
0.0804468 2
0.080312 2
0.0801606 2
0.0800226 2
0.0798777 2
0.0797273 2
0.0795947 2
0.0794484 2
0.0793008 2
0.0791464 2
0.0790134 2
0.078869 2
0.0787356 2
0.0785934 2
0.0784479 2
0.0783135 2
0.0781624 2
0.0780085 2
0.0778678 2
0.0777278 2
0.0776023 2
0.0774588 2
0.0773057 2
0.0771591 2
0.0770119 2
0.0768626 2
0.076719 2
0.076574 2
0.076429 2
0.0762855 2
0.0761592 2
0.076 2
0.075867 2
0.0757181 2
0.0755787 2
0.0754315 2
0.0752683 2
0.0751269 2
0.0749868 2
0.0748698 2
0.0747383 2
0.0745903 2
0.0744528 2
0.0743209 2
0.0741908 2
0.0740578 2
0.0739299 2
0.0737856 2
0.0736442 2
0.0734953 2
0.0733571 2
0.0732122 2
0.0730612 2
0.0729047 2
0.072753 2
0.0726106 2
0.0724809 2
0.0723356 2
0.0721987 2
0.072044 2
0.0718998 2
0.0717449 2
0.0715991 2
0.0714577 2
0.0713196 2
0.0711751 2
0.0710432 2
0.0709034 2
0.0707549 2
0.0706092 2
0.0704682 2
0.0703265 2
0.0701706 2
0.0700224 2
0.0698753 2
0.0697324 2
0.069589 2
0.0694428 2
0.0693019 2
0.069152 2
0.0690199 2
0.0688632 2
0.0687206 2
0.0685697 2
0.0684258 2
0.0682916 2
0.0681351 2
0.0679992 2
0.0678597 2
0.0677149 2
0.0675698 2
0.0674223 2
0.0672931 2
0.0671586 2
0.0670211 2
0.0668674 2
0.0667163 2
0.0665667 2
0.0664442 2
0.0663028 2
0.0661617 2
0.0660199 2
0.0658765 2
0.0657335 2
0.0655919 2
0.0654568 2
0.0653058 2
0.0651589 2
0.0650116 2
0.0648869 2
0.0647519 2
0.0646112 2
0.0644695 2
0.0643388 2
0.0641851 2
0.0640652 2
0.0639183 2
0.0637707 2
0.0636349 2
0.063494 2
0.063354 2
0.0632082 2
0.0630708 2
0.062932 2
0.0627785 2
0.0626265 2
0.0624731 2
0.0623234 2
0.0621746 2
0.0620304 2
0.0618791 2
0.0617347 2
0.061595 2
0.0614433 2
0.0613008 2
0.0610286 2
0.0608923 2
0.0607501 2
0.0605989 2
0.0604696 2
0.0603257 2
0.0601927 2
0.0600496 2
0.0598998 2
0.0597682 2
0.0596224 2
0.0594811 2
0.0593242 2
0.0592038 2
0.0590591 2
0.0589112 2
0.0587826 2
0.0586448 2
0.0585073 2
0.0583493 2
0.0582096 2
0.058068 2
0.0579209 2
0.0579209 1
0.057776 1
0.0576379 1
0.0574879 1
0.0573365 1
0.0571912 1
0.0570436 1
0.0569026 1
0.0567491 1
0.0565956 1
0.0564513 1
0.0563054 1
0.056158 1
0.0560095 1
0.0558667 1
0.0557444 1
0.0556048 1
0.0554619 1
0.055311 1
0.0551785 1
0.0550505 1
0.0548982 1
0.0547873 1
0.0546417 1
0.0545018 1
0.0543637 1
0.0542186 1
0.0540665 1
0.0539267 1
0.0537799 1
0.0536332 1
0.0535022 1
0.0533453 1
0.0532125 1
0.0530634 1
0.0529252 1
0.0527893 1
0.0526465 1
0.0525125 1
0.0523784 1
0.0522273 1
0.0520906 1
0.0519468 1
0.051805 1
0.051647 1
0.0515213 1
0.0514003 1
0.0512562 1
0.0511086 1
0.0509706 1
0.0508304 1
0.0506907 1
0.0505357 1
0.0503901 1
0.0502518 1
0.0501121 1
0.0499631 1
0.049822 1
0.0496676 1
0.0495345 1
0.0493859 1
0.0492483 1
0.0491209 1
0.0489889 1
0.0488537 1
0.0488276 0
0.0486908 0
0.0485516 0
0.0484163 0
0.048285 0
0.0481354 0
0.0479902 0
0.0478494 0
0.0476992 0
0.047571 0
0.0474396 0
0.0473109 0
0.0471605 0
0.047022 0
0.0468782 0
0.046726 0
0.0465834 0
0.0464398 0
0.0462866 0
0.04615 0
0.046003 0
0.0458555 0
0.0457173 0
0.045572 0
0.0454277 0
0.0453019 0
0.0451623 0
0.0450149 0
0.0448725 0
0.0447514 0
0.0445977 0
0.0444646 0
0.044328 0
0.0441945 0
0.0440467 0
0.0439042 0
0.0437992 0
0.0436638 0
0.0435189 0
0.043394 0
0.0432597 0
0.0431267 0
0.0429921 0
0.0428543 0
0.042712 0
0.0425645 0
0.0424117 0
0.0422659 0
0.0421209 0
0.0419682 0
0.0418351 0
0.0417018 0
0.0415506 0
0.0414095 0
0.0412784 0
0.0411677 0
0.0410475 0
0.0409037 0
0.0407566 0
0.0406017 0
0.0404595 0
0.0403164 0
0.0401613 0
0.0400087 0
0.0398583 0
0.0397092 0
0.0395617 0
0.0394177 0
0.039274 0
0.0391298 0
0.0389841 0
0.0388387 0
0.0387062 0
0.0385689 0
0.038427 0
0.0382862 0
0.0381484 0
0.0380083 0
0.0378714 0
0.037706 0
0.0375701 0
0.0374202 0
0.0372707 0
0.0371239 0
0.0369838 0
0.0368323 0
0.0367005 0
0.0365603 0
0.0364323 0
0.0362992 0
0.0361523 0
0.0360161 0
0.0358815 0
0.0357403 0
0.0355935 0
0.0354566 0
0.0353135 0
0.0351702 0
0.0350198 0
0.0348793 0
0.0347222 0
0.0345808 0
0.0344289 0
0.0343176 0
0.0341698 0
0.0340129 0
0.0338637 0
0.0337123 0
0.0335725 0
0.0334298 0
0.033275 0
0.0331254 0
0.0329743 0
0.0328473 0
0.0327086 0
0.0325545 0
0.0324182 0
0.03227 0
0.0321306 0
0.0319854 0
0.0318585 0
0.0317258 0
0.0315756 0
0.0314608 0
0.031306 0
0.0311605 0
0.0310224 0
0.0308721 0
0.0307281 0
0.0305912 0
0.0304388 0
0.0302934 0
0.0301401 0
0.0300039 0
0.0298629 0
0.0297347 0
0.0296104 0
0.0294747 0
0.0293345 0
0.0291771 0
0.029043 0
0.028901 0
0.0287569 0
0.0286309 0
0.0284904 0
0.0283396 0
0.0281975 0
0.0280467 0
0.027899 0
0.027747 0
0.0276038 0
0.0274703 0
0.0273399 0
0.0272353 0
0.0270882 0
0.0269521 0
0.0267986 0
0.026663 0
0.0265247 0
0.026408 0
0.0262732 0
0.0261315 0
0.0259881 0
0.025853 0
0.025715 0
0.0255698 0
0.025417 0
0.0252712 0
0.0251379 0
0.0249912 0
0.0248373 0
0.0246982 0
0.0245611 0
0.0244167 0
0.0242826 0
0.0241367 0
0.0239964 0
0.0238468 0
0.0237071 0
0.0234274 0
0.023293 0
0.0231418 0
0.0230006 0
0.0228702 0
0.0227299 0
0.0225735 0
0.0224309 0
0.0222853 0
0.022139 0
0.0219975 0
0.0218561 0
0.0217132 0
0.0215775 0
0.0214236 0
0.0212759 0
0.0211356 0
0.0210353 0
0.0208906 0
0.0207489 0
0.0206069 0
0.0204597 0
0.020324 0
0.0201821 0
0.0200404 0
0.0198902 0
0.0197493 0
0.0196085 0
0.0194674 0
0.0193249 0
0.0191899 0
0.019054 0
0.0189186 0
0.0187694 0
0.0186347 0
0.018497 0
0.0183577 0
0.0182073 0
0.0180598 0
0.0179259 0
0.0178031 0
0.017666 0
0.0175024 0
0.0173578 0
0.01723 0
0.0170899 0
0.0169486 0
0.0168188 0
0.016692 0
0.0165516 0
0.0164146 0
0.0162821 0
0.0161418 0
0.01602 0
0.0158704 0
0.0157227 0
0.0155907 0
0.0154557 0
0.0153269 0
0.0151807 0
0.0150556 0
0.0149053 0
0.0147717 0
0.0146382 0
0.0144888 0
0.0143601 0
0.0142149 0
0.014061 0
0.0139052 0
0.0137813 0
0.0136411 0
0.0135083 0
0.0133756 0
0.0132382 0
0.0130962 0
0.0129668 0
0.0128357 0
0.0127305 0
0.0125831 0
0.0124314 0
0.0122679 0
0.0121185 0
0.0119636 0
0.0118185 0
0.011668 0
0.0115346 0
0.0113951 0
0.0112501 0
0.0111107 0
0.010964 0
0.0108293 0
0.0106835 0
0.0105448 0
0.0103918 0
0.0102442 0
0.0100997 0
0.00995829 0
0.00981343 0
0.00966682 0
0.00952677 0
0.00939581 0
0.00926503 0
0.00911407 0
0.00896961 0
0.008852 0
0.00874365 0
0.00860047 0
0.00845755 0
0.00830189 0
0.00815104 0
0.00800427 0
0.00786289 0
0.00773479 0
0.00758829 0
0.00746302 0
0.00733997 0
0.00721374 0
0.00707622 0
0.00693484 0
0.00678573 0
0.00664128 0
0.00650341 0
0.00636016 0
0.00622812 0
0.00608489 0
0.00595898 0
0.00581127 0
0.0056618 0
0.00551435 0
0.00537124 0
0.005221 0
0.00509326 0
0.00494073 0
0.00479468 0
0.00467917 0
0.00454191 0
0.00439236 0
0.00426966 0
0.00398303 0
0.00384557 0
0.00369668 0
0.00356402 0
0.00342732 0
0.00327277 0
0.00313735 0
0.00299343 0
0.00285923 0
0.00271843 0
0.00256846 0
0.0024587 0
0.00232975 0
0.00220442 0
0.00205788 0
0.0019172 0
0.0017995 0
0.0016755 0
0.00154735 0
0.00139261 0
0.00125982 0
0.00111609 0
0.000991827 0
0.00087298 0
0.000736082 0
0.000588465 0
0.000436686 0
0.000285418 0
0.000145163 0
0 0
