0.982129 1646 0.050204
0.982129 1645 0.050221
0.982129 1644 0.050328
0.982129 1643 0.050395
0.982129 1642 0.05047
0.982129 1641 0.05057
0.982129 1640 0.05066
0.982129 1639 0.050664
0.982129 1638 0.05067
0.982129 1637 0.050693
0.982129 1636 0.050722
0.982129 1635 0.050752
0.982129 1634 0.050775
0.982129 1633 0.050828
0.982129 1631 0.050872
0.982129 1630 0.050896
0.982129 1629 0.050905
0.982129 1628 0.051055
0.982129 1627 0.051103
0.982129 1626 0.051174
0.982129 1625 0.051323
0.982129 1624 0.051496
0.982129 1623 0.051685
0.982129 1622 0.0517
0.982129 1621 0.051858
0.982129 1620 0.051872
0.982129 1619 0.051957
0.982129 1618 0.051994
0.982129 1617 0.052009
0.982129 1616 0.052123
0.982129 1615 0.05227
0.982129 1614 0.052277
0.982129 1613 0.052279
0.982129 1612 0.052334
0.982129 1611 0.052363
0.982129 1610 0.052456
0.982129 1609 0.05246
0.982129 1608 0.052463
0.982129 1607 0.052604
0.982129 1606 0.052669
0.982129 1605 0.052684
0.981935 1605 0.052954
0.981935 1604 0.053011
0.981935 1603 0.053014
0.981935 1602 0.053129
0.981935 1601 0.053141
0.981935 1600 0.053443
0.981935 1599 0.053601
0.981935 1598 0.05364
0.981935 1597 0.053665
0.981935 1596 0.053746
0.981935 1595 0.053791
0.981935 1594 0.053926
0.981935 1593 0.053956
0.981935 1592 0.053981
0.981935 1591 0.053992
0.981935 1590 0.054052
0.981935 1589 0.054055
0.981935 1588 0.054087
0.981935 1587 0.054255
0.981935 1586 0.054398
0.981935 1585 0.054423
0.981935 1584 0.054468
0.981935 1583 0.05447
0.981935 1582 0.054492
0.981935 1581 0.054581
0.981935 1580 0.054714
0.981935 1579 0.054757
0.981935 1578 0.054809
0.981935 1577 0.055068
0.981935 1576 0.055087
0.981935 1575 0.055102
0.981935 1574 0.055107
0.981935 1573 0.055127
0.981935 1572 0.05546
0.981935 1571 0.055606
0.981935 1570 0.055634
0.981935 1569 0.055755
0.981935 1568 0.055872
0.981935 1567 0.055902
0.98174 1567 0.055904
0.98174 1566 0.055944
0.981546 1566 0.055968
0.981546 1565 0.055978
0.981546 1564 0.056039
0.981546 1563 0.056065
0.981546 1562 0.056165
0.981546 1561 0.056237
0.981546 1560 0.056384
0.981546 1559 0.056437
0.981546 1558 0.056522
0.981546 1557 0.056821
0.981546 1556 0.057461
0.981546 1555 0.057579
0.981546 1554 0.057626
0.981546 1553 0.057653
0.981546 1552 0.057801
0.981546 1551 0.057903
0.981546 1550 0.058222
0.981546 1549 0.058224
0.981546 1548 0.058355
0.981546 1547 0.058356
0.981546 1546 0.058401
0.981546 1545 0.058431
0.981546 1544 0.058515
0.981546 1543 0.05852
0.981546 1542 0.058736
0.981546 1541 0.058739
0.981546 1540 0.058872
0.981546 1539 0.058973
0.981546 1538 0.059036
0.981546 1537 0.05923
0.981546 1536 0.059271
0.981546 1535 0.059347
0.981352 1535 0.059637
0.981352 1534 0.059928
0.981352 1533 0.060134
0.981352 1532 0.060324
0.981352 1531 0.060497
0.981352 1530 0.060658
0.981352 1529 0.060666
0.981352 1528 0.060683
0.981352 1527 0.06072
0.981352 1526 0.060819
0.981352 1525 0.061004
0.981352 1524 0.061139
0.981352 1523 0.061151
0.981352 1522 0.061206
0.981352 1521 0.061224
0.981352 1520 0.061291
0.981352 1519 0.06131
0.981352 1518 0.061468
0.981352 1517 0.061797
0.981352 1516 0.061833
0.981352 1515 0.061839
0.981352 1514 0.062059
0.981352 1513 0.062216
0.981352 1512 0.062225
0.981352 1511 0.06223
0.981352 1510 0.062291
0.981352 1509 0.062311
0.981352 1508 0.062391
0.981352 1507 0.062421
0.981352 1506 0.062515
0.981352 1505 0.062534
0.981352 1504 0.062575
0.981352 1503 0.062666
0.981352 1502 0.062702
0.981352 1501 0.062757
0.981352 1500 0.062782
0.981352 1499 0.062909
0.981352 1498 0.06296
0.981352 1497 0.062992
0.981352 1496 0.063077
0.981352 1495 0.063107
0.981352 1494 0.063156
0.981352 1493 0.063353
0.981352 1492 0.063408
0.981352 1491 0.063531
0.981352 1490 0.06365
0.981352 1489 0.063736
0.981352 1488 0.063833
0.981352 1487 0.063855
0.981352 1486 0.063936
0.981352 1485 0.064001
0.981352 1484 0.064078
0.981352 1483 0.064204
0.981352 1482 0.064494
0.981352 1481 0.064549
0.981352 1480 0.064688
0.981352 1479 0.064764
0.981352 1478 0.064907
0.981158 1478 0.065055
0.981158 1477 0.065089
0.981158 1476 0.065326
0.981158 1475 0.065451
0.981158 1474 0.065457
0.981158 1473 0.065551
0.981158 1472 0.065564
0.981158 1471 0.065577
0.981158 1470 0.065663
0.981158 1469 0.065669
0.981158 1468 0.065723
0.981158 1467 0.065761
0.981158 1466 0.065772
0.981158 1465 0.065835
0.981158 1464 0.065888
0.981158 1463 0.065915
0.980963 1463 0.065981
0.980963 1462 0.065995
0.980963 1461 0.066093
0.980963 1460 0.06618
0.980963 1459 0.066373
0.980963 1458 0.066478
0.980963 1457 0.066483
0.980963 1456 0.066633
0.980963 1455 0.066924
0.980963 1454 0.0672
0.980963 1453 0.067221
0.980963 1452 0.067775
0.980963 1451 0.067805
0.980963 1450 0.068075
0.980963 1449 0.068136
0.980963 1448 0.068156
0.980963 1447 0.06848
0.980963 1446 0.068668
0.980963 1445 0.068772
0.980963 1444 0.068819
0.980963 1443 0.068923
0.980963 1442 0.069066
0.980963 1441 0.069083
0.980963 1440 0.069163
0.980963 1439 0.069201
0.980963 1438 0.069225
0.980963 1437 0.069594
0.980963 1436 0.06961
0.980963 1435 0.069856
0.980963 1434 0.069916
0.980963 1433 0.070053
0.980963 1432 0.070153
0.980963 1431 0.07034
0.980963 1430 0.070482
0.980963 1429 0.070506
0.980963 1428 0.070535
0.980963 1427 0.070543
0.980963 1426 0.07056
0.980963 1425 0.070642
0.980963 1424 0.070705
0.980963 1423 0.070857
0.980963 1422 0.071207
0.980963 1421 0.071298
0.980963 1420 0.071455
0.980963 1419 0.071456
0.980963 1418 0.071814
0.980963 1417 0.071847
0.980963 1416 0.071876
0.980963 1415 0.07189
0.980963 1414 0.071912
0.980963 1413 0.071991
0.980963 1412 0.072093
0.980963 1411 0.07213
0.980963 1410 0.072204
0.980963 1409 0.072446
0.980963 1408 0.072745
0.980963 1407 0.072811
0.980963 1406 0.072912
0.980963 1405 0.073004
0.980963 1404 0.073143
0.980963 1403 0.073378
0.980963 1402 0.073383
0.980963 1401 0.073643
0.980963 1400 0.073653
0.980963 1399 0.073837
0.980963 1398 0.073969
0.980963 1397 0.074012
0.980963 1396 0.074332
0.980963 1395 0.074355
0.980963 1394 0.074414
0.980963 1393 0.074458
0.980963 1392 0.074495
0.980963 1391 0.074514
0.980963 1390 0.074744
0.980963 1389 0.074813
0.980963 1388 0.074851
0.980963 1387 0.074945
0.980963 1386 0.07519
0.980963 1385 0.075516
0.980963 1384 0.075526
0.980769 1384 0.075721
0.980769 1383 0.07595
0.980769 1382 0.075982
0.980769 1381 0.076223
0.980769 1380 0.076237
0.980769 1379 0.076245
0.980769 1378 0.076456
0.980769 1377 0.076496
0.980769 1376 0.076574
0.980575 1376 0.076577
0.980575 1375 0.07659
0.980575 1374 0.076644
0.980575 1373 0.076663
0.980575 1372 0.076738
0.980575 1371 0.076886
0.980575 1370 0.076909
0.980575 1369 0.077026
0.980575 1368 0.077078
0.980575 1367 0.077463
0.980575 1366 0.077667
0.980575 1365 0.07775
0.980575 1364 0.078004
0.980575 1363 0.078053
0.980575 1362 0.078184
0.980575 1361 0.078264
0.980575 1360 0.078353
0.980575 1359 0.078607
0.980575 1358 0.079252
0.980575 1357 0.079445
0.980575 1356 0.079447
0.980575 1355 0.079458
0.980575 1354 0.079687
0.980575 1353 0.079714
0.980575 1352 0.079789
0.980575 1351 0.079866
0.980575 1350 0.079978
0.980575 1349 0.080186
0.980575 1348 0.080568
0.980575 1347 0.080582
0.980575 1346 0.080728
0.980575 1345 0.080877
0.980575 1344 0.080884
0.980575 1343 0.0809
0.980575 1342 0.081094
0.980381 1342 0.081235
0.980381 1341 0.081505
0.980381 1340 0.081526
0.980381 1339 0.081646
0.980381 1338 0.081801
0.980381 1337 0.081879
0.980381 1336 0.081899
0.980381 1335 0.082077
0.980381 1334 0.082091
0.980381 1333 0.082128
0.980381 1332 0.082225
0.980381 1331 0.082872
0.980381 1330 0.082967
0.980381 1329 0.083114
0.980381 1328 0.083185
0.980381 1327 0.083228
0.980381 1326 0.08331
0.980381 1325 0.083481
0.980381 1324 0.083649
0.980381 1323 0.083809
0.980381 1322 0.083843
0.980381 1321 0.084888
0.980381 1320 0.08492
0.980186 1320 0.08501
0.980186 1319 0.085047
0.980186 1318 0.085527
0.980186 1317 0.086272
0.980186 1316 0.086519
0.980186 1315 0.086855
0.980186 1314 0.087198
0.980186 1313 0.087438
0.980186 1312 0.0877
0.980186 1311 0.087719
0.980186 1310 0.087739
0.980186 1309 0.087834
0.980186 1308 0.087942
0.980186 1307 0.088309
0.980186 1306 0.088358
0.980186 1305 0.088408
0.980186 1304 0.08863
0.980186 1303 0.088632
0.980186 1302 0.088692
0.979992 1302 0.088752
0.979992 1301 0.088956
0.979992 1300 0.089079
0.979992 1299 0.089231
0.979992 1298 0.089243
0.979992 1297 0.0895
0.979992 1296 0.089522
0.979992 1295 0.089631
0.979992 1294 0.089678
0.979992 1293 0.090014
0.979992 1292 0.090109
0.979992 1291 0.09048
0.979992 1290 0.090489
0.979992 1289 0.090649
0.979992 1288 0.090694
0.979992 1287 0.090743
0.979992 1286 0.090829
0.979992 1285 0.091056
0.979798 1285 0.091133
0.979798 1284 0.091362
0.979798 1283 0.09148
0.979798 1282 0.091595
0.979798 1280 0.091801
0.979798 1279 0.092228
0.979798 1278 0.092316
0.979798 1277 0.092371
0.979798 1276 0.092599
0.979798 1275 0.092633
0.979798 1274 0.092907
0.979798 1273 0.092962
0.979798 1272 0.093097
0.979798 1271 0.093208
0.979798 1270 0.093464
0.979604 1270 0.09363
0.979604 1269 0.09383
0.979604 1268 0.094142
0.979604 1267 0.094338
0.979604 1266 0.094466
0.979604 1265 0.094549
0.979604 1264 0.094553
0.979604 1263 0.094847
0.979604 1262 0.0952
0.979604 1261 0.095403
0.979604 1260 0.095421
0.979604 1259 0.09555
0.979604 1258 0.095567
0.979604 1257 0.095797
0.979604 1256 0.096107
0.979604 1255 0.096144
0.979409 1255 0.096182
0.979409 1254 0.096272
0.979409 1253 0.096509
0.979409 1252 0.096839
0.979409 1251 0.096955
0.979409 1250 0.097034
0.979215 1250 0.097347
0.979215 1249 0.097468
0.979215 1248 0.097525
0.979215 1247 0.097876
0.979215 1246 0.097923
0.979215 1245 0.098057
0.979021 1245 0.098426
0.979021 1244 0.098448
0.979021 1243 0.098557
0.979021 1242 0.098678
0.979021 1241 0.098722
0.979021 1240 0.099239
0.979021 1239 0.0993
0.979021 1238 0.099496
0.979021 1237 0.09957
0.979021 1236 0.099586
0.979021 1235 0.09973
0.979021 1234 0.099991
0.979021 1233 0.100132
0.979021 1232 0.100197
0.978827 1232 0.100204
0.978827 1231 0.100235
0.978827 1230 0.100477
0.978827 1229 0.100713
0.978827 1228 0.10098
0.978827 1227 0.101024
0.978827 1226 0.101172
0.978827 1225 0.101212
0.978827 1224 0.101248
0.978827 1223 0.101321
0.978827 1222 0.10133
0.978827 1221 0.101414
0.978827 1220 0.10155
0.978827 1219 0.101605
0.978827 1218 0.10167
0.978632 1218 0.101747
0.978632 1217 0.102254
0.978632 1216 0.102665
0.978632 1215 0.102844
0.978632 1214 0.102853
0.978632 1213 0.103037
0.978632 1212 0.103191
0.978632 1211 0.103319
0.978632 1210 0.103447
0.978632 1209 0.103477
0.978438 1209 0.103691
0.978438 1208 0.104157
0.978438 1207 0.104249
0.978438 1206 0.1044
0.978438 1205 0.104595
0.978438 1204 0.104733
0.978438 1203 0.104776
0.978438 1202 0.1048
0.978438 1201 0.104919
0.978438 1200 0.104952
0.978438 1199 0.10529
0.978438 1198 0.105301
0.978438 1197 0.105365
0.978438 1196 0.105498
0.978438 1195 0.105574
0.978438 1194 0.106233
0.978438 1193 0.10624
0.978438 1192 0.106261
0.978438 1191 0.106342
0.978438 1190 0.106631
0.978438 1189 0.106837
0.978438 1188 0.106851
0.978438 1187 0.106896
0.978438 1186 0.106903
0.978438 1185 0.107354
0.978438 1184 0.107649
0.978438 1183 0.107805
0.978438 1182 0.10792
0.978438 1181 0.108706
0.978438 1180 0.109063
0.978438 1179 0.109314
0.978438 1178 0.109613
0.978438 1177 0.109619
0.978438 1176 0.10988
0.978438 1175 0.10995
0.978438 1174 0.110121
0.978438 1173 0.110146
0.978438 1172 0.110193
0.978438 1171 0.110223
0.978438 1170 0.111243
0.978438 1169 0.111679
0.978438 1168 0.111747
0.978438 1167 0.112103
0.978438 1166 0.112142
0.978438 1165 0.11226
0.978438 1164 0.112288
0.978438 1163 0.112309
0.978438 1162 0.112956
0.978438 1161 0.113057
0.978438 1160 0.113129
0.978244 1160 0.113161
0.978244 1159 0.113396
0.978244 1158 0.1136
0.978244 1157 0.113689
0.978244 1156 0.114068
0.978244 1155 0.114114
0.978244 1154 0.114185
0.978244 1153 0.114353
0.978244 1152 0.11439
0.978244 1151 0.114424
0.97805 1151 0.114582
0.97805 1149 0.114639
0.97805 1148 0.114666
0.97805 1146 0.11501
0.97805 1145 0.115069
0.97805 1144 0.115167
0.97805 1143 0.115219
0.97805 1142 0.115675
0.97805 1141 0.116101
0.97805 1140 0.116613
0.97805 1139 0.116783
0.97805 1138 0.116918
0.97805 1137 0.116978
0.97805 1136 0.117082
0.97805 1135 0.117132
0.97805 1134 0.117688
0.97805 1133 0.117818
0.97805 1132 0.11798
0.97805 1131 0.118345
0.97805 1130 0.118557
0.97805 1129 0.118642
0.97805 1128 0.119398
0.97805 1127 0.11941
0.97805 1126 0.119877
0.97805 1125 0.119996
0.97805 1124 0.120301
0.97805 1123 0.120465
0.97805 1122 0.120579
0.97805 1121 0.120843
0.97805 1120 0.121047
0.97805 1119 0.121089
0.97805 1118 0.121132
0.97805 1117 0.121446
0.97805 1116 0.122211
0.97805 1115 0.122368
0.97805 1114 0.122705
0.97805 1113 0.122772
0.977855 1113 0.122986
0.977855 1112 0.123059
0.977855 1111 0.123322
0.977855 1110 0.124032
0.977855 1109 0.124198
0.977855 1108 0.124293
0.977855 1107 0.124391
0.977855 1106 0.124541
0.977855 1105 0.125414
0.977855 1104 0.125811
0.977855 1103 0.125841
0.977855 1102 0.127038
0.977855 1101 0.127386
0.977855 1100 0.12753
0.977855 1099 0.127869
0.977855 1098 0.128061
0.977855 1097 0.128531
0.977855 1096 0.128544
0.977855 1095 0.128892
0.977855 1094 0.129052
0.977661 1093 0.129097
0.977661 1092 0.129138
0.977661 1091 0.129443
0.977661 1090 0.129525
0.977661 1088 0.129642
0.977661 1087 0.129697
0.977661 1086 0.12972
0.977661 1085 0.129993
0.977661 1084 0.130256
0.977661 1083 0.130257
0.977661 1082 0.130311
0.977467 1082 0.130362
0.977467 1081 0.13041
0.977467 1080 0.131138
0.977467 1079 0.131241
0.977467 1078 0.131293
0.977467 1077 0.131674
0.977467 1076 0.13225
0.977273 1076 0.132279
0.977273 1075 0.132303
0.977273 1074 0.132513
0.977273 1073 0.132917
0.977273 1072 0.132926
0.977273 1071 0.133116
0.977273 1070 0.13331
0.977273 1069 0.133475
0.977273 1068 0.133639
0.977273 1067 0.133735
0.977273 1066 0.133737
0.977273 1065 0.133987
0.977273 1064 0.134208
0.977273 1063 0.13442
0.977273 1062 0.134806
0.977273 1061 0.135229
0.977273 1060 0.135483
0.977273 1059 0.135513
0.977273 1058 0.135597
0.977273 1057 0.135605
0.977273 1056 0.135737
0.977273 1055 0.135894
0.977273 1054 0.136597
0.977273 1053 0.136879
0.977273 1052 0.137651
0.977273 1051 0.137775
0.977078 1051 0.138074
0.977078 1050 0.138292
0.977078 1049 0.138425
0.977078 1048 0.13871
0.977078 1047 0.139282
0.977078 1046 0.139359
0.977078 1045 0.139384
0.977078 1044 0.139514
0.977078 1043 0.139584
0.976884 1043 0.139947
0.976884 1042 0.140088
0.976884 1041 0.14028
0.976884 1040 0.140984
0.976884 1039 0.141062
0.976884 1038 0.141085
0.976884 1037 0.141474
0.976884 1036 0.141522
0.976884 1035 0.142102
0.976884 1034 0.142255
0.976884 1033 0.14326
0.976884 1032 0.143902
0.976884 1031 0.143904
0.976884 1030 0.14453
0.97669 1030 0.144583
0.97669 1029 0.144664
0.97669 1028 0.145443
0.97669 1027 0.145859
0.976496 1027 0.146037
0.976496 1026 0.146123
0.976496 1025 0.146124
0.976496 1024 0.146233
0.976496 1023 0.146235
0.976496 1022 0.146623
0.976496 1021 0.14669
0.976496 1020 0.146745
0.976496 1019 0.146915
0.976496 1018 0.146976
0.976496 1017 0.147325
0.976496 1016 0.14763
0.976496 1015 0.14821
0.976496 1014 0.148283
0.976496 1013 0.148979
0.976496 1012 0.149057
0.976496 1011 0.149376
0.976496 1010 0.14954
0.976496 1009 0.149708
0.976496 1008 0.150076
0.976496 1007 0.150205
0.976496 1006 0.150451
0.976496 1005 0.150474
0.976496 1004 0.150708
0.976496 1003 0.150926
0.976496 1002 0.151225
0.976496 1001 0.151261
0.976496 1000 0.151334
0.976496 999 0.151444
0.976496 998 0.151527
0.976496 997 0.15164
0.976496 996 0.151985
0.976496 995 0.152254
0.976496 994 0.152511
0.976496 993 0.152841
0.976496 992 0.152892
0.976496 991 0.153672
0.976496 990 0.153979
0.976496 989 0.154523
0.976301 989 0.154614
0.976301 988 0.154674
0.976301 987 0.15547
0.976301 986 0.156247
0.976301 985 0.15656
0.976301 984 0.156643
0.976301 983 0.156877
0.976107 983 0.156912
0.976107 982 0.157267
0.976107 981 0.157778
0.976107 980 0.158655
0.976107 979 0.15889
0.976107 978 0.158906
0.976107 977 0.158916
0.976107 976 0.159025
0.976107 975 0.159067
0.976107 974 0.159225
0.976107 973 0.159489
0.976107 972 0.159727
0.976107 971 0.159732
0.976107 970 0.160245
0.976107 969 0.160324
0.976107 968 0.160342
0.976107 967 0.160563
0.976107 966 0.160835
0.976107 965 0.161387
0.976107 964 0.162656
0.976107 963 0.162761
0.976107 962 0.162819
0.976107 961 0.162864
0.976107 960 0.163812
0.976107 959 0.165521
0.976107 958 0.165559
0.976107 957 0.165648
0.976107 956 0.165877
0.976107 955 0.166012
0.976107 954 0.166269
0.976107 953 0.167049
0.976107 952 0.167142
0.976107 951 0.167449
0.976107 950 0.167597
0.976107 949 0.167742
0.976107 948 0.168636
0.976107 947 0.169636
0.976107 946 0.170057
0.976107 945 0.170163
0.976107 944 0.171218
0.976107 943 0.171608
0.976107 942 0.171644
0.976107 941 0.172211
0.976107 940 0.172642
0.976107 939 0.172787
0.976107 938 0.173315
0.976107 937 0.173434
0.976107 936 0.173628
0.976107 935 0.173633
0.976107 934 0.174264
0.976107 933 0.174343
0.975913 933 0.174559
0.975913 932 0.174638
0.975913 931 0.174995
0.975913 930 0.175083
0.975913 929 0.175344
0.975913 928 0.175432
0.975913 927 0.175776
0.975913 926 0.176251
0.975913 925 0.177211
0.975913 924 0.177905
0.975913 923 0.178045
0.975913 922 0.178327
0.975913 921 0.178702
0.975913 920 0.178997
0.975913 919 0.179216
0.975913 918 0.179586
0.975913 917 0.179719
0.975913 916 0.179852
0.975913 915 0.179869
0.975913 914 0.180179
0.975913 913 0.180896
0.975913 912 0.181318
0.975913 911 0.181424
0.975913 910 0.181501
0.975913 909 0.181754
0.975719 909 0.182304
0.975719 908 0.182366
0.975719 907 0.182706
0.975719 906 0.183165
0.975719 905 0.183715
0.975719 904 0.183757
0.975524 904 0.18378
0.975524 903 0.183826
0.975524 902 0.18405
0.975524 901 0.184439
0.975524 900 0.184782
0.975524 899 0.185142
0.975524 898 0.185243
0.97533 898 0.185553
0.97533 897 0.185858
0.975136 897 0.186178
0.975136 896 0.186181
0.975136 895 0.186954
0.975136 894 0.187325
0.975136 893 0.187887
0.975136 892 0.188072
0.975136 891 0.188314
0.975136 890 0.188894
0.975136 889 0.189433
0.975136 888 0.189709
0.975136 887 0.189858
0.975136 886 0.190289
0.975136 885 0.190487
0.974942 885 0.190529
0.974942 884 0.191154
0.974942 883 0.191397
0.974942 882 0.191452
0.974942 881 0.19157
0.974942 880 0.192088
0.974942 879 0.19236
0.974747 879 0.192573
0.974747 878 0.192933
0.974747 877 0.193296
0.974553 877 0.193423
0.974553 876 0.193552
0.974359 876 0.193611
0.974359 875 0.194408
0.974359 874 0.19557
0.974359 873 0.195659
0.974359 872 0.196651
0.974359 871 0.19824
0.974359 870 0.198412
0.974359 869 0.198664
0.974165 869 0.199072
0.974165 868 0.199247
0.974165 867 0.199875
0.974165 866 0.200487
0.974165 865 0.200677
0.974165 864 0.201282
0.97397 864 0.2017
0.97397 863 0.203071
0.973776 863 0.203307
0.973776 862 0.204017
0.973776 861 0.204585
0.973776 860 0.204728
0.973776 859 0.204989
0.973776 858 0.205214
0.973776 857 0.205376
0.973776 856 0.206297
0.973776 855 0.206844
0.973776 854 0.207068
0.973582 854 0.207576
0.973582 853 0.207629
0.973582 852 0.208378
0.973582 851 0.208384
0.973582 850 0.2086
0.973582 849 0.20941
0.973582 848 0.210061
0.973582 847 0.21016
0.973582 846 0.210169
0.973582 845 0.210461
0.973582 844 0.210519
0.973582 843 0.210991
0.973582 842 0.210993
0.973582 841 0.210995
0.973582 840 0.211408
0.973582 839 0.211512
0.973582 838 0.212128
0.973582 837 0.212978
0.973582 836 0.213276
0.973582 835 0.21366
0.973582 834 0.214934
0.973582 833 0.215189
0.973582 832 0.215725
0.973582 831 0.215734
0.973582 830 0.216541
0.973582 829 0.2168
0.973582 828 0.217328
0.973582 827 0.217503
0.973582 826 0.219042
0.973582 825 0.219093
0.973582 824 0.219237
0.973388 824 0.220719
0.973388 823 0.221297
0.973388 822 0.221492
0.973388 821 0.222214
0.973388 820 0.222639
0.973388 819 0.223382
0.973388 818 0.22341
0.973388 817 0.223512
0.973388 816 0.223523
0.973388 815 0.224113
0.973388 814 0.224166
0.973388 813 0.225425
0.973388 812 0.225516
0.973388 811 0.226705
0.973388 810 0.227139
0.973388 809 0.227256
0.973388 808 0.227335
0.973388 807 0.227354
0.973388 806 0.228842
0.973388 805 0.229187
0.973388 804 0.22921
0.973388 803 0.229261
0.973388 802 0.229298
0.973388 801 0.229451
0.973388 800 0.231167
0.973388 798 0.232545
0.973388 797 0.232975
0.973388 796 0.233713
0.973388 795 0.234013
0.973388 794 0.2343
0.973388 793 0.234525
0.973388 792 0.23584
0.973388 791 0.235989
0.973193 791 0.236201
0.973193 790 0.237071
0.973193 789 0.237074
0.973193 788 0.237748
0.973193 787 0.238046
0.973193 786 0.238348
0.973193 785 0.238581
0.973193 784 0.238596
0.973193 783 0.238803
0.973193 782 0.239256
0.973193 781 0.23963
0.973193 780 0.240786
0.973193 779 0.240829
0.973193 778 0.240858
0.973193 777 0.240889
0.973193 776 0.24107
0.973193 775 0.241515
0.973193 774 0.242355
0.972999 774 0.242798
0.972999 773 0.242861
0.972999 772 0.242896
0.972999 771 0.243349
0.972999 770 0.243373
0.972999 769 0.243425
0.972999 768 0.243946
0.972999 767 0.244296
0.972999 766 0.244432
0.972999 765 0.245499
0.972999 764 0.245517
0.972999 763 0.246135
0.972999 762 0.246169
0.972999 761 0.246896
0.972999 760 0.247398
0.972999 759 0.247888
0.972999 758 0.248396
0.972999 757 0.24876
0.972999 756 0.249321
0.972999 755 0.249441
0.972999 754 0.250054
0.972999 753 0.250354
0.972999 752 0.251053
0.972999 751 0.251209
0.972999 750 0.251369
0.972999 749 0.251903
0.972999 748 0.254707
0.972999 747 0.25549
0.972999 746 0.255636
0.972999 745 0.255695
0.972805 745 0.255853
0.972805 744 0.255941
0.972805 743 0.256445
0.972805 742 0.256855
0.972805 741 0.256898
0.972805 740 0.256924
0.972805 739 0.257039
0.972805 738 0.257701
0.972611 738 0.258041
0.972611 737 0.258713
0.972611 736 0.260457
0.972611 735 0.261623
0.972611 734 0.261735
0.972611 733 0.261746
0.972611 732 0.2636
0.972611 731 0.264074
0.972611 730 0.264491
0.972611 729 0.265175
0.972611 728 0.265638
0.972611 727 0.266443
0.972611 726 0.266686
0.972611 725 0.267178
0.972611 724 0.26805
0.972611 723 0.269602
0.972611 722 0.269644
0.972611 721 0.270177
0.972611 720 0.270872
0.972611 719 0.2726
0.972611 718 0.272713
0.972611 717 0.272728
0.972416 717 0.273439
0.972416 716 0.273867
0.972416 715 0.274991
0.972222 715 0.275266
0.972222 714 0.275393
0.972222 713 0.275603
0.972222 712 0.277551
0.972222 711 0.277684
0.972222 710 0.277956
0.972222 709 0.278049
0.972222 708 0.278883
0.972222 707 0.279534
0.972222 706 0.279596
0.972222 705 0.279626
0.972222 704 0.280199
0.972222 703 0.280307
0.972222 702 0.280573
0.972222 701 0.280995
0.972222 700 0.281108
0.972222 699 0.281352
0.972222 698 0.281625
0.972222 697 0.281867
0.972222 696 0.282615
0.972222 695 0.283619
0.972222 694 0.28447
0.972222 693 0.284936
0.972028 693 0.286967
0.972028 692 0.288532
0.972028 691 0.289214
0.971834 691 0.290537
0.971834 690 0.290572
0.971639 690 0.290849
0.971639 689 0.291101
0.971445 689 0.291511
0.971445 688 0.291518
0.971445 687 0.292013
0.971445 686 0.294544
0.971445 685 0.294579
0.971445 684 0.294783
0.971445 683 0.295313
0.971445 682 0.296964
0.971445 681 0.297559
0.971445 680 0.299551
0.971445 679 0.300394
0.971445 678 0.300417
0.971445 677 0.301639
0.971445 676 0.301933
0.971445 675 0.302272
0.971251 675 0.302463
0.971251 674 0.302625
0.971251 673 0.30276
0.971057 673 0.303403
0.971057 672 0.303663
0.971057 671 0.304708
0.971057 670 0.304787
0.971057 669 0.305036
0.971057 668 0.305265
0.971057 667 0.305441
0.971057 666 0.305592
0.971057 665 0.306109
0.971057 664 0.306995
0.971057 663 0.307004
0.971057 662 0.307247
0.971057 661 0.307627
0.971057 660 0.308417
0.971057 659 0.309711
0.971057 658 0.310256
0.971057 657 0.310942
0.971057 656 0.311009
0.971057 655 0.312702
0.971057 654 0.313284
0.971057 653 0.313733
0.971057 652 0.315472
0.971057 651 0.315659
0.971057 650 0.315901
0.971057 649 0.318595
0.971057 648 0.318686
0.971057 647 0.318729
0.970862 647 0.31949
0.970862 646 0.319804
0.970862 645 0.320156
0.970862 644 0.321158
0.970862 643 0.321344
0.970862 642 0.32153
0.970862 641 0.323741
0.970862 640 0.324543
0.970862 639 0.324618
0.970862 638 0.325848
0.970668 638 0.326538
0.970668 637 0.327568
0.970668 636 0.328612
0.970474 636 0.329299
0.970474 635 0.329575
0.970474 634 0.330055
0.970474 633 0.330072
0.97028 633 0.331868
0.97028 632 0.333605
0.97028 631 0.334173
0.97028 630 0.33647
0.97028 629 0.336785
0.970085 629 0.337427
0.970085 628 0.337974
0.970085 627 0.338621
0.970085 626 0.338704
0.970085 625 0.339692
0.970085 624 0.341051
0.969891 624 0.34106
0.969891 623 0.341139
0.969891 622 0.34135
0.969697 622 0.342248
0.969697 621 0.342342
0.969697 620 0.343362
0.969697 619 0.344649
0.969503 619 0.344974
0.969503 618 0.345452
0.969503 617 0.345993
0.969503 616 0.347182
0.969503 615 0.34778
0.969308 615 0.34823
0.969308 614 0.349735
0.969308 613 0.349769
0.969308 612 0.349778
0.969308 611 0.350037
0.969114 611 0.350057
0.969114 610 0.35029
0.969114 609 0.350296
0.969114 608 0.351158
0.969114 607 0.352726
0.969114 606 0.354079
0.969114 605 0.354726
0.969114 604 0.355726
0.969114 603 0.35578
0.969114 602 0.355844
0.969114 601 0.357644
0.969114 600 0.358774
0.969114 599 0.359457
0.96892 599 0.359551
0.96892 598 0.359979
0.96892 597 0.360239
0.96892 596 0.362019
0.96892 595 0.362376
0.96892 594 0.363071
0.96892 593 0.363439
0.96892 592 0.3638
0.96892 591 0.366778
0.96892 590 0.367932
0.96892 589 0.369062
0.96892 588 0.369284
0.96892 587 0.37026
0.96892 586 0.370493
0.96892 585 0.371478
0.96892 584 0.37188
0.96892 583 0.374688
0.96892 582 0.379179
0.96892 581 0.37949
0.96892 580 0.379927
0.96892 579 0.380707
0.96892 578 0.381211
0.96892 577 0.381507
0.96892 576 0.381584
0.96892 575 0.381737
0.96892 574 0.383015
0.96892 573 0.384449
0.96892 572 0.386842
0.96892 571 0.390255
0.96892 570 0.390969
0.96892 569 0.391049
0.96892 568 0.391397
0.96892 567 0.39154
0.96892 566 0.391879
0.96892 565 0.392592
0.96892 564 0.392726
0.96892 563 0.395833
0.96892 562 0.399009
0.96892 561 0.399869
0.96892 560 0.403167
0.96892 559 0.403413
0.96892 558 0.403749
0.96892 557 0.407624
0.96892 556 0.407712
0.96892 555 0.408941
0.96892 554 0.40927
0.96892 553 0.410753
0.96892 552 0.411569
0.968726 552 0.412116
0.968531 552 0.413564
0.968531 551 0.414357
0.968337 551 0.414926
0.968337 550 0.415994
0.968337 549 0.416879
0.968143 549 0.417657
0.968143 548 0.419326
0.968143 547 0.420379
0.968143 546 0.420632
0.967949 546 0.422709
0.967949 545 0.424088
0.967949 544 0.42421
0.967754 544 0.426261
0.967754 543 0.426844
0.96756 543 0.430047
0.96756 542 0.430395
0.96756 541 0.430399
0.96756 540 0.430616
0.96756 539 0.431469
0.96756 538 0.432085
0.96756 537 0.43216
0.96756 536 0.432289
0.96756 535 0.433771
0.96756 534 0.435328
0.96756 533 0.435329
0.96756 532 0.435376
0.967366 532 0.437975
0.967366 531 0.438745
0.967172 531 0.43878
0.967172 530 0.441127
0.967172 529 0.441401
0.966977 529 0.441502
0.966977 528 0.441951
0.966977 527 0.443656
0.966977 526 0.44456
0.966977 525 0.445972
0.966783 525 0.446099
0.966783 524 0.446112
0.966783 523 0.450379
0.966589 523 0.450608
0.966589 522 0.452034
0.966589 521 0.452909
0.966395 521 0.45297
0.966395 520 0.453032
0.966395 519 0.453154
0.9662 519 0.453295
0.966006 519 0.456129
0.965812 519 0.456323
0.965812 518 0.456989
0.965812 517 0.458105
0.965812 516 0.458734
0.965812 515 0.459219
0.965812 514 0.459972
0.965618 514 0.460653
0.965618 513 0.46294
0.965618 512 0.463273
0.965618 511 0.463576
0.965618 510 0.467162
0.965618 509 0.4679
0.965618 508 0.468489
0.965618 507 0.46915
0.965618 506 0.469282
0.965618 505 0.469767
0.965618 504 0.472047
0.965618 503 0.472174
0.965618 502 0.473954
0.965618 501 0.477851
0.965423 501 0.478415
0.965229 501 0.480014
0.965229 500 0.480801
0.965035 500 0.483876
0.965035 499 0.485169
0.965035 498 0.485723
0.965035 497 0.486756
0.965035 496 0.4872
0.965035 495 0.488955
0.965035 494 0.489394
0.965035 493 0.491477
0.965035 492 0.494494
0.965035 491 0.495519
0.965035 490 0.497572
0.965035 489 0.497838
0.965035 488 0.498676
0.965035 487 0.499576
0.965035 486 0.499778
0.965035 485 0.500369
0.965035 484 0.503463
0.965035 483 0.504345
0.965035 482 0.504723
0.965035 481 0.506175
0.965035 480 0.506339
0.965035 479 0.507386
0.965035 478 0.508172
0.965035 477 0.508522
0.965035 476 0.510048
0.965035 475 0.510098
0.965035 474 0.510443
0.965035 473 0.512695
0.965035 472 0.513965
0.965035 471 0.514385
0.965035 470 0.517975
0.965035 469 0.518044
0.965035 468 0.518245
0.965035 467 0.518421
0.964841 467 0.518791
0.964841 466 0.519719
0.964841 465 0.519917
0.964841 464 0.520696
0.964841 463 0.521834
0.964841 462 0.522707
0.964841 461 0.524698
0.964646 461 0.525593
0.964646 460 0.526114
0.964646 459 0.526824
0.964646 458 0.528113
0.964646 457 0.528694
0.964452 457 0.530448
0.964258 457 0.531514
0.964258 456 0.535771
0.964258 455 0.537344
0.964064 455 0.538176
0.964064 454 0.538906
0.964064 453 0.539771
0.963869 453 0.540271
0.963869 452 0.540505
0.963675 452 0.543302
0.963675 451 0.545758
0.963675 450 0.546436
0.963675 449 0.547641
0.963675 448 0.551256
0.963675 447 0.552632
0.963675 446 0.552926
0.963675 445 0.556204
0.963675 444 0.557535
0.963675 443 0.557536
0.963675 442 0.559074
0.963675 441 0.561992
0.963481 441 0.563072
0.963481 440 0.566784
0.963481 439 0.567048
0.963481 438 0.56747
0.963481 437 0.569058
0.963481 436 0.569235
0.963481 435 0.569593
0.963481 434 0.570551
0.963481 433 0.571557
0.963092 434 0.573952
0.963092 433 0.575561
0.963092 432 0.578
0.963092 431 0.579135
0.963092 430 0.582972
0.963092 429 0.586519
0.963092 428 0.58858
0.963092 427 0.590189
0.962898 427 0.590287
0.962898 426 0.591107
0.962898 425 0.591721
0.962898 424 0.59469
0.962898 423 0.595465
0.962704 423 0.597028
0.962704 422 0.598113
0.962704 421 0.600175
0.962704 420 0.600568
0.962704 419 0.601066
0.962704 418 0.601118
0.96251 418 0.601166
0.96251 417 0.603314
0.96251 416 0.603419
0.96251 415 0.603815
0.96251 414 0.60482
0.96251 413 0.604882
0.96251 412 0.606441
0.96251 411 0.607716
0.96251 410 0.608345
0.96251 409 0.60841
0.962315 409 0.608671
0.962315 408 0.609039
0.962315 407 0.610784
0.962315 406 0.614839
0.962315 405 0.615604
0.962315 404 0.616264
0.962315 403 0.616305
0.962121 403 0.61649
0.962121 402 0.618703
0.962121 401 0.620065
0.962121 400 0.620174
0.962121 398 0.621254
0.962121 397 0.623985
0.961927 397 0.625196
0.961927 396 0.62588
0.961927 395 0.62667
0.961733 395 0.626846
0.961733 394 0.62803
0.961733 393 0.628419
0.961733 392 0.628448
0.961538 392 0.629588
0.961538 391 0.629684
0.961733 389 0.62979
0.961733 388 0.630641
0.961733 387 0.630931
0.961733 386 0.631795
0.961538 386 0.636163
0.961538 385 0.636954
0.961538 384 0.638181
0.961538 383 0.638461
0.961344 383 0.640758
0.961344 382 0.640863
0.961344 381 0.640978
0.961344 379 0.642407
0.961344 378 0.645362
0.961344 377 0.645609
0.96115 377 0.646236
0.96115 376 0.646994
0.96115 375 0.647423
0.96115 374 0.647542
0.96115 373 0.649008
0.96115 372 0.650361
0.96115 371 0.652515
0.96115 370 0.652809
0.96115 369 0.653081
0.96115 368 0.653702
0.96115 367 0.653835
0.96115 366 0.655412
0.96115 365 0.655911
0.96115 364 0.658187
0.960956 364 0.658326
0.960956 363 0.658388
0.960956 362 0.659339
0.960956 361 0.65947
0.960761 361 0.659907
0.960567 361 0.661102
0.960567 360 0.661886
0.960373 360 0.66343
0.960179 360 0.664274
0.960179 359 0.666872
0.959984 359 0.66703
0.95979 359 0.669017
0.959596 359 0.670981
0.959596 358 0.673027
0.959596 357 0.674404
0.959596 356 0.674842
0.959596 355 0.675421
0.959596 354 0.675573
0.959596 353 0.676893
0.959596 352 0.677961
0.959596 351 0.678403
0.959402 351 0.678896
0.959402 350 0.682001
0.959402 349 0.68474
0.959402 348 0.685069
0.959207 348 0.685703
0.959207 347 0.685826
0.959207 346 0.686972
0.959013 346 0.686984
0.959013 345 0.687501
0.959013 344 0.690142
0.958819 344 0.690587
0.958819 343 0.691162
0.958819 342 0.691272
0.958819 341 0.691394
0.958819 340 0.693765
0.958819 339 0.694557
0.958819 338 0.694639
0.958819 337 0.694708
0.958625 337 0.695178
0.95843 337 0.696033
0.95843 336 0.696049
0.95843 335 0.696531
0.95843 334 0.696907
0.95843 333 0.698513
0.95843 332 0.699052
0.95843 331 0.699198
0.958236 331 0.700212
0.958236 330 0.701091
0.958236 329 0.70265
0.958236 328 0.702973
0.958236 327 0.706216
0.958042 327 0.706308
0.958042 326 0.708292
0.958042 325 0.708549
0.958042 324 0.708572
0.957848 324 0.710741
0.957848 323 0.711497
0.957653 323 0.716495
0.957459 323 0.716557
0.957459 322 0.716593
0.957459 321 0.717362
0.957459 320 0.721444
0.957459 319 0.722277
0.957459 318 0.723022
0.957265 318 0.723413
0.957265 317 0.725367
0.957265 316 0.725567
0.957265 315 0.725597
0.957265 314 0.728318
0.957265 313 0.729904
0.957265 312 0.73229
0.957071 312 0.732413
0.957071 311 0.733201
0.956876 311 0.733454
0.956876 310 0.734179
0.956682 310 0.738603
0.956682 309 0.740441
0.956682 308 0.740826
0.956488 308 0.741061
0.956488 307 0.741384
0.956488 306 0.744762
0.956294 306 0.74514
0.956099 306 0.745457
0.955905 306 0.745782
0.955905 305 0.745832
0.955905 304 0.746662
0.955905 303 0.74668
0.955711 303 0.748943
0.955711 302 0.749179
0.955711 301 0.749504
0.955711 300 0.75009
0.955711 299 0.750339
0.955711 298 0.750954
0.955517 298 0.752617
0.955517 297 0.754224
0.955517 296 0.754843
0.955517 295 0.759491
0.955517 294 0.759573
0.955517 293 0.759955
0.955517 292 0.761258
0.955517 291 0.762765
0.955517 290 0.766075
0.955517 289 0.766434
0.955322 289 0.766725
0.955322 288 0.767412
0.955322 287 0.768242
0.955128 287 0.769271
0.955128 286 0.769278
0.955128 285 0.769399
0.955128 284 0.770225
0.955128 283 0.770696
0.955128 282 0.77495
0.955128 281 0.775999
0.955128 280 0.777988
0.954934 280 0.778152
0.954934 279 0.779277
0.95474 279 0.779609
0.95474 278 0.779628
0.95474 277 0.78039
0.95474 276 0.780539
0.95474 275 0.780683
0.95474 274 0.783071
0.95474 273 0.783236
0.95474 272 0.783619
0.95474 271 0.783907
0.95474 270 0.785155
0.95474 269 0.787645
0.95474 268 0.787943
0.95474 267 0.790048
0.95474 266 0.790476
0.954545 266 0.7907
0.954545 265 0.791169
0.954545 264 0.792938
0.954545 263 0.795779
0.954351 263 0.796091
0.954351 262 0.796824
0.954157 262 0.798076
0.954157 261 0.798329
0.954157 260 0.798814
0.954157 259 0.799584
0.953963 259 0.800024
0.953768 259 0.800885
0.953768 258 0.801704
0.953574 258 0.802444
0.953574 257 0.802846
0.953574 256 0.802884
0.953574 255 0.803913
0.953574 254 0.804019
0.95338 254 0.806339
0.95338 253 0.806677
0.95338 252 0.807446
0.95338 251 0.807963
0.95338 250 0.808243
0.953186 250 0.810912
0.953186 249 0.811145
0.952991 249 0.811377
0.952797 249 0.811852
0.952797 248 0.81218
0.952797 247 0.812319
0.952797 246 0.812665
0.952797 245 0.814754
0.952603 245 0.815255
0.952603 244 0.816843
0.952603 243 0.817008
0.952603 242 0.817015
0.952603 241 0.817189
0.952603 240 0.818694
0.952409 240 0.820696
0.952214 240 0.820983
0.95202 240 0.821699
0.95202 239 0.821784
0.951826 239 0.822357
0.951826 238 0.824217
0.951632 238 0.824712
0.951632 237 0.825834
0.951437 237 0.827493
0.951243 237 0.827871
0.951243 236 0.828944
0.951049 236 0.829134
0.950855 236 0.829254
0.950855 235 0.829727
0.95066 235 0.830972
0.95066 234 0.831198
0.95066 233 0.832633
0.950466 233 0.833719
0.950466 232 0.838122
0.950466 231 0.840869
0.950272 231 0.843328
0.950272 230 0.843551
0.950272 229 0.844756
0.950078 229 0.845014
0.949883 229 0.845149
0.949883 228 0.846994
0.949883 227 0.847247
0.949883 226 0.847922
0.949883 225 0.848086
0.949883 224 0.848395
0.949689 224 0.851249
0.949495 224 0.851765
0.949301 224 0.851862
0.949301 223 0.851957
0.949106 223 0.852851
0.949106 222 0.853437
0.948912 222 0.853642
0.948718 222 0.85365
0.948718 221 0.853789
0.948524 221 0.854178
0.948329 221 0.855219
0.948329 220 0.855771
0.948135 220 0.857395
0.948135 219 0.857956
0.948135 218 0.859211
0.947941 218 0.860146
0.947941 217 0.860517
0.947747 217 0.86054
0.947552 217 0.860678
0.947552 216 0.860992
0.947358 216 0.862728
0.947358 215 0.86284
0.947164 215 0.863263
0.94697 215 0.863871
0.94697 214 0.864866
0.946775 214 0.865101
0.946581 214 0.865591
0.946387 214 0.865675
0.946193 214 0.865903
0.945998 214 0.866728
0.945998 213 0.866845
0.945998 212 0.866871
0.945804 212 0.866986
0.945804 211 0.867709
0.94561 211 0.867887
0.945416 211 0.868016
0.945416 210 0.871307
0.945416 209 0.872304
0.945221 209 0.872657
0.945221 208 0.873334
0.945221 207 0.87342
0.945027 207 0.873841
0.945027 206 0.874899
0.945027 205 0.875706
0.945027 204 0.875744
0.944833 204 0.876044
0.944833 203 0.876301
0.944639 203 0.876517
0.944639 202 0.876595
0.944639 201 0.876755
0.944639 200 0.877133
0.944639 199 0.877144
0.944639 198 0.877373
0.944444 198 0.877726
0.944444 197 0.877845
0.94425 197 0.879292
0.94425 196 0.879364
0.944056 196 0.880157
0.943862 196 0.881012
0.943667 196 0.881241
0.943667 195 0.881257
0.943473 195 0.881387
0.943473 194 0.88204
0.943473 193 0.882396
0.943473 192 0.883596
0.943473 191 0.885024
0.943473 190 0.885516
0.943473 189 0.886426
0.943279 189 0.886636
0.943085 189 0.887147
0.94289 189 0.887452
0.942696 189 0.888597
0.942696 188 0.888691
0.942696 187 0.890173
0.942502 187 0.890394
0.942308 187 0.890826
0.942113 187 0.890974
0.941919 187 0.89098
0.941919 186 0.891745
0.941725 186 0.892791
0.941725 185 0.89357
0.941725 184 0.894632
0.941531 184 0.894946
0.941531 183 0.895085
0.941531 182 0.895272
0.941531 181 0.897055
0.941531 180 0.897118
0.941531 179 0.897627
0.941336 179 0.898741
0.941336 178 0.899066
0.941142 178 0.899168
0.941142 177 0.899595
0.941142 176 0.900154
0.941142 175 0.900371
0.941142 174 0.901701
0.941142 173 0.901878
0.941142 172 0.90211
0.940948 172 0.902368
0.940754 172 0.903452
0.940754 171 0.903829
0.940559 171 0.904412
0.940559 170 0.905541
0.940559 169 0.906027
0.940365 169 0.906193
0.940365 168 0.907845
0.940171 168 0.909138
0.940171 167 0.909315
0.939977 167 0.909387
0.939782 167 0.909477
0.939588 167 0.910566
0.939394 167 0.911514
0.939394 166 0.912014
0.9392 166 0.912055
0.939005 166 0.91274
0.939005 165 0.91295
0.938811 165 0.914318
0.938617 165 0.914424
0.938617 164 0.914429
0.938617 163 0.914785
0.938423 163 0.914899
0.938228 163 0.916237
0.938228 162 0.916872
0.938034 162 0.917023
0.93784 162 0.917893
0.93784 161 0.920927
0.937646 161 0.92165
0.937451 161 0.92185
0.937451 160 0.923069
0.937451 159 0.923483
0.937451 158 0.923989
0.937257 158 0.925192
0.937063 158 0.92572
0.936869 158 0.926272
0.936674 158 0.927049
0.936674 157 0.927054
0.93648 157 0.927264
0.93648 156 0.927435
0.93648 155 0.927845
0.936286 155 0.928157
0.936092 155 0.928424
0.935897 155 0.928809
0.935703 155 0.928962
0.935703 154 0.929168
0.935703 153 0.929399
0.935509 153 0.929512
0.935315 153 0.929653
0.93512 153 0.931787
0.934926 153 0.931993
0.934732 153 0.932429
0.934732 152 0.932481
0.934732 151 0.932597
0.934732 150 0.932987
0.934538 150 0.933504
0.934538 149 0.934075
0.934343 149 0.934397
0.934149 149 0.934705
0.933955 149 0.93483
0.933761 149 0.934991
0.933566 149 0.935041
0.933372 149 0.935473
0.933178 149 0.935477
0.932984 149 0.936148
0.932789 149 0.936363
0.932595 149 0.936481
0.932401 149 0.936766
0.932207 149 0.937427
0.932012 149 0.93752
0.932012 148 0.937657
0.931818 148 0.938659
0.931624 148 0.938673
0.93143 148 0.938705
0.931235 148 0.939085
0.931041 148 0.93923
0.930847 148 0.940608
0.930653 148 0.940821
0.930458 148 0.940943
0.930264 148 0.941645
0.93007 148 0.941918
0.929876 148 0.942029
0.929681 148 0.942289
0.929487 148 0.94261
0.929487 147 0.942652
0.929487 146 0.942664
0.929487 145 0.943372
0.929293 145 0.94344
0.929293 144 0.943514
0.929099 144 0.943548
0.928904 144 0.944289
0.92871 144 0.944422
0.92871 143 0.944492
0.928516 143 0.944716
0.928322 143 0.944762
0.928127 143 0.944846
0.927933 143 0.944999
0.927739 143 0.945049
0.927545 143 0.945934
0.92735 143 0.946407
0.927156 143 0.94676
0.927156 142 0.946829
0.927156 141 0.947219
0.927156 140 0.94733
0.927156 139 0.94752
0.926962 139 0.948014
0.926768 139 0.948385
0.926768 138 0.948461
0.926573 138 0.94865
0.926379 138 0.949257
0.926185 138 0.949734
0.925991 138 0.949752
0.925796 138 0.951637
0.925796 137 0.951793
0.925796 136 0.952164
0.925796 135 0.952187
0.925602 135 0.95232
0.925408 135 0.952404
0.925214 135 0.952886
0.925019 135 0.953041
0.924825 135 0.953075
0.924631 135 0.953151
0.924437 135 0.953241
0.924437 134 0.953721
0.924437 133 0.954083
0.924242 133 0.954143
0.924242 132 0.954391
0.924242 131 0.954665
0.924048 131 0.954719
0.923854 131 0.95485
0.923854 130 0.954876
0.923854 129 0.954955
0.92366 129 0.955187
0.923465 129 0.955567
0.923271 129 0.956195
0.923271 128 0.956292
0.923271 127 0.956402
0.922883 127 0.956546
0.922688 127 0.956596
0.922494 127 0.956829
0.9223 127 0.957139
0.922106 127 0.95731
0.921911 127 0.957379
0.921911 126 0.957641
0.921717 126 0.958623
0.921523 126 0.958743
0.921329 126 0.958812
0.921134 126 0.958978
0.921134 125 0.95905
0.92094 125 0.959123
0.920746 125 0.95925
0.920552 125 0.959252
0.920552 124 0.959689
0.920552 123 0.9598
0.920357 123 0.960482
0.920163 123 0.960496
0.920163 122 0.960929
0.919969 122 0.961281
0.919775 122 0.961325
0.91958 122 0.962144
0.919386 122 0.962393
0.919386 121 0.962413
0.919386 120 0.962724
0.919192 120 0.963095
0.918998 120 0.963173
0.918803 120 0.963294
0.918609 120 0.963513
0.918415 120 0.963583
0.918221 120 0.96385
0.918026 120 0.964166
0.918026 119 0.964407
0.917832 119 0.964684
0.917638 119 0.964866
0.917444 119 0.964905
0.917249 119 0.966211
0.917249 118 0.966227
0.917249 117 0.96626
0.917249 116 0.9663
0.917055 116 0.966498
0.917055 115 0.966609
0.917055 114 0.966646
0.916861 114 0.966672
0.916861 113 0.967132
0.916861 112 0.96728
0.916667 112 0.967713
0.916472 112 0.967826
0.916472 111 0.967832
0.916278 111 0.968272
0.916084 111 0.968313
0.916084 110 0.968619
0.916084 109 0.968768
0.91589 109 0.968774
0.91589 108 0.968952
0.91589 107 0.968968
0.915695 107 0.969067
0.915501 107 0.969453
0.915307 107 0.969585
0.915113 107 0.969629
0.915113 106 0.96989
0.914918 106 0.969967
0.914724 106 0.970099
0.914724 105 0.970586
0.914724 104 0.970641
0.91453 104 0.970646
0.91453 103 0.970685
0.914336 103 0.970748
0.914141 103 0.971153
0.913947 103 0.971194
0.913753 103 0.971312
0.913753 102 0.971338
0.913753 101 0.971348
0.913559 101 0.971719
0.913364 101 0.972142
0.91317 101 0.972313
0.912976 101 0.972708
0.912976 100 0.973267
0.912782 100 0.973439
0.912782 99 0.973528
0.912782 98 0.973986
0.912393 98 0.974026
0.912199 98 0.974095
0.912005 98 0.974283
0.912005 97 0.974554
0.912005 96 0.974562
0.912005 95 0.974604
0.912005 94 0.974689
0.91181 94 0.974868
0.911616 94 0.975078
0.911422 94 0.975104
0.911228 94 0.975156
0.911033 94 0.975655
0.910839 94 0.975782
0.910839 93 0.975811
0.910645 93 0.975843
0.910645 92 0.97603
0.910451 92 0.976246
0.910256 92 0.976355
0.910062 92 0.976592
0.910062 91 0.976717
0.909868 91 0.976752
0.909674 91 0.976825
0.909479 91 0.976836
0.909285 91 0.97693
0.909091 91 0.977176
0.909091 90 0.97732
0.908897 90 0.977337
0.908702 90 0.97747
0.908508 90 0.977493
0.908314 90 0.977498
0.90812 90 0.977591
0.907925 90 0.977916
0.907731 90 0.978016
0.907537 90 0.978056
0.907343 90 0.978361
0.907148 90 0.97841
0.906954 90 0.978424
0.90676 90 0.978558
0.906566 90 0.978583
0.906371 90 0.978712
0.906177 90 0.978795
0.906177 89 0.978801
0.905983 89 0.978908
0.905789 89 0.978983
0.905594 89 0.979015
0.9054 89 0.979154
0.905206 89 0.979337
0.905012 89 0.979362
0.904817 89 0.979409
0.904623 89 0.979462
0.904623 88 0.979669
0.904429 88 0.979673
0.904429 87 0.979794
0.904235 87 0.98014
0.904235 86 0.980268
0.90404 86 0.980467
0.903846 86 0.980599
0.903652 86 0.98093
0.903652 85 0.981014
0.903458 85 0.981065
0.903263 85 0.981137
0.903069 85 0.981294
0.902875 85 0.981362
0.902681 85 0.981416
0.902681 84 0.981491
0.902486 84 0.981589
0.902292 84 0.981854
0.902098 84 0.981882
0.901904 84 0.981973
0.901709 84 0.982204
0.901515 84 0.982382
0.901321 84 0.982395
0.901321 83 0.982431
0.901127 83 0.982473
0.901127 82 0.982562
0.900932 82 0.982624
0.900738 82 0.982864
0.900544 82 0.982916
0.900544 81 0.983015
0.90035 81 0.983098
0.900155 81 0.983116
0.899961 81 0.983253
0.899767 81 0.983441
0.899573 81 0.983779
0.899573 80 0.9839
0.899573 79 0.983929
0.899378 79 0.983955
0.899184 79 0.983971
0.89899 79 0.983975
0.898796 79 0.983996
0.898601 79 0.984027
0.898407 79 0.984176
0.898213 79 0.984295
0.898019 79 0.984422
0.897824 79 0.98443
0.89763 79 0.984513
0.897436 79 0.984546
0.897242 79 0.984553
0.897047 79 0.984557
0.896853 79 0.984646
0.896853 78 0.984663
0.896659 78 0.984723
0.896465 78 0.984754
0.89627 78 0.984851
0.896076 78 0.984894
0.895882 78 0.984949
0.895688 78 0.984954
0.895493 78 0.985029
0.895493 77 0.985034
0.895299 77 0.985087
0.895105 77 0.985283
0.894911 77 0.985604
0.894716 77 0.985627
0.894522 77 0.985642
0.894328 77 0.985699
0.894134 77 0.9857
0.894134 76 0.985728
0.893939 76 0.98575
0.893745 76 0.985866
0.893551 76 0.986017
0.893551 75 0.9861
0.893357 75 0.986139
0.893162 75 0.98617
0.892968 75 0.98619
0.892774 75 0.986355
0.89258 75 0.986539
0.89258 74 0.986593
0.892385 74 0.98662
0.892191 74 0.986703
0.891997 74 0.986729
0.891803 74 0.986792
0.891608 74 0.98696
0.891414 74 0.986969
0.89122 74 0.987073
0.891026 74 0.987159
0.891026 73 0.987168
0.891026 72 0.987319
0.890831 72 0.98733
0.890637 72 0.987354
0.890637 71 0.987391
0.890443 71 0.987508
0.890249 71 0.987514
0.890054 71 0.987718
0.88986 71 0.987725
0.889666 71 0.987778
0.889472 71 0.987782
0.889277 71 0.987938
0.889083 71 0.987943
0.888889 71 0.988116
0.888695 71 0.988171
0.8885 71 0.988207
0.888306 71 0.988212
0.888112 71 0.988228
0.887918 71 0.988332
0.887723 71 0.988507
0.887529 71 0.988558
0.887335 71 0.988569
0.887141 71 0.988697
0.886946 71 0.988727
0.886752 71 0.988821
0.886558 71 0.989
0.886558 70 0.989219
0.886364 70 0.989224
0.886169 70 0.989363
0.885975 70 0.989452
0.885975 69 0.989471
0.885975 68 0.989509
0.885587 68 0.989818
0.885392 68 0.989966
0.885392 67 0.989968
0.885198 67 0.989971
0.885004 67 0.990016
0.88481 67 0.990036
0.884615 67 0.990093
0.884421 67 0.990117
0.884421 66 0.99027
0.884227 66 0.99033
0.884227 65 0.990354
0.884033 65 0.990432
0.883838 65 0.990438
0.883644 65 0.990463
0.88345 65 0.990537
0.88345 64 0.99055
0.883256 64 0.990573
0.883061 64 0.990607
0.882867 64 0.990632
0.882673 64 0.990849
0.882479 64 0.990873
0.882284 64 0.990888
0.88209 64 0.99105
0.881896 64 0.991067
0.881702 64 0.991068
0.881507 64 0.991102
0.881507 63 0.991239
0.881313 63 0.991242
0.881119 63 0.991349
0.880925 63 0.991373
0.88073 63 0.991412
0.880536 63 0.991421
0.880342 63 0.991525
0.880342 62 0.991584
0.880148 62 0.991594
0.879953 62 0.991618
0.879759 62 0.991651
0.879759 61 0.991653
0.879565 61 0.991852
0.879371 61 0.991859
0.879176 61 0.991861
0.878982 61 0.991895
0.878788 61 0.991938
0.878594 61 0.991948
0.878399 61 0.991971
0.878205 61 0.992049
0.878011 61 0.99209
0.877817 61 0.992097
0.877817 60 0.992099
0.877817 59 0.992178
0.877622 59 0.992202
0.877428 59 0.99221
0.877234 59 0.99233
0.87704 59 0.99234
0.876845 59 0.992345
0.876651 59 0.99235
0.876457 59 0.99252
0.876263 59 0.992551
0.876068 59 0.992655
0.875874 59 0.992658
0.875874 58 0.992672
0.875874 57 0.992675
0.87568 57 0.992782
0.875486 57 0.992815
0.875291 57 0.992873
0.875097 57 0.992911
0.875097 56 0.992937
0.874903 56 0.992957
0.874709 56 0.993049
0.874514 56 0.9931
0.87432 56 0.993141
0.874126 56 0.993149
0.873932 56 0.993258
0.873737 56 0.993304
0.873543 56 0.993323
0.873349 56 0.993324
0.873155 56 0.993341
0.873155 55 0.993403
0.87296 55 0.993404
0.872766 55 0.99342
0.872572 55 0.993452
0.872572 54 0.993453
0.872378 54 0.993455
0.872183 54 0.993498
0.871989 54 0.993598
0.871795 54 0.993641
0.871795 53 0.993797
0.871601 53 0.993826
0.871406 53 0.993838
0.871212 53 0.993873
0.871018 53 0.993962
0.870824 53 0.99397
0.870824 52 0.993993
0.870629 52 0.994042
0.870435 52 0.994115
0.870435 51 0.994128
0.870435 50 0.994165
0.870241 50 0.994168
0.870047 50 0.994178
0.869852 50 0.994204
0.869658 50 0.99425
0.869464 50 0.994288
0.86927 50 0.994314
0.869075 50 0.994368
0.868881 50 0.99444
0.868687 50 0.994453
0.868493 50 0.994479
0.868298 50 0.994503
0.868104 50 0.99454
0.86791 50 0.994554
0.867716 50 0.994564
0.867716 49 0.994566
0.867327 49 0.994595
0.867133 49 0.99464
0.866939 49 0.994649
0.866744 49 0.994666
0.86655 49 0.994667
0.866356 49 0.994752
0.866162 49 0.994773
0.865967 49 0.994841
0.865773 49 0.994854
0.865579 49 0.994877
0.865385 49 0.994891
0.86519 49 0.994924
0.864996 49 0.99509
0.864996 48 0.995101
0.864802 48 0.995126
0.864608 48 0.995152
0.864413 48 0.995157
0.864219 48 0.995177
0.864025 48 0.995203
0.863831 48 0.995238
0.863636 48 0.995258
0.863442 48 0.995276
0.863248 48 0.9953
0.863248 47 0.995301
0.863054 47 0.99539
0.862859 47 0.99547
0.862859 46 0.995485
0.862665 46 0.995505
0.862471 46 0.995518
0.862277 46 0.995568
0.862082 46 0.99559
0.861888 46 0.995596
0.861694 46 0.995636
0.8615 46 0.995639
0.8615 45 0.995659
0.861305 45 0.995703
0.861111 45 0.99576
0.860917 45 0.995777
0.860723 45 0.995811
0.860528 45 0.995812
0.860334 45 0.995839
0.86014 45 0.99584
0.859946 45 0.995915
0.859751 45 0.995921
0.859557 45 0.995959
0.859363 45 0.995972
0.859169 45 0.996008
0.858974 45 0.996012
0.85878 45 0.996022
0.858586 45 0.996053
0.858392 45 0.996068
0.858197 45 0.996075
0.858003 45 0.996083
0.857809 45 0.996093
0.857615 45 0.996099
0.85742 45 0.996118
0.857226 45 0.996124
0.857032 45 0.996127
0.856838 45 0.996149
0.856838 44 0.99619
0.856643 44 0.996212
0.856449 44 0.996238
0.856255 44 0.996259
0.856061 44 0.996273
0.855866 44 0.996283
0.855672 44 0.996291
0.855478 44 0.996317
0.855284 44 0.996336
0.855089 44 0.996355
0.854895 44 0.996382
0.854701 44 0.996405
0.854701 43 0.99641
0.854507 43 0.996422
0.854312 43 0.996424
0.854118 43 0.996435
0.853924 43 0.996453
0.85373 43 0.996489
0.853535 43 0.996507
0.853341 43 0.996529
0.852758 43 0.996535
0.852564 43 0.996536
0.852564 42 0.996537
0.85237 42 0.996562
0.852176 42 0.99658
0.851981 42 0.996583
0.851981 41 0.996619
0.851787 41 0.996638
0.851593 41 0.99664
0.851593 40 0.996658
0.851399 40 0.996661
0.851204 40 0.99669
0.85101 40 0.996691
0.850816 40 0.996706
0.850622 40 0.996752
0.850427 40 0.996793
0.850233 40 0.99681
0.850039 40 0.996824
0.849845 40 0.996829
0.84965 40 0.996833
0.849456 40 0.996837
0.849262 40 0.996845
0.849262 39 0.996853
0.849068 39 0.996855
0.848873 39 0.996856
0.848679 39 0.996885
0.848485 39 0.996891
0.848291 39 0.996912
0.848096 39 0.996932
0.848096 38 0.996959
0.847902 38 0.99696
0.847708 38 0.996965
0.847514 38 0.996972
0.847319 38 0.996981
0.847125 38 0.997007
0.846931 38 0.997016
0.846737 38 0.997017
0.846542 38 0.99702
0.846348 38 0.997027
0.846154 38 0.997055
0.84596 38 0.997056
0.845571 38 0.997058
0.845377 38 0.997112
0.845377 37 0.997144
0.845183 37 0.997156
0.844988 37 0.997158
0.844988 36 0.997163
0.844794 36 0.997165
0.8446 36 0.997207
0.844406 36 0.997211
0.844211 36 0.997219
0.844211 35 0.997262
0.844017 35 0.997295
0.844017 34 0.997405
0.843823 34 0.997418
0.843823 33 0.997439
0.843629 32 0.997445
0.843434 32 0.99745
0.84324 32 0.997459
0.84324 31 0.99746
0.84324 30 0.997467
0.843046 30 0.99747
0.842852 30 0.997493
0.842657 30 0.997538
0.842463 30 0.997562
0.842269 30 0.997567
0.842075 30 0.997585
0.842075 29 0.997618
0.84188 29 0.997633
0.84188 28 0.997648
0.841686 28 0.997651
0.841492 28 0.997654
0.841298 28 0.997682
0.841103 28 0.997691
0.840909 28 0.997698
0.840715 28 0.997716
0.840521 28 0.997734
0.840326 28 0.997747
0.840132 28 0.997765
0.839938 28 0.997774
0.839744 28 0.997775
0.839549 28 0.997832
0.839355 28 0.99785
0.839161 28 0.997877
0.838967 27 0.997901
0.838967 26 0.997917
0.838772 26 0.997919
0.838578 26 0.997922
0.838578 25 0.99793
0.838384 25 0.997934
0.83819 25 0.997945
0.837995 25 0.997955
0.837801 25 0.997962
0.837607 25 0.997963
0.837413 25 0.997973
0.837413 24 0.997978
0.837218 24 0.997981
0.837024 23 0.997987
0.83683 23 0.997996
0.836636 23 0.998011
0.836441 23 0.998015
0.836247 23 0.998027
0.836053 23 0.99803
0.835859 23 0.998033
0.835664 23 0.998036
0.83547 23 0.998041
0.835082 23 0.998042
0.834887 23 0.998044
0.834693 23 0.998049
0.834499 23 0.998088
0.834305 23 0.998102
0.83411 23 0.998103
0.833916 23 0.998107
0.833722 23 0.998199
0.833333 23 0.998204
0.833139 23 0.998219
0.832945 23 0.998223
0.832751 23 0.998228
0.832556 23 0.998231
0.832362 23 0.99824
0.832168 23 0.998243
0.831974 23 0.998245
0.831779 23 0.99826
0.831585 23 0.998294
0.831391 23 0.998296
0.831197 23 0.998301
0.831002 23 0.998329
0.830808 23 0.998343
0.830614 23 0.998348
0.83042 23 0.998349
0.830225 23 0.998361
0.830031 23 0.998367
0.829837 23 0.998374
0.829643 23 0.998392
0.829448 23 0.998428
0.829254 23 0.998431
0.82906 23 0.998447
0.828866 23 0.998467
0.828671 23 0.998473
0.828671 22 0.998483
0.828477 22 0.998492
0.828283 22 0.9985
0.828089 22 0.998501
0.827894 22 0.99851
0.8277 22 0.998513
0.827506 22 0.998515
0.827312 22 0.998517
0.827117 22 0.99853
0.826923 22 0.998536
0.826535 22 0.998541
0.82634 22 0.998555
0.826146 22 0.998577
0.825952 22 0.998578
0.825758 22 0.998587
0.825563 22 0.998593
0.825369 22 0.998605
0.825175 22 0.998629
0.824981 22 0.998633
0.824981 21 0.998636
0.824786 21 0.998645
0.824592 21 0.998657
0.824398 21 0.99867
0.824204 21 0.998671
0.824009 21 0.998691
0.823815 21 0.9987
0.823621 21 0.998707
0.823427 21 0.998714
0.823232 21 0.998716
0.823038 21 0.998721
0.822844 21 0.998732
0.82265 21 0.998734
0.822455 21 0.998748
0.822261 21 0.998767
0.822067 21 0.998785
0.821873 21 0.998797
0.821678 21 0.998808
0.82129 21 0.998809
0.821096 21 0.998813
0.820901 21 0.998815
0.820707 21 0.99883
0.820513 21 0.998835
0.820319 21 0.998838
0.820124 21 0.998848
0.81993 21 0.998849
0.819736 21 0.998857
0.819542 21 0.99886
0.819347 21 0.998865
0.818959 21 0.998881
0.818765 21 0.998891
0.81857 21 0.998896
0.818376 21 0.998911
0.817988 21 0.998914
0.817793 21 0.998923
0.817599 21 0.998926
0.817405 21 0.99893
0.817211 21 0.998931
0.817016 21 0.998935
0.816822 21 0.998937
0.816628 21 0.998939
0.816434 21 0.998946
0.816239 21 0.998958
0.816045 21 0.998962
0.815851 21 0.998966
0.815657 21 0.998968
0.815462 21 0.998972
0.815268 21 0.998976
0.81488 21 0.99898
0.814685 21 0.998984
0.814685 20 0.998994
0.814491 20 0.998998
0.814297 20 0.999005
0.814103 20 0.999009
0.813908 20 0.999019
0.813714 20 0.999021
0.81352 20 0.999023
0.813326 20 0.999028
0.813131 20 0.999033
0.812743 20 0.999035
0.812549 20 0.999045
0.812354 20 0.999055
0.812354 19 0.999056
0.81216 19 0.999059
0.811966 19 0.999065
0.811772 19 0.999072
0.811577 19 0.999078
0.811383 19 0.999086
0.811189 19 0.999091
0.810995 19 0.999092
0.8108 19 0.999096
0.810606 19 0.999097
0.810412 19 0.999101
0.810218 19 0.999106
0.810023 19 0.999111
0.809635 19 0.999112
0.809441 19 0.999114
0.809246 19 0.999125
0.809052 19 0.999127
0.808858 19 0.999128
0.808664 19 0.999132
0.808469 19 0.999136
0.808081 19 0.999145
0.807887 19 0.999158
0.807692 19 0.999163
0.807498 19 0.999164
0.807304 19 0.999165
0.80711 19 0.999168
0.806915 19 0.99917
0.806721 19 0.999174
0.806527 19 0.999178
0.806333 19 0.99918
0.806138 19 0.999186
0.805944 19 0.999191
0.80575 19 0.999192
0.805556 19 0.999202
0.805361 19 0.999203
0.805167 19 0.999216
0.804779 19 0.999221
0.804584 19 0.999222
0.80439 19 0.999223
0.804196 19 0.999226
0.804002 19 0.999227
0.803807 19 0.999229
0.803613 18 0.999233
0.803419 18 0.999234
0.803225 18 0.999235
0.80303 18 0.999241
0.802836 18 0.999249
0.802642 18 0.999252
0.802448 18 0.999259
0.802059 18 0.99926
0.801671 18 0.999269
0.801476 18 0.99927
0.801088 18 0.999273
0.800699 18 0.999274
0.800505 18 0.999278
0.800311 18 0.999282
0.800117 18 0.999283
0.799922 18 0.999291
0.799728 18 0.999292
0.799534 18 0.999294
0.79934 18 0.999297
0.799145 18 0.999306
0.798951 18 0.999317
0.798757 18 0.99932
0.798563 18 0.999323
0.798368 18 0.999326
0.798174 18 0.999327
0.79798 18 0.999328
0.797591 18 0.999331
0.797397 18 0.999333
0.797203 18 0.999338
0.797009 18 0.999345
0.796814 18 0.999346
0.79662 18 0.999351
0.796426 18 0.999353
0.796232 18 0.999355
0.796037 18 0.99936
0.795843 18 0.999361
0.795455 18 0.999362
0.79526 18 0.999371
0.79526 17 0.999372
0.795066 17 0.999374
0.794872 17 0.999381
0.794678 17 0.999383
0.794483 17 0.999384
0.794289 17 0.999388
0.794095 17 0.99939
0.793901 17 0.999398
0.793512 17 0.999407
0.793512 16 0.999409
0.793318 16 0.999412
0.793124 16 0.999416
0.792929 16 0.999422
0.792735 16 0.999425
0.792541 16 0.999427
0.792347 16 0.99943
0.791958 16 0.999435
0.791764 16 0.999436
0.79157 16 0.999438
0.791375 16 0.999442
0.791181 16 0.999444
0.790987 16 0.999448
0.790793 16 0.99945
0.790598 16 0.999451
0.790404 15 0.999452
0.79021 15 0.999455
0.790016 15 0.999457
0.789627 15 0.999462
0.789433 15 0.999464
0.789239 15 0.999467
0.789044 15 0.999469
0.788656 15 0.999474
0.787685 15 0.999477
0.78749 15 0.999479
0.78749 14 0.999481
0.786908 14 0.999485
0.786519 14 0.999486
0.786325 14 0.99949
0.786131 14 0.999495
0.786131 13 0.999498
0.785936 13 0.999499
0.785742 13 0.9995
0.785354 12 0.999503
0.785159 12 0.999504
0.784965 12 0.999505
0.784771 12 0.999506
0.784577 12 0.999509
0.784382 12 0.999513
0.783994 12 0.999514
0.7838 12 0.999516
0.783411 12 0.999518
0.783217 12 0.999519
0.783217 11 0.99952
0.783023 11 0.999521
0.782828 11 0.999527
0.782634 11 0.999528
0.78244 11 0.99953
0.782246 11 0.999536
0.781857 11 0.999537
0.781469 11 0.999538
0.780886 11 0.99954
0.780692 11 0.999541
0.780497 11 0.999542
0.780303 11 0.999548
0.780109 11 0.99955
0.779915 11 0.999553
0.77972 11 0.999554
0.779526 11 0.999556
0.779332 11 0.999558
0.779138 11 0.999563
0.778943 11 0.999573
0.778749 11 0.999574
0.778361 11 0.999577
0.778166 11 0.999585
0.777972 11 0.999586
0.777389 11 0.999588
0.777195 11 0.999591
0.777001 11 0.999592
0.776612 11 0.999593
0.776418 11 0.999595
0.77603 11 0.999597
0.775835 11 0.999599
0.775641 11 0.9996
0.775447 11 0.999603
0.775058 11 0.999604
0.774864 11 0.999605
0.774476 10 0.999606
0.774281 10 0.999608
0.774087 9 0.999613
0.773699 9 0.999616
0.77331 9 0.999618
0.772922 9 0.999619
0.772533 9 0.999621
0.772339 9 0.999622
0.77195 9 0.999623
0.771562 9 0.999628
0.771368 9 0.999629
0.771173 9 0.99963
0.770979 9 0.999631
0.770785 9 0.999632
0.770396 9 0.999633
0.770202 9 0.999636
0.770008 9 0.999638
0.769814 9 0.999639
0.769619 9 0.99964
0.769425 9 0.999641
0.768842 9 0.999646
0.768454 9 0.999647
0.76826 9 0.999648
0.768065 9 0.999649
0.767871 9 0.99965
0.767677 9 0.999651
0.767483 9 0.999654
0.767288 9 0.999655
0.767094 9 0.999656
0.7669 9 0.999659
0.766706 9 0.99966
0.766317 9 0.999661
0.766123 9 0.999662
0.765929 9 0.999663
0.765734 9 0.999665
0.76554 9 0.999666
0.764957 9 0.999668
0.764763 9 0.999669
0.764569 9 0.999671
0.764375 9 0.999673
0.76418 9 0.999674
0.763986 9 0.999675
0.763792 9 0.999677
0.763598 9 0.99968
0.763403 9 0.999681
0.763209 9 0.999683
0.763015 9 0.999684
0.762821 9 0.999686
0.762626 8 0.999687
0.762432 8 0.999694
0.762238 8 0.999695
0.762044 8 0.999698
0.761849 8 0.999699
0.761461 8 0.9997
0.761072 8 0.999701
0.761072 7 0.999702
0.760878 7 0.999703
0.760684 7 0.999704
0.76049 7 0.999705
0.760101 7 0.999707
0.759907 7 0.999709
0.759713 7 0.99971
0.759518 7 0.999712
0.75913 7 0.999713
0.758936 7 0.999714
0.758741 7 0.999715
0.758547 7 0.999717
0.758159 7 0.99972
0.75777 7 0.999722
0.757576 7 0.999723
0.757382 7 0.999724
0.756799 7 0.999725
0.756605 7 0.999726
0.756216 7 0.999728
0.756022 7 0.999731
0.755439 7 0.999732
0.755051 7 0.999734
0.754662 7 0.999735
0.754468 7 0.999736
0.753108 7 0.99974
0.752525 7 0.999741
0.752331 7 0.999742
0.751943 7 0.999743
0.75136 7 0.999744
0.750971 7 0.999746
0.750777 7 0.999749
0.750583 7 0.99975
0.750194 7 0.999751
0.75 7 0.999753
0.749417 7 0.999754
0.749223 7 0.999756
0.749029 7 0.999757
0.74864 7 0.999759
0.748446 7 0.99976
0.748252 7 0.999761
0.747863 7 0.999762
0.747669 7 0.999765
0.747475 7 0.999767
0.74728 7 0.999768
0.746892 7 0.999769
0.746115 7 0.99977
0.745726 7 0.999772
0.745532 7 0.999773
0.745338 7 0.999774
0.745144 7 0.999775
0.744949 7 0.999776
0.744755 7 0.999777
0.744367 7 0.999778
0.744172 7 0.999779
0.743978 7 0.99978
0.743201 7 0.999781
0.742813 7 0.999783
0.742036 7 0.999784
0.741841 7 0.999785
0.741453 7 0.999787
0.741064 7 0.999788
0.74087 7 0.999789
0.740482 7 0.99979
0.73951 7 0.999791
0.739122 7 0.999792
0.738733 7 0.999793
0.737568 7 0.999794
0.737179 7 0.999795
0.736402 7 0.999796
0.736014 7 0.999797
0.73582 7 0.999799
0.735625 7 0.999801
0.735431 7 0.999802
0.734848 7 0.999804
0.73446 7 0.999805
0.733489 7 0.999806
0.732712 7 0.999807
0.732517 7 0.999808
0.732129 7 0.999811
0.731935 7 0.999812
0.73174 7 0.999813
0.731158 7 0.999814
0.730769 7 0.999815
0.730575 7 0.999816
0.729798 7 0.999817
0.729409 7 0.999818
0.728827 7 0.99982
0.728438 7 0.999821
0.727661 7 0.999822
0.727467 7 0.999823
0.727273 7 0.999824
0.726884 7 0.999825
0.72669 7 0.999827
0.726301 7 0.999828
0.726107 7 0.999829
0.725524 7 0.99983
0.72533 7 0.999831
0.725136 7 0.999832
0.724747 7 0.999833
0.724359 7 0.999837
0.72397 7 0.999838
0.723193 7 0.999839
0.722805 7 0.999842
0.722028 7 0.999843
0.721639 7 0.999845
0.721251 7 0.999846
0.720085 7 0.999848
0.719697 7 0.999851
0.719503 7 0.999852
0.719114 7 0.999853
0.718726 7 0.999855
0.717949 7 0.999856
0.71756 7 0.999857
0.717366 7 0.999858
0.716589 7 0.999859
0.716395 7 0.999861
0.716006 7 0.999862
0.715423 7 0.999864
0.715229 7 0.999865
0.714646 7 0.999866
0.713869 7 0.999867
0.713481 7 0.999868
0.712898 7 0.999869
0.711538 7 0.99987
0.711344 7 0.999871
0.710956 7 0.999872
0.709984 7 0.999873
0.709596 7 0.999874
0.708625 7 0.999875
0.708236 7 0.999876
0.707459 7 0.999877
0.706682 7 0.999878
0.706294 7 0.99988
0.705322 7 0.999881
0.704934 7 0.999882
0.703574 7 0.999883
0.702991 7 0.999885
0.702603 7 0.999886
0.701632 7 0.999887
0.70066 7 0.999888
0.700466 7 0.999889
0.699883 7 0.99989
0.699495 7 0.999891
0.698329 6 0.999892
0.698135 6 0.999893
0.697552 6 0.999894
0.697164 6 0.999896
0.696775 6 0.999897
0.695998 6 0.999898
0.695416 6 0.999899
0.694833 6 0.9999
0.69425 6 0.999901
0.692696 6 0.999902
0.692113 6 0.999903
0.690948 6 0.999904
0.690365 6 0.999905
0.689977 6 0.999906
0.689005 6 0.999907
0.688811 6 0.999909
0.68784 6 0.99991
0.686869 6 0.999911
0.685703 6 0.999912
0.684926 6 0.999913
0.683761 6 0.999914
0.683566 6 0.999915
0.682207 6 0.999916
0.681041 6 0.999917
0.679487 6 0.999918
0.678904 6 0.999919
0.678322 6 0.99992
0.676962 6 0.999921
0.676185 6 0.999922
0.675796 6 0.999923
0.674242 6 0.999924
0.673465 6 0.999925
0.672106 6 0.999926
0.670746 6 0.999927
0.670163 6 0.999928
0.66958 6 0.999929
0.668221 6 0.99993
0.666667 5 0.999931
0.665113 5 0.999932
0.663364 5 0.999933
0.662393 5 0.999934
0.660645 5 0.999935
0.659091 5 0.999936
0.656954 5 0.999937
0.654817 5 0.999938
0.653069 5 0.999939
0.651709 5 0.99994
0.649961 5 0.999941
0.647824 5 0.999942
0.645882 5 0.999943
0.644716 5 0.999944
0.642774 5 0.999945
0.641608 5 0.999946
0.639472 5 0.999947
0.637141 5 0.999948
0.635781 5 0.999949
0.63345 5 0.99995
0.631119 5 0.999951
0.628011 5 0.999952
0.626068 5 0.999953
0.62432 5 0.999954
0.621601 5 0.999955
0.618881 5 0.999956
0.61655 5 0.999957
0.614413 4 0.999958
0.612082 4 0.999959
0.608003 3 0.99996
0.605478 3 0.999961
0.601593 3 0.999962
0.598873 3 0.999963
0.595571 3 0.999964
0.592269 3 0.999965
0.588967 3 0.999966
0.585664 3 0.999967
0.583333 3 0.999968
0.578671 3 0.999969
0.574786 3 0.99997
0.570513 2 0.999971
0.565851 2 0.999972
0.5608 2 0.999973
0.555556 2 0.999974
0.552059 2 0.999975
0.547203 2 0.999976
0.53885 2 0.999977
0.531469 2 0.999978
0.52603 1 0.999979
0.520202 1 0.99998
0.513403 1 0.999981
0.505439 1 0.999982
0.495338 1 0.999983
0.488151 1 0.999984
0.477855 1 0.999985
0.463869 1 0.999986
0.450078 1 0.999987
0.433178 1 0.999988
0.419192 1 0.999989
0.403846 1 0.99999
0.385004 1 0.999991
0.363442 1 0.999992
0.330808 0 0.999993
0.29934 0 0.999994
0.258353 0 0.999995
0.214646 0 0.999996
0.166084 0 0.999997
0.11519 0 0.999998
0.0608003 0 0.999999
0.00796426 0 1
