0.730698 5006
0.730698 5005
0.730698 5004
0.730698 5003
0.730698 5002
0.730698 5001
0.730698 5000
0.730698 4999
0.730621 4998
0.730621 4997
0.730621 4996
0.730621 4995
0.730621 4994
0.730621 4993
0.730621 4992
0.730621 4991
0.730621 4990
0.730621 4989
0.730621 4988
0.730621 4987
0.730621 4986
0.730621 4985
0.730621 4984
0.730621 4983
0.730621 4982
0.730621 4981
0.730621 4980
0.730621 4979
0.730621 4978
0.730621 4977
0.730621 4976
0.730621 4975
0.730621 4974
0.730621 4973
0.730621 4972
0.730621 4971
0.730621 4970
0.730621 4969
0.730621 4968
0.730621 4967
0.730621 4966
0.730621 4965
0.730621 4964
0.730621 4963
0.730621 4962
0.730621 4961
0.730621 4960
0.730621 4959
0.730621 4958
0.730621 4957
0.730619 4956
0.730619 4955
0.730619 4954
0.730619 4953
0.730619 4952
0.730619 4951
0.730619 4950
0.730619 4949
0.730619 4948
0.730619 4947
0.730619 4946
0.730619 4945
0.730619 4944
0.730619 4943
0.730619 4942
0.730619 4941
0.730619 4940
0.730619 4939
0.730619 4938
0.730619 4937
0.730619 4936
0.730619 4935
0.730619 4934
0.730619 4933
0.730619 4932
0.730619 4931
0.730619 4930
0.730619 4929
0.730619 4928
0.730619 4927
0.730619 4926
0.730619 4925
0.730619 4924
0.730619 4923
0.730477 4923
0.730477 4922
0.730477 4921
0.730477 4920
0.730477 4919
0.730477 4918
0.730477 4917
0.730477 4916
0.730477 4915
0.730477 4914
0.730477 4913
0.730477 4912
0.730477 4911
0.730477 4910
0.730477 4909
0.730477 4908
0.730477 4907
0.730477 4906
0.730477 4905
0.730477 4904
0.730477 4903
0.730477 4902
0.730477 4901
0.730477 4900
0.730477 4899
0.730477 4898
0.730477 4897
0.730477 4896
0.730477 4895
0.730477 4894
0.730477 4893
0.730477 4892
0.730477 4891
0.730477 4890
0.730477 4889
0.730477 4888
0.730477 4887
0.730477 4886
0.730477 4885
0.730477 4884
0.730477 4883
0.730477 4882
0.730477 4881
0.730477 4880
0.730477 4879
0.730477 4878
0.730477 4877
0.730477 4876
0.730477 4875
0.730477 4874
0.730477 4873
0.730477 4872
0.730477 4871
0.730477 4870
0.730477 4869
0.730477 4868
0.730477 4867
0.730477 4866
0.730477 4865
0.730477 4864
0.730477 4863
0.730477 4862
0.730477 4861
0.730477 4860
0.730477 4859
0.730477 4858
0.730477 4857
0.730477 4856
0.730477 4855
0.730477 4854
0.730477 4853
0.730477 4852
0.730477 4851
0.730477 4850
0.730477 4849
0.730477 4848
0.730477 4847
0.730477 4846
0.730477 4845
0.730477 4844
0.730477 4843
0.730477 4842
0.730477 4841
0.730477 4840
0.730477 4839
0.730477 4838
0.730477 4837
0.730477 4836
0.730477 4835
0.730477 4834
0.730477 4833
0.730477 4832
0.730477 4831
0.730477 4830
0.730477 4829
0.730477 4828
0.730477 4827
0.730477 4826
0.730477 4825
0.730477 4824
0.730477 4823
0.730477 4822
0.730477 4821
0.730477 4820
0.730477 4819
0.730477 4818
0.730477 4817
0.730477 4816
0.730477 4815
0.730477 4814
0.730477 4813
0.730477 4812
0.730477 4811
0.730477 4810
0.730477 4809
0.730477 4808
0.730477 4807
0.730477 4806
0.730477 4805
0.730477 4804
0.730477 4803
0.730477 4802
0.730477 4801
0.730477 4800
0.730477 4799
0.730477 4798
0.730477 4797
0.730477 4796
0.730477 4795
0.730477 4794
0.730477 4793
0.730477 4792
0.730477 4791
0.730477 4790
0.730477 4789
0.730477 4788
0.730477 4787
0.730477 4786
0.730477 4785
0.730477 4784
0.730477 4783
0.730477 4782
0.730477 4781
0.730477 4780
0.730477 4779
0.730477 4778
0.730477 4777
0.730477 4776
0.730477 4775
0.730477 4774
0.730477 4773
0.730477 4772
0.730477 4771
0.730477 4770
0.730477 4769
0.730477 4768
0.730477 4767
0.730477 4766
0.730477 4765
0.730477 4764
0.730477 4763
0.730477 4762
0.730477 4761
0.730477 4760
0.730477 4759
0.730477 4758
0.730477 4757
0.730477 4756
0.730477 4755
0.730477 4754
0.730477 4753
0.730477 4752
0.730477 4751
0.730477 4750
0.730477 4749
0.730477 4748
0.730477 4747
0.730477 4746
0.730477 4745
0.730477 4744
0.730477 4743
0.730477 4742
0.730477 4741
0.730477 4739
0.730477 4738
0.730477 4737
0.730477 4736
0.730477 4735
0.730477 4734
0.730477 4733
0.730477 4732
0.730477 4731
0.730477 4730
0.730477 4729
0.730477 4728
0.730477 4727
0.730477 4726
0.730477 4725
0.730477 4724
0.730477 4723
0.730386 4722
0.730386 4721
0.730386 4720
0.730386 4719
0.730386 4718
0.730386 4717
0.730386 4716
0.730386 4715
0.730386 4714
0.730386 4713
0.730386 4712
0.730386 4711
0.730386 4710
0.730386 4709
0.730386 4708
0.730386 4707
0.730386 4706
0.730386 4705
0.730386 4704
0.730386 4703
0.730386 4702
0.730386 4701
0.730386 4700
0.730386 4699
0.730386 4698
0.730386 4697
0.730386 4696
0.730386 4695
0.730386 4694
0.730386 4693
0.730386 4692
0.730386 4691
0.730386 4690
0.730386 4689
0.730386 4688
0.730386 4687
0.730386 4686
0.730386 4685
0.730386 4684
0.730386 4683
0.730386 4682
0.730386 4681
0.730386 4680
0.730386 4679
0.730386 4678
0.730386 4677
0.730386 4676
0.730386 4675
0.730386 4674
0.730386 4673
0.730386 4672
0.730386 4671
0.730386 4670
0.730386 4669
0.730386 4668
0.730386 4667
0.730386 4666
0.730386 4665
0.730386 4664
0.730386 4663
0.730386 4662
0.730386 4661
0.730386 4660
0.730386 4659
0.730386 4658
0.730386 4657
0.730386 4656
0.730386 4655
0.730386 4654
0.730386 4653
0.730386 4652
0.730386 4651
0.730386 4650
0.730386 4649
0.730386 4648
0.730386 4647
0.730386 4646
0.730386 4645
0.730386 4644
0.730386 4643
0.730386 4642
0.730386 4641
0.730386 4640
0.730386 4639
0.730386 4638
0.730386 4637
0.730386 4636
0.730386 4635
0.730386 4634
0.730386 4633
0.730386 4632
0.730386 4631
0.730386 4630
0.730386 4629
0.730386 4628
0.730386 4627
0.730386 4626
0.730386 4625
0.730386 4624
0.730386 4623
0.730386 4622
0.730386 4621
0.730386 4620
0.730386 4619
0.730386 4618
0.730386 4617
0.730386 4616
0.730386 4615
0.730386 4614
0.730386 4613
0.730386 4612
0.730386 4611
0.730386 4610
0.730386 4609
0.730386 4608
0.730386 4607
0.730386 4606
0.730386 4605
0.730386 4604
0.730386 4603
0.730386 4602
0.730386 4601
0.730386 4600
0.730386 4599
0.730386 4598
0.730386 4597
0.730386 4596
0.730386 4595
0.730386 4594
0.730386 4593
0.730386 4592
0.730386 4591
0.730386 4590
0.730386 4589
0.730386 4588
0.730386 4587
0.730386 4586
0.730386 4585
0.730386 4584
0.730386 4583
0.730386 4582
0.730386 4581
0.730386 4580
0.730386 4579
0.730386 4578
0.730386 4577
0.730386 4576
0.730386 4575
0.730386 4574
0.730386 4573
0.730386 4572
0.730386 4571
0.730386 4570
0.730386 4569
0.730386 4568
0.730386 4567
0.730386 4566
0.730386 4565
0.730386 4564
0.730386 4563
0.730386 4562
0.730386 4561
0.730386 4559
0.730386 4558
0.730386 4557
0.730386 4556
0.730386 4555
0.730386 4554
0.730386 4553
0.730386 4552
0.730386 4551
0.730386 4550
0.730386 4549
0.730386 4548
0.730386 4547
0.730386 4546
0.730386 4545
0.730386 4544
0.730386 4543
0.730386 4542
0.730386 4541
0.730386 4540
0.730386 4539
0.730386 4538
0.730386 4537
0.730386 4536
0.730386 4535
0.730386 4534
0.730386 4533
0.730386 4532
0.730386 4531
0.730386 4530
0.730386 4529
0.730386 4528
0.730386 4527
0.730386 4526
0.730386 4525
0.730386 4524
0.730386 4523
0.730386 4522
0.730386 4521
0.730386 4520
0.730386 4519
0.730386 4518
0.730386 4517
0.730386 4516
0.730386 4515
0.730386 4514
0.730386 4513
0.730386 4512
0.730386 4511
0.730386 4510
0.730386 4509
0.730386 4508
0.730386 4507
0.730386 4506
0.730386 4505
0.730386 4504
0.730386 4503
0.730386 4502
0.730386 4501
0.730386 4500
0.730386 4499
0.730386 4498
0.730386 4497
0.730386 4496
0.730386 4495
0.730386 4494
0.730386 4493
0.730386 4492
0.730386 4491
0.730386 4490
0.730386 4489
0.730386 4488
0.730386 4487
0.730386 4486
0.730386 4485
0.730386 4484
0.730386 4483
0.730386 4482
0.730386 4481
0.730386 4480
0.730386 4479
0.730386 4478
0.730386 4477
0.730386 4476
0.730386 4475
0.730386 4474
0.730386 4473
0.730386 4472
0.730386 4471
0.730386 4470
0.730386 4469
0.730386 4468
0.730386 4467
0.730386 4466
0.730386 4465
0.730386 4464
0.730386 4463
0.730386 4462
0.730386 4461
0.730386 4460
0.730386 4459
0.730386 4458
0.730386 4457
0.730386 4456
0.730386 4455
0.730386 4454
0.730386 4453
0.730386 4452
0.730386 4451
0.730386 4450
0.730235 4450
0.730235 4449
0.730235 4448
0.730235 4447
0.730235 4446
0.730235 4445
0.730235 4444
0.730235 4443
0.730235 4442
0.730235 4441
0.730235 4440
0.730235 4439
0.730235 4438
0.730235 4437
0.730235 4436
0.730235 4435
0.730235 4434
0.730235 4433
0.730235 4432
0.730235 4431
0.730235 4430
0.730235 4429
0.730235 4428
0.730155 4427
0.730155 4426
0.730155 4425
0.730155 4424
0.730155 4423
0.730155 4422
0.730155 4421
0.730155 4420
0.730155 4419
0.730155 4418
0.730155 4417
0.730155 4416
0.730155 4415
0.730155 4414
0.730027 4414
0.730027 4413
0.730027 4412
0.730027 4411
0.730027 4410
0.730027 4409
0.730027 4408
0.730027 4407
0.730027 4406
0.730027 4405
0.730027 4404
0.730027 4403
0.730027 4402
0.730027 4401
0.730027 4400
0.730027 4399
0.730027 4398
0.730027 4397
0.730027 4396
0.730027 4395
0.729961 4394
0.729961 4393
0.729961 4392
0.729961 4391
0.729961 4390
0.729961 4389
0.729961 4388
0.729961 4387
0.729961 4386
0.729961 4385
0.729961 4384
0.729961 4383
0.729961 4382
0.729961 4381
0.729961 4380
0.729961 4379
0.729961 4378
0.729961 4377
0.729961 4376
0.729961 4375
0.729961 4374
0.729961 4373
0.729961 4372
0.729961 4371
0.729961 4370
0.729961 4369
0.729961 4368
0.729961 4367
0.729961 4366
0.729961 4365
0.729961 4364
0.729961 4363
0.729961 4362
0.729961 4361
0.729961 4360
0.729961 4359
0.729961 4358
0.729961 4357
0.729961 4356
0.729961 4355
0.729961 4354
0.729961 4353
0.729961 4352
0.729961 4351
0.729961 4350
0.729961 4349
0.729961 4348
0.729961 4347
0.729961 4346
0.729961 4345
0.729961 4344
0.729961 4343
0.729961 4342
0.729961 4341
0.729961 4340
0.729961 4339
0.729961 4338
0.729961 4337
0.729961 4336
0.729961 4335
0.729961 4334
0.729961 4333
0.729961 4332
0.729961 4331
0.729961 4330
0.729961 4329
0.729961 4328
0.729961 4327
0.729961 4326
0.729961 4325
0.729961 4323
0.729961 4322
0.729961 4321
0.729961 4320
0.729961 4319
0.729961 4318
0.729961 4317
0.729961 4316
0.729961 4315
0.729961 4314
0.729961 4313
0.729961 4312
0.729961 4311
0.729961 4310
0.729961 4309
0.729961 4308
0.729961 4307
0.729961 4306
0.729961 4305
0.729961 4304
0.729961 4303
0.729961 4302
0.729961 4300
0.729961 4299
0.729961 4298
0.729961 4297
0.729846 4297
0.729846 4296
0.729846 4295
0.729846 4294
0.729846 4293
0.729846 4292
0.729846 4291
0.729846 4290
0.729846 4289
0.729846 4288
0.729846 4287
0.729846 4286
0.729846 4285
0.729846 4284
0.729846 4283
0.729846 4282
0.729846 4281
0.729846 4280
0.729846 4279
0.729846 4278
0.729846 4277
0.729846 4276
0.729846 4275
0.729846 4274
0.729846 4273
0.729846 4272
0.729846 4271
0.729846 4270
0.729846 4269
0.729846 4268
0.729846 4267
0.729846 4266
0.729846 4265
0.729846 4264
0.729846 4263
0.729846 4262
0.729846 4261
0.729846 4260
0.729846 4259
0.729846 4258
0.729846 4257
0.729846 4256
0.729846 4255
0.729846 4254
0.729846 4253
0.729846 4252
0.729846 4251
0.729846 4250
0.729846 4249
0.729846 4248
0.729846 4247
0.729846 4246
0.729846 4245
0.729846 4244
0.729846 4243
0.729846 4242
0.729846 4241
0.729846 4240
0.729846 4239
0.729846 4238
0.729846 4237
0.729846 4236
0.729846 4235
0.729846 4234
0.729846 4233
0.729846 4232
0.729846 4231
0.729846 4230
0.729846 4229
0.729846 4228
0.729846 4227
0.729846 4226
0.729846 4225
0.729846 4224
0.729846 4223
0.729846 4222
0.729846 4221
0.729846 4220
0.729846 4219
0.729846 4218
0.729846 4217
0.729846 4216
0.729846 4215
0.729846 4214
0.729846 4213
0.729846 4212
0.729846 4211
0.729846 4210
0.729846 4209
0.729846 4208
0.729846 4207
0.729846 4206
0.729846 4205
0.729846 4204
0.729846 4203
0.729846 4202
0.729846 4201
0.729846 4200
0.729719 4200
0.729719 4199
0.729719 4198
0.729719 4197
0.729719 4196
0.729719 4195
0.729719 4194
0.729719 4193
0.729719 4192
0.729719 4191
0.729719 4190
0.729719 4189
0.729719 4188
0.729719 4187
0.729719 4186
0.729719 4185
0.729719 4184
0.729719 4183
0.729719 4182
0.729719 4181
0.729719 4180
0.729719 4179
0.729719 4178
0.729719 4177
0.729719 4176
0.729719 4175
0.729719 4174
0.729719 4173
0.729719 4172
0.729719 4171
0.729719 4170
0.729719 4169
0.729719 4168
0.729719 4167
0.729719 4166
0.729719 4165
0.729719 4164
0.729719 4163
0.729719 4162
0.729719 4161
0.729719 4160
0.729719 4159
0.729719 4158
0.729719 4157
0.729719 4156
0.729719 4155
0.729719 4154
0.729719 4153
0.729719 4152
0.729719 4151
0.729719 4150
0.729719 4149
0.729719 4148
0.729719 4147
0.729719 4145
0.729719 4144
0.729719 4143
0.729719 4142
0.729719 4141
0.729719 4140
0.729719 4139
0.729719 4138
0.729719 4137
0.729719 4136
0.729719 4135
0.729719 4134
0.729719 4133
0.729719 4132
0.729719 4131
0.729719 4130
0.729719 4129
0.729719 4128
0.729719 4127
0.729719 4126
0.729719 4125
0.729719 4124
0.729719 4123
0.729719 4122
0.729719 4121
0.729719 4120
0.729719 4119
0.729719 4118
0.729719 4117
0.729719 4116
0.729719 4115
0.729719 4114
0.729719 4113
0.729719 4112
0.729576 4112
0.729576 4111
0.729576 4110
0.729576 4109
0.729576 4108
0.729576 4107
0.729576 4106
0.729576 4105
0.729576 4104
0.729576 4103
0.729576 4102
0.729576 4101
0.729576 4100
0.729576 4099
0.729576 4098
0.729576 4097
0.729576 4096
0.729576 4095
0.729576 4094
0.729576 4093
0.729576 4092
0.729576 4091
0.729576 4090
0.729576 4089
0.729576 4088
0.729576 4087
0.729576 4086
0.729576 4085
0.729576 4084
0.729576 4083
0.729576 4082
0.729576 4081
0.729576 4080
0.729576 4079
0.729576 4078
0.729576 4077
0.729576 4076
0.729576 4075
0.729576 4074
0.729576 4073
0.729576 4072
0.729576 4071
0.729576 4070
0.729576 4069
0.729576 4068
0.729576 4067
0.729576 4066
0.729576 4065
0.729576 4064
0.729576 4063
0.729576 4062
0.729576 4061
0.729576 4060
0.729576 4059
0.729576 4058
0.729576 4057
0.729576 4056
0.729576 4055
0.729576 4054
0.729576 4053
0.729576 4052
0.729576 4051
0.729576 4050
0.729576 4049
0.729576 4048
0.729576 4047
0.729576 4046
0.729576 4045
0.729576 4044
0.729576 4043
0.729576 4042
0.729576 4041
0.729576 4040
0.729576 4039
0.729576 4038
0.729419 4038
0.729419 4037
0.729419 4036
0.729419 4035
0.729419 4034
0.729419 4033
0.729419 4032
0.729419 4031
0.729419 4030
0.729419 4029
0.729419 4028
0.729419 4027
0.729419 4026
0.729274 4026
0.729274 4025
0.729274 4024
0.729274 4023
0.729274 4022
0.729274 4021
0.729274 4020
0.729274 4019
0.729274 4018
0.729274 4017
0.729274 4016
0.729274 4015
0.729274 4014
0.72919 4013
0.72919 4012
0.72919 4011
0.72919 4010
0.72919 4009
0.72919 4008
0.72919 4007
0.72919 4006
0.72919 4005
0.72919 4004
0.72919 4003
0.72919 4002
0.72919 4001
0.72919 4000
0.72919 3999
0.72919 3998
0.72919 3997
0.72919 3996
0.729073 3996
0.729073 3995
0.729073 3994
0.729073 3993
0.729073 3992
0.729073 3991
0.729073 3990
0.729073 3989
0.729073 3988
0.729073 3987
0.729073 3986
0.729073 3985
0.729073 3984
0.729073 3982
0.729073 3981
0.729073 3980
0.729073 3979
0.729073 3978
0.729073 3977
0.729073 3976
0.729073 3975
0.729073 3974
0.729073 3973
0.729073 3972
0.729073 3971
0.729073 3970
0.729073 3969
0.729073 3968
0.729073 3967
0.729073 3966
0.729073 3965
0.729073 3964
0.729073 3963
0.729073 3962
0.729073 3961
0.729073 3960
0.72895 3960
0.72895 3959
0.72895 3958
0.72895 3957
0.72895 3956
0.72895 3955
0.72895 3954
0.72895 3953
0.72895 3951
0.72895 3950
0.72895 3949
0.72895 3948
0.72895 3947
0.72895 3946
0.72895 3945
0.72895 3944
0.72895 3943
0.72895 3942
0.72895 3941
0.72895 3940
0.72895 3939
0.72895 3938
0.72895 3937
0.72895 3936
0.72895 3935
0.72895 3934
0.72895 3933
0.72895 3932
0.72895 3931
0.72895 3930
0.72895 3929
0.72895 3928
0.72895 3927
0.72895 3926
0.72895 3925
0.72895 3924
0.72895 3923
0.72895 3922
0.72895 3921
0.72895 3920
0.72895 3919
0.72895 3918
0.72895 3917
0.72895 3916
0.72895 3915
0.72895 3914
0.72895 3913
0.72895 3912
0.72895 3911
0.72895 3910
0.72895 3909
0.72895 3908
0.72895 3907
0.72895 3906
0.72895 3905
0.72895 3904
0.72895 3903
0.72895 3902
0.72895 3901
0.72895 3900
0.72895 3899
0.72895 3898
0.72895 3897
0.72895 3896
0.72895 3895
0.72895 3894
0.72895 3893
0.72895 3892
0.72895 3891
0.72895 3890
0.72895 3889
0.728923 3888
0.728923 3887
0.728923 3886
0.728923 3885
0.728923 3884
0.728923 3883
0.728923 3882
0.728923 3881
0.728923 3880
0.728923 3879
0.728923 3878
0.728923 3877
0.728923 3876
0.728923 3875
0.728923 3874
0.728789 3874
0.728789 3873
0.728789 3872
0.728789 3871
0.728789 3870
0.728789 3869
0.728789 3868
0.728789 3867
0.728789 3866
0.728789 3865
0.728789 3864
0.728789 3863
0.728789 3862
0.728789 3861
0.728789 3860
0.728789 3859
0.728789 3858
0.728789 3857
0.728789 3856
0.728789 3855
0.728789 3854
0.728789 3853
0.728789 3852
0.728789 3851
0.728789 3850
0.728789 3849
0.728789 3848
0.728789 3847
0.728789 3846
0.728789 3845
0.728789 3844
0.728789 3843
0.728789 3842
0.728789 3841
0.728654 3841
0.728654 3840
0.728654 3839
0.728654 3838
0.728654 3837
0.728654 3836
0.728654 3835
0.728496 3835
0.728496 3834
0.728496 3833
0.728496 3832
0.728496 3831
0.728496 3830
0.728496 3829
0.728496 3828
0.728496 3827
0.728496 3826
0.728496 3825
0.728496 3824
0.728496 3823
0.728496 3822
0.728496 3821
0.728496 3820
0.728496 3819
0.728496 3818
0.728496 3817
0.728496 3816
0.728496 3815
0.728496 3814
0.728496 3813
0.728496 3812
0.728496 3811
0.728496 3810
0.728496 3809
0.728496 3808
0.728496 3807
0.728496 3806
0.728496 3805
0.728496 3804
0.728496 3803
0.728496 3802
0.728496 3801
0.728496 3800
0.728496 3799
0.728496 3798
0.728496 3797
0.728496 3796
0.728496 3795
0.728496 3794
0.728496 3793
0.728496 3792
0.728496 3791
0.728496 3790
0.728496 3789
0.728496 3788
0.728496 3787
0.728496 3786
0.728496 3785
0.728496 3784
0.728496 3783
0.728496 3782
0.728496 3781
0.728496 3780
0.728496 3779
0.728496 3778
0.728496 3777
0.728496 3776
0.728496 3774
0.728496 3773
0.728496 3772
0.728496 3771
0.728496 3770
0.728496 3769
0.728496 3768
0.728496 3767
0.728496 3766
0.728496 3765
0.728496 3764
0.728496 3763
0.728496 3762
0.728496 3761
0.728496 3760
0.728496 3759
0.728496 3758
0.728496 3757
0.728496 3756
0.728496 3755
0.728496 3754
0.728496 3753
0.728496 3752
0.728496 3751
0.728496 3750
0.728496 3749
0.728496 3748
0.728496 3747
0.728496 3746
0.728496 3745
0.728496 3744
0.728496 3743
0.728496 3742
0.728496 3741
0.728496 3740
0.728496 3739
0.728496 3738
0.728496 3737
0.728496 3736
0.728496 3735
0.728496 3734
0.728496 3733
0.728496 3732
0.728496 3731
0.728496 3730
0.728496 3729
0.728496 3728
0.728496 3727
0.728496 3726
0.728496 3725
0.728496 3724
0.728496 3723
0.728496 3722
0.728496 3721
0.728496 3720
0.728496 3719
0.728496 3718
0.728496 3717
0.728496 3716
0.728496 3714
0.728496 3713
0.728496 3712
0.728496 3711
0.728496 3710
0.728496 3709
0.728496 3708
0.728496 3707
0.728496 3706
0.728496 3705
0.728496 3704
0.728496 3703
0.728496 3702
0.728496 3701
0.728496 3700
0.728496 3699
0.728496 3698
0.728496 3697
0.728496 3696
0.728496 3695
0.728496 3694
0.728496 3693
0.728496 3692
0.728496 3691
0.728496 3690
0.728496 3689
0.728496 3688
0.728496 3687
0.728496 3686
0.728496 3685
0.728496 3684
0.728496 3683
0.728496 3682
0.728496 3681
0.728496 3680
0.728496 3679
0.728496 3678
0.728496 3677
0.728496 3676
0.728496 3675
0.728496 3674
0.728496 3673
0.728496 3672
0.728496 3671
0.728496 3670
0.728496 3669
0.728496 3668
0.728496 3667
0.728496 3666
0.728496 3665
0.728496 3664
0.728496 3663
0.728496 3662
0.728496 3661
0.728496 3660
0.728496 3659
0.728496 3658
0.728496 3657
0.728496 3656
0.728496 3655
0.728496 3654
0.728496 3653
0.728496 3652
0.728496 3651
0.728496 3650
0.728496 3649
0.728496 3648
0.728496 3647
0.728496 3646
0.728496 3645
0.728496 3644
0.728496 3643
0.728496 3642
0.728496 3641
0.728496 3640
0.728496 3639
0.728496 3638
0.728496 3637
0.728496 3636
0.728496 3635
0.728496 3634
0.728496 3633
0.728496 3632
0.728496 3631
0.728496 3630
0.728496 3629
0.728394 3629
0.728394 3628
0.728394 3627
0.728394 3625
0.728394 3624
0.728394 3623
0.728394 3622
0.728394 3621
0.728394 3620
0.728394 3619
0.728394 3618
0.728394 3617
0.728394 3616
0.728394 3615
0.728394 3614
0.728394 3613
0.728394 3612
0.728394 3611
0.728394 3610
0.728394 3609
0.728394 3608
0.728394 3607
0.728394 3606
0.728394 3605
0.728394 3604
0.728394 3603
0.728394 3602
0.728394 3601
0.728394 3600
0.728394 3599
0.728394 3598
0.728394 3597
0.728394 3596
0.728394 3595
0.728394 3593
0.728394 3592
0.728394 3591
0.728394 3590
0.728394 3589
0.728394 3588
0.728394 3587
0.728394 3586
0.728394 3585
0.728394 3584
0.728394 3583
0.728394 3582
0.728394 3581
0.728394 3580
0.728394 3579
0.728394 3578
0.728394 3577
0.728394 3576
0.728394 3575
0.728394 3574
0.728394 3573
0.728394 3572
0.728394 3571
0.728394 3570
0.728394 3569
0.728394 3568
0.728394 3567
0.728394 3566
0.728394 3565
0.728394 3564
0.728394 3563
0.728394 3562
0.728394 3561
0.728394 3560
0.728394 3559
0.728394 3558
0.728394 3557
0.728283 3557
0.728283 3556
0.728283 3555
0.728283 3554
0.728283 3553
0.728283 3552
0.728283 3551
0.728283 3550
0.728283 3549
0.728283 3548
0.728283 3547
0.728283 3546
0.728283 3545
0.728283 3544
0.728283 3543
0.728283 3542
0.728283 3541
0.728283 3540
0.728283 3539
0.728191 3538
0.728191 3537
0.728191 3536
0.728191 3535
0.728191 3534
0.728191 3533
0.728191 3532
0.728191 3531
0.728191 3530
0.728191 3529
0.728191 3528
0.728191 3527
0.728191 3526
0.728191 3525
0.728191 3524
0.728191 3523
0.728191 3522
0.728191 3520
0.728191 3519
0.728191 3518
0.728191 3517
0.728191 3516
0.728191 3515
0.728191 3514
0.728191 3513
0.728191 3512
0.728191 3511
0.728191 3510
0.728191 3509
0.728191 3508
0.728191 3507
0.728191 3506
0.728191 3505
0.728191 3504
0.728191 3503
0.728191 3502
0.728191 3501
0.728191 3500
0.728191 3499
0.728191 3498
0.728191 3497
0.728191 3496
0.728191 3495
0.728191 3494
0.728191 3493
0.728191 3492
0.728191 3491
0.728191 3490
0.728191 3489
0.728191 3488
0.728191 3487
0.728191 3486
0.728191 3485
0.728191 3484
0.728191 3483
0.728191 3482
0.728191 3481
0.728191 3480
0.728191 3479
0.728191 3478
0.728191 3477
0.728191 3476
0.728191 3475
0.728191 3474
0.728191 3473
0.728191 3472
0.728191 3471
0.728191 3470
0.728191 3469
0.728191 3468
0.728191 3467
0.728191 3466
0.728097 3465
0.728097 3464
0.728097 3463
0.728097 3462
0.728097 3461
0.728097 3460
0.728097 3459
0.728097 3458
0.728097 3457
0.728097 3456
0.728097 3455
0.728097 3454
0.728097 3453
0.728097 3452
0.728097 3451
0.728097 3450
0.728097 3449
0.728097 3448
0.728097 3447
0.728097 3446
0.728097 3445
0.728097 3444
0.728097 3443
0.728097 3441
0.728097 3440
0.728097 3439
0.728097 3438
0.728097 3437
0.728097 3436
0.728097 3435
0.728097 3434
0.727998 3434
0.727998 3433
0.727998 3432
0.727973 3431
0.727973 3430
0.727973 3429
0.727973 3428
0.727973 3427
0.727973 3426
0.727973 3425
0.727973 3424
0.727973 3423
0.727973 3422
0.727973 3421
0.727973 3420
0.727973 3419
0.727973 3418
0.727973 3417
0.727973 3416
0.727973 3415
0.727973 3414
0.727973 3413
0.727973 3412
0.727973 3411
0.727973 3410
0.727973 3409
0.727973 3408
0.727973 3407
0.727973 3406
0.727973 3405
0.727973 3404
0.727973 3403
0.727973 3402
0.727973 3401
0.727973 3400
0.727973 3399
0.727973 3398
0.727973 3397
0.727973 3396
0.727973 3395
0.727973 3394
0.727973 3393
0.727973 3392
0.727973 3391
0.727973 3390
0.727973 3389
0.727973 3388
0.727973 3387
0.727973 3386
0.727973 3385
0.727973 3384
0.727973 3383
0.727973 3382
0.727973 3381
0.727973 3380
0.727973 3379
0.727973 3378
0.727973 3377
0.727973 3376
0.727973 3375
0.727973 3374
0.727973 3373
0.727973 3372
0.727908 3371
0.727908 3370
0.727908 3369
0.727908 3368
0.727908 3367
0.727908 3366
0.727908 3365
0.727908 3364
0.727908 3363
0.727908 3362
0.727908 3361
0.727908 3360
0.727908 3358
0.727908 3357
0.727908 3356
0.727908 3355
0.727908 3354
0.727908 3353
0.727908 3352
0.727908 3351
0.727908 3350
0.727908 3349
0.727908 3348
0.727908 3347
0.727908 3346
0.727908 3345
0.727908 3344
0.727908 3343
0.727908 3342
0.727908 3341
0.727908 3340
0.727908 3339
0.727908 3338
0.727908 3337
0.727908 3336
0.727908 3335
0.727908 3334
0.727908 3333
0.727908 3332
0.727908 3331
0.727908 3330
0.727908 3329
0.727908 3328
0.727908 3327
0.727908 3326
0.727908 3325
0.727908 3324
0.727908 3323
0.727908 3322
0.727908 3321
0.727908 3320
0.727908 3319
0.727908 3318
0.727908 3317
0.727908 3316
0.727908 3315
0.727908 3314
0.727908 3313
0.727908 3312
0.727908 3311
0.727908 3310
0.727908 3309
0.727908 3308
0.727908 3307
0.727908 3306
0.727773 3306
0.727773 3305
0.727773 3304
0.727773 3303
0.727773 3302
0.727773 3301
0.727773 3300
0.727773 3299
0.727773 3298
0.727773 3297
0.727773 3296
0.727773 3295
0.727773 3294
0.727773 3293
0.727696 3292
0.727696 3291
0.727696 3290
0.727696 3289
0.727696 3288
0.727696 3287
0.727696 3286
0.727696 3285
0.727696 3284
0.727696 3283
0.727696 3282
0.727696 3281
0.727696 3280
0.727696 3279
0.727696 3278
0.727696 3277
0.727696 3276
0.727696 3275
0.727696 3274
0.727696 3273
0.727696 3272
0.727696 3271
0.727696 3270
0.727696 3269
0.727696 3268
0.727696 3267
0.727696 3266
0.727696 3265
0.727696 3264
0.727696 3263
0.727696 3262
0.727696 3261
0.727696 3260
0.727696 3259
0.727696 3258
0.727696 3257
0.727696 3256
0.727696 3255
0.727696 3254
0.727696 3253
0.727696 3252
0.727696 3251
0.727696 3250
0.727696 3249
0.727696 3248
0.727696 3247
0.727696 3246
0.727696 3245
0.727696 3244
0.727696 3243
0.727696 3242
0.727696 3241
0.727696 3240
0.727696 3239
0.727696 3238
0.727696 3237
0.727696 3236
0.727696 3235
0.727696 3234
0.727696 3233
0.727696 3232
0.727696 3231
0.727696 3230
0.727696 3229
0.727696 3228
0.727696 3227
0.727696 3226
0.727696 3225
0.727696 3224
0.727696 3223
0.727696 3222
0.727696 3221
0.727696 3220
0.727696 3219
0.727696 3218
0.727696 3217
0.727696 3216
0.727696 3215
0.727696 3214
0.727696 3213
0.727696 3212
0.727696 3211
0.727696 3210
0.727696 3209
0.727696 3208
0.727696 3207
0.727696 3206
0.727696 3205
0.727696 3204
0.727696 3203
0.727696 3202
0.727696 3201
0.727696 3200
0.727696 3199
0.727696 3198
0.727696 3197
0.727696 3196
0.727696 3195
0.727696 3194
0.727696 3193
0.727696 3192
0.727696 3191
0.727696 3190
0.727696 3189
0.727696 3188
0.727696 3187
0.727696 3186
0.727696 3185
0.727696 3184
0.727696 3183
0.727696 3182
0.727696 3181
0.727696 3180
0.727696 3179
0.727696 3178
0.727696 3177
0.727696 3176
0.727696 3175
0.727696 3174
0.727696 3173
0.727696 3172
0.727696 3171
0.727696 3170
0.727696 3169
0.727696 3168
0.727696 3167
0.727696 3165
0.727696 3164
0.727696 3163
0.727696 3162
0.727696 3161
0.727696 3160
0.727696 3159
0.727696 3158
0.727696 3157
0.727696 3156
0.727696 3155
0.727696 3154
0.727696 3153
0.727696 3152
0.727696 3151
0.727696 3150
0.727696 3149
0.727696 3148
0.727696 3147
0.727696 3146
0.727696 3144
0.727696 3143
0.727696 3142
0.727578 3142
0.727578 3141
0.727578 3140
0.727578 3139
0.727578 3138
0.727578 3137
0.727578 3136
0.727578 3135
0.727578 3134
0.727578 3133
0.727578 3132
0.727578 3131
0.727578 3130
0.727578 3129
0.727578 3128
0.727578 3127
0.727578 3126
0.727578 3125
0.727578 3124
0.727578 3123
0.727578 3122
0.727578 3121
0.727578 3120
0.727578 3119
0.727578 3118
0.727578 3117
0.727578 3116
0.727578 3115
0.727578 3114
0.727578 3113
0.727578 3112
0.727578 3111
0.727578 3110
0.727578 3109
0.727578 3108
0.727578 3107
0.727578 3106
0.727578 3105
0.727578 3104
0.727578 3103
0.727578 3102
0.727578 3101
0.727578 3100
0.727578 3099
0.727578 3098
0.727578 3097
0.727578 3096
0.727578 3095
0.727578 3094
0.727578 3093
0.727578 3092
0.727578 3091
0.727578 3090
0.72757 3089
0.72757 3088
0.72757 3087
0.72757 3086
0.72757 3085
0.72757 3084
0.72757 3083
0.72757 3082
0.72757 3081
0.72744 3081
0.72744 3080
0.72744 3079
0.72744 3078
0.72744 3077
0.72744 3076
0.72744 3075
0.72744 3074
0.72744 3073
0.72744 3072
0.72744 3071
0.72744 3070
0.72744 3069
0.72744 3068
0.72744 3067
0.72744 3066
0.72744 3065
0.72744 3064
0.72744 3063
0.72744 3062
0.72744 3061
0.72744 3060
0.72744 3059
0.72744 3058
0.72744 3057
0.72744 3056
0.72744 3055
0.72744 3054
0.72744 3053
0.72744 3052
0.72744 3051
0.72744 3050
0.72744 3049
0.7273 3049
0.7273 3048
0.7273 3047
0.7273 3046
0.7273 3045
0.7273 3044
0.7273 3043
0.7273 3042
0.7273 3041
0.7273 3040
0.7273 3039
0.7273 3038
0.7273 3037
0.7273 3036
0.7273 3035
0.7273 3034
0.7273 3033
0.7273 3032
0.7273 3031
0.7273 3030
0.7273 3029
0.7273 3028
0.7273 3027
0.7273 3026
0.7273 3025
0.7273 3024
0.7273 3023
0.7273 3022
0.7273 3021
0.7273 3020
0.7273 3019
0.727154 3019
0.727154 3018
0.727154 3017
0.727154 3016
0.727154 3015
0.727154 3014
0.727154 3013
0.727154 3012
0.727154 3011
0.727154 3010
0.727154 3009
0.727154 3008
0.727103 3007
0.727103 3006
0.727103 3005
0.727103 3004
0.727103 3003
0.727103 3002
0.727103 3001
0.727103 3000
0.727103 2999
0.727103 2998
0.727103 2997
0.727103 2996
0.727103 2995
0.727103 2994
0.727103 2993
0.727103 2992
0.727103 2991
0.727103 2990
0.727103 2989
0.727103 2988
0.727103 2987
0.727103 2986
0.727103 2985
0.727103 2984
0.727103 2983
0.727103 2982
0.727103 2981
0.727103 2980
0.727103 2979
0.727103 2978
0.727103 2977
0.727103 2976
0.727103 2975
0.727103 2974
0.727103 2973
0.727103 2972
0.727103 2971
0.727103 2970
0.727103 2969
0.727103 2968
0.727103 2967
0.727103 2966
0.727103 2965
0.727103 2964
0.727103 2963
0.727103 2962
0.727103 2961
0.727103 2960
0.727103 2959
0.727103 2958
0.727103 2957
0.727103 2956
0.727103 2955
0.727103 2954
0.727103 2953
0.727103 2952
0.727103 2951
0.727103 2950
0.727103 2949
0.727103 2948
0.727103 2947
0.727103 2946
0.727103 2945
0.727103 2944
0.727103 2943
0.727103 2942
0.727103 2941
0.727103 2940
0.727103 2939
0.727103 2938
0.727103 2937
0.727103 2936
0.727103 2935
0.727103 2934
0.727103 2933
0.727103 2932
0.727103 2931
0.727103 2930
0.727103 2929
0.727103 2928
0.727103 2927
0.727103 2926
0.727103 2925
0.727103 2924
0.727103 2923
0.727103 2922
0.727103 2921
0.727103 2920
0.727103 2919
0.727103 2918
0.727103 2917
0.727103 2916
0.727103 2915
0.727103 2914
0.727103 2913
0.727103 2912
0.727103 2911
0.726983 2911
0.726983 2910
0.726983 2909
0.726983 2908
0.726983 2907
0.726908 2906
0.726908 2905
0.726908 2904
0.726908 2903
0.726908 2902
0.726908 2901
0.726908 2899
0.726908 2898
0.726798 2898
0.726798 2897
0.726798 2896
0.726798 2895
0.726798 2894
0.726798 2893
0.726798 2892
0.726645 2892
0.726645 2891
0.726645 2890
0.726645 2889
0.726645 2888
0.726645 2887
0.726645 2886
0.726645 2885
0.726645 2884
0.726645 2883
0.726586 2882
0.726586 2881
0.726586 2880
0.726586 2879
0.726586 2878
0.726586 2877
0.726586 2876
0.726586 2875
0.726586 2874
0.726586 2873
0.726586 2872
0.726586 2871
0.726586 2870
0.726436 2870
0.726436 2869
0.726436 2868
0.726436 2867
0.726436 2866
0.726436 2865
0.726436 2864
0.726436 2862
0.726436 2861
0.726436 2860
0.726436 2859
0.726436 2858
0.726436 2857
0.726436 2856
0.726436 2855
0.726436 2854
0.726436 2853
0.726436 2852
0.726436 2851
0.726436 2850
0.726436 2849
0.726436 2848
0.726436 2847
0.726436 2846
0.726436 2845
0.726436 2844
0.726436 2843
0.726436 2842
0.726436 2841
0.726436 2840
0.726436 2839
0.726436 2838
0.726436 2837
0.726436 2836
0.726436 2835
0.726295 2835
0.726295 2834
0.726295 2833
0.726295 2832
0.726295 2831
0.726295 2830
0.726295 2829
0.726295 2828
0.726295 2827
0.726295 2826
0.726295 2825
0.726295 2824
0.726295 2823
0.726295 2822
0.726295 2821
0.726295 2820
0.726295 2819
0.726295 2818
0.726295 2817
0.726295 2816
0.726295 2815
0.726295 2814
0.726295 2813
0.726295 2812
0.726295 2811
0.726295 2810
0.726295 2809
0.726295 2808
0.726295 2807
0.726295 2806
0.726295 2805
0.726295 2804
0.726295 2803
0.726295 2802
0.726295 2801
0.726295 2800
0.726295 2799
0.726295 2798
0.726295 2797
0.726295 2796
0.726295 2795
0.726295 2794
0.726295 2793
0.726295 2792
0.726295 2791
0.726295 2790
0.726295 2789
0.726295 2788
0.726295 2787
0.726295 2786
0.726295 2785
0.726295 2784
0.726295 2783
0.726295 2782
0.726295 2780
0.726295 2779
0.726295 2778
0.726295 2777
0.726295 2776
0.726295 2775
0.726295 2774
0.726295 2773
0.726295 2772
0.726295 2771
0.726295 2770
0.726295 2769
0.726295 2768
0.726295 2767
0.726295 2766
0.726295 2765
0.726295 2764
0.726295 2763
0.726143 2763
0.726143 2762
0.726143 2761
0.726143 2760
0.726143 2759
0.726143 2758
0.726143 2757
0.726143 2756
0.726143 2755
0.726143 2754
0.726143 2753
0.726143 2752
0.726143 2751
0.726143 2750
0.726143 2749
0.726143 2748
0.726143 2747
0.726143 2746
0.726143 2745
0.726143 2744
0.726143 2743
0.726143 2742
0.726143 2741
0.726143 2740
0.726143 2739
0.726143 2738
0.726143 2737
0.726143 2736
0.726143 2735
0.726143 2734
0.726143 2733
0.726068 2732
0.726068 2731
0.726068 2730
0.726068 2729
0.726068 2728
0.726068 2727
0.726068 2726
0.726068 2725
0.726068 2724
0.725928 2724
0.725928 2723
0.725928 2722
0.725928 2721
0.725928 2720
0.725928 2719
0.725928 2718
0.725928 2717
0.725821 2717
0.725821 2716
0.725821 2715
0.725821 2714
0.725821 2713
0.725821 2712
0.725821 2711
0.725821 2710
0.725821 2709
0.725821 2708
0.725821 2707
0.725821 2706
0.725821 2705
0.725821 2704
0.725821 2703
0.725821 2702
0.725691 2702
0.725691 2701
0.725691 2700
0.725691 2699
0.725691 2698
0.725691 2697
0.725654 2696
0.725654 2695
0.725654 2694
0.725654 2693
0.725654 2692
0.725622 2691
0.725622 2690
0.725622 2689
0.725622 2688
0.725622 2687
0.725622 2686
0.725622 2685
0.725622 2683
0.725622 2682
0.725622 2681
0.725622 2680
0.725622 2679
0.725622 2678
0.725622 2677
0.725622 2676
0.725622 2675
0.725622 2674
0.725622 2673
0.725622 2672
0.725622 2671
0.725622 2670
0.725622 2669
0.725622 2668
0.725622 2667
0.725622 2666
0.725622 2665
0.725622 2664
0.725622 2663
0.725622 2662
0.725622 2661
0.725622 2660
0.725622 2659
0.725622 2658
0.725622 2657
0.725622 2656
0.725622 2655
0.725622 2654
0.725622 2653
0.725622 2652
0.725622 2651
0.725622 2650
0.725622 2649
0.725622 2648
0.725622 2647
0.725622 2646
0.725622 2645
0.725622 2644
0.725622 2642
0.725622 2641
0.725622 2640
0.725622 2639
0.725622 2638
0.725622 2637
0.725622 2636
0.725622 2635
0.725622 2634
0.725622 2633
0.725622 2632
0.725622 2631
0.725622 2630
0.725622 2629
0.725622 2628
0.725622 2627
0.725622 2626
0.725622 2625
0.725622 2623
0.725622 2622
0.725622 2621
0.725622 2620
0.725622 2619
0.725622 2618
0.725622 2617
0.725622 2616
0.725622 2615
0.725622 2614
0.725622 2613
0.725622 2612
0.725622 2611
0.725622 2610
0.725622 2609
0.725622 2608
0.725622 2607
0.725622 2606
0.725622 2605
0.725622 2604
0.725622 2603
0.725622 2602
0.725622 2601
0.725622 2600
0.725622 2599
0.725622 2598
0.725622 2597
0.7255 2597
0.7255 2596
0.7255 2595
0.7255 2594
0.7255 2593
0.7255 2592
0.7255 2591
0.7255 2590
0.725375 2590
0.725375 2589
0.725233 2589
0.725233 2588
0.725233 2587
0.725233 2586
0.725233 2585
0.725233 2584
0.725233 2583
0.725233 2582
0.725233 2581
0.725233 2580
0.725233 2579
0.725233 2578
0.725233 2577
0.725233 2576
0.725233 2575
0.725233 2574
0.725233 2573
0.725233 2572
0.725233 2571
0.725233 2570
0.725233 2569
0.725233 2568
0.725233 2567
0.725233 2566
0.725233 2565
0.725233 2564
0.725233 2563
0.725233 2562
0.725233 2561
0.725233 2560
0.725233 2559
0.725233 2558
0.725166 2557
0.725166 2556
0.725166 2555
0.725166 2554
0.725166 2553
0.725166 2552
0.725024 2552
0.725024 2551
0.725024 2550
0.725024 2549
0.725024 2548
0.725024 2547
0.725024 2546
0.725024 2545
0.725024 2544
0.725024 2543
0.725024 2542
0.725024 2541
0.725024 2540
0.725024 2539
0.725024 2538
0.725024 2537
0.725024 2536
0.725024 2535
0.725024 2534
0.725024 2533
0.725024 2532
0.725024 2531
0.725024 2530
0.724901 2530
0.724901 2529
0.724901 2528
0.724901 2527
0.724901 2526
0.724901 2525
0.724901 2524
0.724901 2523
0.724901 2522
0.724901 2521
0.724901 2520
0.724901 2519
0.724756 2519
0.724756 2518
0.724756 2517
0.724756 2516
0.724756 2515
0.724756 2514
0.724756 2513
0.724756 2512
0.724756 2511
0.724756 2510
0.724756 2509
0.724756 2508
0.724756 2507
0.724756 2506
0.724756 2505
0.724756 2504
0.724756 2503
0.724756 2502
0.724756 2501
0.724756 2500
0.724756 2499
0.724756 2498
0.724756 2497
0.724756 2496
0.724756 2495
0.724756 2494
0.724756 2493
0.724676 2492
0.724676 2491
0.724676 2490
0.724676 2489
0.724676 2488
0.724676 2487
0.724676 2486
0.724676 2485
0.724676 2484
0.724676 2483
0.724676 2482
0.724676 2481
0.724663 2480
0.724663 2479
0.724663 2478
0.724663 2477
0.724663 2476
0.724663 2475
0.724663 2474
0.724663 2473
0.724663 2472
0.724663 2471
0.724663 2470
0.724663 2469
0.724663 2468
0.724663 2467
0.724663 2466
0.724663 2465
0.724663 2464
0.724663 2463
0.724663 2462
0.724663 2461
0.724663 2460
0.724663 2459
0.724663 2458
0.724663 2457
0.724663 2456
0.724663 2455
0.724663 2454
0.724663 2453
0.724663 2452
0.724663 2451
0.724663 2450
0.724589 2449
0.724589 2448
0.724589 2447
0.724589 2446
0.724589 2445
0.724589 2444
0.724589 2443
0.724589 2442
0.724589 2441
0.724589 2440
0.724589 2439
0.724589 2438
0.724589 2437
0.724589 2436
0.724589 2435
0.724533 2434
0.7244 2434
0.7244 2433
0.7244 2432
0.7244 2431
0.7244 2430
0.7244 2429
0.7244 2428
0.7244 2427
0.7244 2426
0.7244 2425
0.7244 2424
0.7244 2423
0.7244 2422
0.7244 2421
0.724263 2421
0.724263 2420
0.724263 2419
0.724263 2418
0.724263 2417
0.724263 2416
0.724263 2415
0.724263 2414
0.724263 2413
0.724263 2412
0.724263 2411
0.724263 2410
0.724263 2409
0.724263 2408
0.724263 2407
0.724263 2406
0.724263 2405
0.724113 2405
0.724113 2404
0.724113 2403
0.724113 2402
0.724113 2401
0.724113 2400
0.724113 2399
0.724113 2398
0.724113 2397
0.724113 2396
0.724113 2395
0.724113 2394
0.724113 2393
0.724113 2392
0.724113 2391
0.724113 2390
0.724113 2389
0.724113 2388
0.724113 2387
0.724017 2386
0.724017 2385
0.724017 2384
0.724017 2383
0.724017 2382
0.724017 2381
0.724017 2380
0.724017 2379
0.724017 2378
0.724017 2377
0.724017 2376
0.724017 2375
0.723944 2374
0.723944 2373
0.723944 2372
0.723944 2371
0.723944 2370
0.723944 2369
0.723944 2368
0.723944 2367
0.723944 2366
0.723944 2365
0.723944 2364
0.723944 2363
0.723944 2362
0.723944 2361
0.723944 2360
0.723944 2359
0.723944 2358
0.723944 2357
0.723944 2356
0.723944 2355
0.723944 2354
0.723944 2353
0.723944 2352
0.723944 2351
0.723944 2350
0.723944 2349
0.723944 2348
0.723944 2347
0.723944 2346
0.723944 2345
0.723944 2344
0.723944 2343
0.723944 2342
0.723944 2341
0.723944 2340
0.723832 2340
0.723832 2339
0.723832 2338
0.723832 2337
0.723832 2336
0.723832 2335
0.723832 2334
0.723832 2333
0.723832 2332
0.723832 2331
0.723832 2330
0.723832 2329
0.723832 2328
0.723832 2327
0.723832 2326
0.723832 2325
0.723832 2324
0.723832 2323
0.723832 2322
0.723832 2321
0.723832 2320
0.723832 2319
0.723832 2318
0.723832 2317
0.723832 2316
0.723832 2315
0.723832 2314
0.723729 2314
0.723729 2313
0.723729 2312
0.723729 2311
0.723729 2310
0.723729 2309
0.723729 2308
0.723729 2307
0.723729 2306
0.723729 2305
0.723729 2304
0.723729 2303
0.723729 2302
0.723729 2300
0.723729 2299
0.723729 2298
0.723729 2297
0.723729 2296
0.723729 2295
0.723729 2294
0.723729 2293
0.723729 2292
0.723729 2291
0.723729 2290
0.723729 2289
0.723729 2288
0.723729 2287
0.723729 2286
0.723729 2285
0.723729 2284
0.723729 2283
0.723729 2282
0.723729 2281
0.723729 2280
0.723729 2279
0.723729 2278
0.723729 2277
0.723729 2276
0.723729 2275
0.723729 2274
0.723729 2273
0.723729 2272
0.723729 2271
0.723729 2270
0.723729 2269
0.723729 2268
0.723729 2267
0.723729 2266
0.723729 2265
0.723729 2264
0.723729 2263
0.723729 2262
0.723729 2261
0.723729 2260
0.723729 2259
0.723729 2258
0.723729 2257
0.723729 2256
0.723729 2255
0.723729 2254
0.723729 2253
0.723729 2252
0.723729 2251
0.723729 2250
0.723729 2249
0.723729 2248
0.723729 2247
0.723729 2246
0.723729 2245
0.723729 2244
0.723729 2243
0.723729 2242
0.723729 2241
0.723729 2240
0.723729 2239
0.723729 2238
0.72367 2237
0.72367 2236
0.72367 2235
0.72367 2234
0.72367 2233
0.72367 2232
0.72367 2231
0.72367 2230
0.72367 2229
0.72367 2228
0.72367 2227
0.72367 2226
0.72367 2225
0.72367 2224
0.72367 2223
0.72367 2222
0.72367 2221
0.72367 2220
0.72367 2219
0.72367 2218
0.72367 2217
0.72367 2216
0.72367 2215
0.72367 2214
0.72367 2213
0.72367 2212
0.72367 2211
0.72367 2210
0.72367 2209
0.72367 2208
0.72367 2207
0.72367 2206
0.72367 2205
0.72367 2204
0.72367 2203
0.72367 2202
0.72367 2201
0.72367 2200
0.72367 2199
0.72367 2198
0.72367 2197
0.72367 2196
0.72367 2195
0.72367 2194
0.72367 2193
0.72367 2192
0.72367 2191
0.72367 2190
0.72367 2189
0.72367 2188
0.72367 2187
0.72367 2186
0.72367 2185
0.72367 2184
0.72367 2183
0.72367 2182
0.72367 2181
0.72367 2180
0.72367 2179
0.72367 2178
0.72367 2177
0.72367 2176
0.723513 2176
0.723513 2175
0.723513 2174
0.723513 2173
0.723513 2172
0.723513 2171
0.723513 2170
0.723513 2169
0.723425 2168
0.723425 2167
0.723425 2166
0.72331 2166
0.72331 2165
0.72331 2164
0.72331 2163
0.72331 2162
0.72331 2161
0.72331 2160
0.72331 2159
0.72331 2158
0.72331 2157
0.72331 2156
0.723241 2155
0.723241 2153
0.723241 2152
0.723241 2151
0.723241 2150
0.723241 2149
0.723241 2148
0.723241 2147
0.723241 2146
0.723241 2145
0.723241 2144
0.723241 2143
0.723241 2142
0.723241 2141
0.723241 2140
0.723241 2139
0.723241 2138
0.723241 2137
0.723241 2136
0.723241 2135
0.723133 2135
0.723133 2134
0.723133 2133
0.723133 2132
0.723133 2131
0.723133 2130
0.723133 2129
0.723133 2128
0.723133 2127
0.723133 2126
0.723133 2125
0.723133 2124
0.723133 2123
0.723133 2122
0.723133 2121
0.723133 2120
0.723133 2119
0.723133 2118
0.723133 2117
0.723133 2116
0.723133 2115
0.723133 2114
0.723133 2113
0.723133 2112
0.723133 2111
0.723133 2110
0.723133 2109
0.723133 2108
0.723133 2107
0.723133 2106
0.723133 2105
0.723133 2104
0.723133 2103
0.723133 2102
0.722981 2102
0.722981 2101
0.722981 2100
0.722981 2099
0.722838 2099
0.722838 2098
0.722838 2097
0.722838 2096
0.722838 2095
0.722838 2093
0.722838 2092
0.722838 2091
0.722838 2090
0.722838 2089
0.722838 2088
0.722838 2087
0.722838 2086
0.722838 2085
0.722838 2084
0.722838 2083
0.722838 2082
0.722838 2081
0.722838 2080
0.722838 2079
0.722838 2078
0.722838 2077
0.722838 2076
0.722838 2075
0.722838 2074
0.722838 2073
0.722838 2072
0.722838 2071
0.722838 2070
0.722838 2069
0.722838 2068
0.722838 2067
0.722838 2066
0.722838 2065
0.722838 2064
0.722838 2063
0.722838 2062
0.722838 2061
0.722838 2060
0.722838 2059
0.722838 2058
0.722838 2057
0.722838 2056
0.722838 2055
0.722838 2054
0.722838 2053
0.722838 2052
0.722838 2051
0.722838 2050
0.722838 2049
0.722838 2048
0.722838 2047
0.722838 2046
0.722838 2045
0.722838 2044
0.722838 2043
0.722838 2042
0.722838 2041
0.722838 2040
0.722838 2039
0.722838 2038
0.722838 2037
0.722838 2036
0.722838 2035
0.722838 2034
0.722838 2033
0.722838 2032
0.722838 2031
0.722683 2031
0.722683 2030
0.722683 2029
0.722683 2028
0.722683 2027
0.722683 2026
0.722683 2025
0.722683 2024
0.722683 2023
0.722683 2022
0.722683 2021
0.722683 2020
0.722683 2019
0.722541 2019
0.722541 2018
0.722436 2018
0.722436 2017
0.722436 2016
0.722436 2015
0.722436 2014
0.722436 2013
0.722436 2012
0.722436 2010
0.722436 2009
0.722436 2008
0.722436 2007
0.722436 2006
0.722436 2005
0.722436 2004
0.722436 2003
0.722436 2002
0.722436 2001
0.722436 2000
0.722436 1999
0.722436 1998
0.722436 1997
0.722436 1996
0.722436 1995
0.722436 1994
0.722436 1993
0.722436 1992
0.722436 1991
0.722436 1990
0.722436 1989
0.722436 1988
0.722436 1987
0.722436 1986
0.722436 1985
0.722311 1985
0.722311 1983
0.722311 1982
0.722311 1981
0.722311 1980
0.722311 1979
0.722311 1978
0.722311 1977
0.722311 1976
0.722311 1974
0.722311 1973
0.722311 1972
0.722311 1971
0.722311 1970
0.722311 1969
0.722311 1968
0.722311 1967
0.722177 1967
0.722177 1966
0.722177 1965
0.722177 1963
0.722177 1962
0.722177 1961
0.722177 1960
0.722177 1959
0.722177 1958
0.722177 1957
0.722177 1956
0.722177 1955
0.722177 1954
0.722177 1953
0.722177 1952
0.722177 1951
0.722177 1950
0.722177 1949
0.722177 1948
0.722177 1947
0.722177 1946
0.722177 1945
0.722177 1944
0.722177 1943
0.722177 1942
0.722177 1941
0.722177 1940
0.722177 1939
0.722177 1938
0.722177 1937
0.722177 1936
0.722177 1935
0.722177 1934
0.722177 1933
0.722177 1932
0.722177 1931
0.722177 1930
0.722177 1929
0.722177 1928
0.722177 1927
0.722177 1926
0.722177 1925
0.722177 1924
0.722177 1923
0.722177 1922
0.722177 1921
0.722177 1920
0.722177 1919
0.722177 1918
0.722177 1917
0.722177 1916
0.722177 1915
0.722177 1914
0.722052 1914
0.722052 1913
0.722052 1912
0.722052 1911
0.722052 1910
0.722052 1909
0.722052 1908
0.722052 1907
0.722052 1906
0.722052 1905
0.722052 1904
0.722052 1903
0.722052 1902
0.722052 1901
0.722052 1900
0.722052 1899
0.722052 1898
0.722052 1897
0.722052 1896
0.722052 1895
0.722052 1894
0.722052 1893
0.722052 1892
0.722052 1891
0.722052 1890
0.722052 1889
0.722052 1888
0.722052 1887
0.722052 1886
0.722052 1885
0.722052 1884
0.722052 1883
0.722052 1882
0.722052 1881
0.722052 1880
0.722052 1879
0.722052 1878
0.722052 1877
0.722052 1876
0.722052 1875
0.722052 1874
0.722052 1873
0.722052 1872
0.722052 1871
0.722052 1870
0.722052 1869
0.722052 1868
0.722052 1867
0.722052 1866
0.722052 1865
0.722052 1864
0.722052 1863
0.722052 1862
0.722052 1861
0.722052 1860
0.722052 1859
0.722052 1858
0.722052 1857
0.722052 1856
0.722052 1855
0.722052 1854
0.722052 1853
0.722052 1852
0.722052 1851
0.722052 1850
0.722052 1849
0.722052 1848
0.722052 1847
0.722052 1846
0.722052 1845
0.722052 1844
0.722052 1843
0.722052 1842
0.722052 1841
0.722052 1840
0.722052 1839
0.722052 1838
0.722052 1837
0.722052 1836
0.722052 1834
0.722052 1833
0.722052 1832
0.722052 1831
0.722052 1830
0.722052 1829
0.722052 1828
0.722052 1827
0.722052 1826
0.722052 1825
0.722052 1824
0.722052 1823
0.722052 1822
0.722052 1821
0.722052 1820
0.722052 1819
0.722052 1818
0.721952 1818
0.721952 1817
0.721952 1816
0.721952 1815
0.721952 1814
0.721952 1813
0.721952 1812
0.721952 1811
0.721952 1810
0.721952 1809
0.72186 1808
0.72186 1807
0.72186 1806
0.72186 1805
0.72186 1804
0.72186 1803
0.72186 1802
0.72186 1801
0.72186 1800
0.72186 1799
0.72186 1798
0.72186 1797
0.72186 1796
0.72186 1795
0.72186 1794
0.72186 1793
0.721726 1793
0.721726 1792
0.721726 1791
0.721726 1790
0.721726 1789
0.721726 1788
0.721726 1787
0.721726 1786
0.721726 1785
0.721726 1784
0.721726 1783
0.721726 1782
0.721726 1781
0.721726 1780
0.721726 1779
0.721726 1778
0.721726 1777
0.721726 1776
0.721726 1775
0.721726 1774
0.721615 1774
0.721615 1773
0.721615 1772
0.721615 1771
0.721615 1770
0.721615 1769
0.721615 1768
0.721615 1767
0.721615 1766
0.721615 1765
0.721615 1764
0.721615 1763
0.721615 1762
0.721615 1761
0.721615 1760
0.721615 1759
0.721615 1758
0.721615 1757
0.721615 1756
0.721615 1755
0.721615 1754
0.721615 1753
0.721615 1752
0.721615 1751
0.721615 1750
0.721615 1749
0.721615 1748
0.721615 1747
0.721615 1746
0.721615 1745
0.721615 1744
0.721615 1743
0.721496 1743
0.721349 1743
0.721204 1743
0.721204 1742
0.721204 1741
0.721204 1740
0.721072 1740
0.721072 1739
0.721072 1738
0.721072 1737
0.721072 1736
0.721072 1735
0.721072 1734
0.721072 1733
0.721072 1732
0.721072 1731
0.721072 1730
0.721072 1729
0.721072 1728
0.721072 1727
0.721072 1726
0.721072 1725
0.721072 1724
0.721072 1723
0.721072 1722
0.721072 1721
0.721072 1720
0.721072 1719
0.721072 1718
0.721072 1717
0.721072 1715
0.721072 1714
0.721072 1713
0.721072 1712
0.721072 1711
0.721072 1710
0.721072 1709
0.721072 1708
0.721072 1707
0.721072 1706
0.721072 1705
0.721072 1704
0.721072 1703
0.721072 1702
0.721072 1701
0.721072 1700
0.721072 1699
0.721072 1698
0.721072 1697
0.721072 1696
0.721072 1695
0.721072 1694
0.721072 1693
0.721072 1692
0.721072 1691
0.721072 1690
0.721072 1689
0.721072 1688
0.721072 1687
0.721072 1686
0.721072 1685
0.721072 1684
0.721072 1683
0.721072 1682
0.721072 1681
0.721072 1680
0.721072 1679
0.721072 1678
0.720991 1677
0.720991 1676
0.720991 1675
0.720991 1674
0.720991 1673
0.720991 1672
0.720991 1671
0.720991 1670
0.720991 1669
0.720991 1668
0.720848 1668
0.720848 1667
0.720848 1666
0.720848 1665
0.720848 1664
0.720848 1663
0.720848 1662
0.720848 1661
0.720848 1660
0.720848 1659
0.720848 1658
0.720848 1657
0.720848 1656
0.720848 1655
0.720848 1654
0.720848 1653
0.720848 1652
0.720848 1651
0.720848 1650
0.720848 1649
0.720848 1648
0.720848 1647
0.720848 1646
0.720848 1645
0.720848 1644
0.720848 1643
0.720848 1642
0.720848 1641
0.720848 1640
0.720781 1639
0.720781 1638
0.720781 1637
0.720781 1636
0.720781 1635
0.720781 1634
0.720781 1633
0.720781 1632
0.720781 1631
0.720781 1630
0.720781 1629
0.720781 1628
0.720781 1627
0.720781 1626
0.720781 1625
0.720781 1624
0.720781 1623
0.720781 1622
0.720781 1621
0.720781 1620
0.720781 1619
0.720781 1618
0.720781 1617
0.720781 1616
0.720781 1615
0.720781 1614
0.720781 1613
0.720781 1612
0.720781 1611
0.720781 1610
0.720781 1609
0.720781 1608
0.720781 1607
0.720781 1606
0.720781 1605
0.720781 1604
0.720781 1603
0.720781 1602
0.720781 1601
0.720781 1600
0.720781 1599
0.720781 1598
0.720697 1597
0.720697 1596
0.720697 1595
0.720697 1594
0.720697 1593
0.720697 1592
0.720697 1591
0.720697 1590
0.720697 1589
0.720697 1588
0.720697 1587
0.720563 1587
0.720563 1586
0.720563 1585
0.720563 1584
0.720563 1583
0.720563 1582
0.720563 1581
0.720563 1580
0.720563 1579
0.720563 1578
0.720563 1577
0.720563 1576
0.720563 1575
0.720563 1574
0.720563 1573
0.720563 1572
0.720563 1571
0.720563 1570
0.720563 1569
0.720563 1568
0.720563 1567
0.720563 1566
0.720563 1565
0.720563 1564
0.720563 1563
0.720563 1562
0.720563 1561
0.720563 1560
0.720563 1559
0.720563 1558
0.720563 1557
0.720563 1556
0.720563 1555
0.720563 1554
0.720563 1553
0.720563 1552
0.720563 1551
0.720563 1550
0.720563 1549
0.720563 1548
0.720563 1547
0.720563 1546
0.720563 1545
0.720563 1544
0.720563 1543
0.720563 1542
0.720439 1542
0.720439 1541
0.720439 1540
0.720439 1539
0.720292 1539
0.720292 1538
0.720292 1537
0.720292 1536
0.720292 1535
0.720292 1534
0.720292 1533
0.720292 1532
0.720292 1531
0.720292 1530
0.720292 1529
0.720292 1528
0.720292 1527
0.720163 1527
0.720163 1526
0.720014 1526
0.720014 1525
0.720014 1524
0.720014 1523
0.720014 1522
0.720014 1521
0.720014 1520
0.720014 1519
0.720014 1518
0.720014 1517
0.720014 1516
0.720014 1515
0.720014 1514
0.720014 1513
0.720014 1512
0.720014 1511
0.720014 1510
0.720014 1509
0.720014 1508
0.720014 1507
0.720014 1506
0.720014 1505
0.720014 1504
0.720014 1503
0.720014 1502
0.720014 1501
0.720014 1500
0.720014 1499
0.720014 1498
0.720014 1497
0.720014 1496
0.720014 1495
0.720014 1494
0.720014 1493
0.720014 1492
0.720014 1491
0.720014 1490
0.720014 1489
0.720014 1488
0.720014 1487
0.720014 1486
0.720014 1485
0.720014 1484
0.720014 1483
0.720014 1482
0.720014 1481
0.720014 1480
0.720014 1479
0.720014 1478
0.720014 1477
0.720014 1476
0.720014 1475
0.720014 1474
0.720014 1473
0.720014 1472
0.720014 1471
0.720014 1470
0.720014 1469
0.720014 1468
0.720014 1467
0.720014 1466
0.720014 1465
0.720014 1464
0.720014 1463
0.720014 1462
0.720014 1461
0.720014 1460
0.720014 1459
0.720014 1458
0.720014 1457
0.720014 1456
0.720014 1455
0.720014 1454
0.720014 1453
0.720014 1452
0.720014 1451
0.720014 1450
0.720014 1449
0.720014 1448
0.720014 1447
0.720014 1446
0.720014 1445
0.720014 1444
0.720014 1443
0.720014 1442
0.720014 1441
0.720014 1440
0.720014 1439
0.720014 1438
0.720014 1437
0.720014 1436
0.719874 1436
0.719874 1435
0.719874 1434
0.719874 1433
0.719874 1432
0.719874 1431
0.719874 1430
0.719874 1429
0.719874 1428
0.719874 1427
0.719874 1426
0.719874 1425
0.719874 1424
0.719874 1423
0.719874 1422
0.719874 1421
0.719874 1420
0.719874 1419
0.719874 1418
0.719874 1417
0.719874 1416
0.719874 1415
0.719874 1414
0.719874 1413
0.719874 1412
0.719853 1411
0.719853 1410
0.719853 1409
0.719853 1408
0.719853 1407
0.719853 1406
0.719853 1405
0.719853 1404
0.719853 1403
0.719853 1402
0.719853 1401
0.719853 1400
0.719853 1399
0.719853 1398
0.719853 1397
0.719853 1396
0.719853 1395
0.71972 1395
0.719583 1395
0.719583 1394
0.719583 1393
0.719583 1392
0.719583 1391
0.719583 1390
0.719583 1389
0.719583 1388
0.719583 1387
0.719583 1386
0.719583 1385
0.719583 1384
0.719583 1383
0.719583 1382
0.719583 1381
0.719583 1380
0.719583 1379
0.719583 1378
0.719583 1377
0.719583 1376
0.719583 1375
0.719583 1374
0.719583 1373
0.719583 1372
0.719583 1371
0.719583 1370
0.719583 1369
0.719583 1368
0.719583 1367
0.719583 1366
0.719583 1365
0.719583 1364
0.719583 1363
0.719583 1362
0.719583 1361
0.719583 1360
0.719583 1359
0.719496 1358
0.719496 1357
0.719496 1356
0.719496 1355
0.719496 1354
0.71937 1354
0.71937 1353
0.71937 1352
0.71937 1351
0.719224 1351
0.719224 1350
0.719224 1349
0.719224 1348
0.719224 1347
0.719224 1346
0.719224 1345
0.719224 1344
0.719224 1343
0.719224 1342
0.719224 1341
0.719224 1340
0.719224 1339
0.719114 1339
0.719114 1338
0.719114 1337
0.719114 1336
0.719114 1335
0.719114 1334
0.719114 1333
0.719114 1332
0.719114 1331
0.719114 1330
0.719114 1329
0.719114 1328
0.719114 1327
0.719114 1326
0.719114 1325
0.719114 1324
0.719114 1323
0.719114 1322
0.719114 1321
0.719114 1320
0.719114 1319
0.719114 1318
0.719114 1317
0.719114 1316
0.718983 1316
0.718983 1315
0.718983 1314
0.718983 1313
0.718871 1313
0.718867 1312
0.718867 1311
0.718867 1310
0.718867 1309
0.718867 1308
0.718867 1307
0.718867 1306
0.718867 1305
0.718867 1304
0.718867 1303
0.718867 1302
0.718867 1301
0.718867 1300
0.718867 1299
0.718867 1298
0.718867 1297
0.718867 1296
0.718867 1295
0.718867 1294
0.718867 1293
0.718867 1292
0.718726 1292
0.718726 1291
0.718726 1290
0.718599 1290
0.718599 1289
0.718599 1288
0.718599 1287
0.718599 1286
0.718482 1286
0.718335 1286
0.718335 1285
0.718233 1285
0.718233 1284
0.718233 1283
0.718233 1282
0.718233 1281
0.718233 1280
0.718233 1279
0.718233 1278
0.718233 1277
0.718233 1276
0.718233 1275
0.718233 1274
0.718233 1273
0.718233 1272
0.718233 1271
0.718124 1271
0.718124 1270
0.718062 1269
0.718062 1268
0.718062 1267
0.718062 1266
0.718062 1265
0.718062 1264
0.718062 1263
0.718062 1262
0.718062 1261
0.718062 1260
0.718062 1259
0.71797 1258
0.71797 1257
0.71797 1256
0.71797 1255
0.71797 1254
0.717852 1254
0.717852 1253
0.717719 1253
0.717719 1252
0.717719 1251
0.717719 1250
0.717719 1249
0.717719 1248
0.717719 1247
0.717719 1246
0.717719 1245
0.717719 1244
0.717719 1243
0.717719 1242
0.717719 1241
0.717719 1240
0.717719 1239
0.717719 1238
0.717719 1237
0.717719 1236
0.717719 1235
0.717719 1234
0.717719 1233
0.717719 1232
0.717719 1231
0.717719 1230
0.717631 1229
0.717631 1228
0.717631 1227
0.717631 1226
0.717631 1225
0.717497 1225
0.717497 1224
0.717497 1223
0.717497 1222
0.717396 1222
0.717396 1221
0.717396 1220
0.717396 1219
0.717396 1218
0.717396 1217
0.717263 1217
0.717263 1216
0.717263 1215
0.717263 1214
0.717263 1213
0.717263 1212
0.717263 1211
0.717263 1210
0.717263 1209
0.717263 1208
0.717131 1208
0.717131 1207
0.717131 1206
0.717131 1205
0.717131 1204
0.717131 1203
0.717131 1202
0.717131 1201
0.717131 1200
0.717131 1199
0.717131 1198
0.716992 1198
0.716992 1197
0.716992 1196
0.716881 1196
0.716881 1195
0.716881 1194
0.716881 1193
0.716881 1192
0.716881 1191
0.716881 1190
0.716881 1189
0.716881 1188
0.716881 1187
0.716881 1186
0.716881 1185
0.716881 1184
0.716754 1184
0.716754 1183
0.716754 1182
0.716754 1181
0.716754 1180
0.716646 1180
0.716646 1179
0.716646 1178
0.716646 1177
0.716646 1176
0.716646 1175
0.716646 1174
0.716646 1173
0.716646 1172
0.716497 1172
0.716497 1171
0.716497 1170
0.716497 1169
0.716497 1168
0.716497 1167
0.716497 1166
0.716497 1165
0.716497 1164
0.716497 1163
0.716497 1162
0.716497 1161
0.716497 1160
0.716497 1159
0.716497 1158
0.716396 1158
0.716396 1157
0.716396 1156
0.716396 1155
0.716396 1154
0.716396 1153
0.716396 1151
0.716396 1150
0.716396 1149
0.716283 1149
0.716283 1148
0.716283 1147
0.716283 1146
0.716283 1145
0.716283 1144
0.716283 1143
0.716283 1142
0.716283 1141
0.716283 1140
0.716283 1139
0.716283 1138
0.716283 1137
0.716138 1137
0.716138 1136
0.716001 1136
0.716001 1135
0.716001 1134
0.716001 1133
0.716001 1132
0.716001 1131
0.716001 1130
0.716001 1129
0.715982 1128
0.715982 1127
0.715982 1126
0.715982 1125
0.715982 1124
0.715982 1123
0.715856 1123
0.715856 1122
0.715856 1121
0.715856 1120
0.715856 1119
0.715856 1118
0.715856 1117
0.715856 1116
0.715856 1115
0.715732 1115
0.715732 1114
0.715732 1113
0.715732 1112
0.715732 1111
0.715732 1110
0.715732 1109
0.715732 1108
0.715732 1107
0.715732 1106
0.715732 1105
0.715732 1104
0.715599 1104
0.715599 1103
0.715538 1102
0.715538 1101
0.715538 1100
0.715538 1099
0.715538 1098
0.715538 1097
0.715538 1096
0.715538 1095
0.715538 1094
0.715538 1093
0.715538 1092
0.715411 1092
0.715411 1091
0.715411 1090
0.715411 1089
0.715411 1088
0.715411 1087
0.715411 1086
0.715411 1085
0.715411 1084
0.715411 1083
0.715411 1082
0.715411 1081
0.715411 1080
0.715411 1079
0.715411 1078
0.715411 1077
0.715411 1076
0.715411 1075
0.715411 1074
0.715411 1073
0.715411 1072
0.715411 1071
0.715411 1070
0.715272 1070
0.715272 1069
0.71513 1069
0.71513 1068
0.71513 1067
0.71513 1066
0.71513 1065
0.71513 1064
0.71513 1063
0.71513 1062
0.71513 1061
0.71513 1060
0.71513 1059
0.71513 1058
0.71513 1057
0.715026 1057
0.715005 1056
0.715005 1055
0.715005 1054
0.715005 1053
0.715005 1052
0.715005 1051
0.714879 1051
0.714879 1050
0.714879 1049
0.714879 1048
0.714769 1048
0.714769 1047
0.714769 1046
0.714769 1045
0.714769 1044
0.714769 1043
0.714769 1042
0.71461 1042
0.71461 1041
0.71461 1040
0.71461 1039
0.714455 1039
0.714455 1038
0.714455 1037
0.714455 1036
0.714397 1035
0.714397 1034
0.714397 1033
0.714397 1032
0.714397 1031
0.714397 1030
0.714397 1029
0.714397 1028
0.714397 1027
0.714397 1026
0.714397 1025
0.714397 1024
0.714397 1023
0.714397 1022
0.714397 1021
0.714397 1020
0.714397 1019
0.714397 1018
0.714397 1017
0.714397 1016
0.714397 1015
0.714397 1014
0.714397 1013
0.714397 1012
0.714397 1011
0.714397 1010
0.714252 1010
0.714252 1009
0.714154 1009
0.714154 1008
0.714154 1007
0.714154 1006
0.71406 1005
0.71406 1004
0.71406 1003
0.71406 1002
0.71406 1001
0.71406 1000
0.71406 999
0.713898 999
0.713898 998
0.713898 997
0.713898 996
0.713898 995
0.713898 994
0.713898 993
0.713898 992
0.713898 991
0.713898 989
0.713898 988
0.713898 987
0.713898 986
0.713898 985
0.713898 984
0.71377 983
0.713645 983
0.713645 982
0.713645 981
0.713645 980
0.713645 979
0.713493 979
0.713493 978
0.713493 977
0.713493 976
0.713493 975
0.713493 974
0.713493 973
0.713338 973
0.713213 973
0.713213 972
0.713213 971
0.713081 971
0.712965 971
0.712965 970
0.712965 969
0.712867 969
0.712867 968
0.712867 967
0.712867 966
0.712867 965
0.712867 964
0.712726 964
0.712638 963
0.712638 962
0.712638 961
0.712638 960
0.712638 959
0.712638 958
0.712638 957
0.712638 956
0.712638 955
0.712519 955
0.71239 955
0.71239 954
0.71239 953
0.712263 953
0.712263 952
0.712263 951
0.712263 950
0.712263 949
0.712263 948
0.712263 947
0.712263 946
0.712143 946
0.712143 945
0.712143 944
0.712143 943
0.712143 942
0.712143 941
0.712143 940
0.712143 939
0.712143 938
0.712143 937
0.712143 936
0.712143 935
0.712143 934
0.712143 933
0.712143 932
0.712143 931
0.712143 930
0.712143 929
0.712143 928
0.712143 927
0.712143 926
0.712143 925
0.712143 924
0.712143 923
0.712028 923
0.712028 922
0.712028 921
0.712028 920
0.712028 919
0.712028 918
0.712028 917
0.712028 916
0.711944 915
0.711944 914
0.711944 913
0.711944 912
0.711944 911
0.711944 910
0.711944 909
0.711944 908
0.711944 907
0.711792 907
0.711792 906
0.711792 905
0.711792 904
0.711792 903
0.711792 902
0.711792 901
0.711792 900
0.711792 899
0.711792 898
0.711792 897
0.711792 896
0.711651 896
0.711651 895
0.711651 894
0.711511 894
0.711511 893
0.711511 892
0.711511 891
0.711511 890
0.711511 889
0.711511 888
0.711511 887
0.711511 886
0.711511 885
0.711511 884
0.711511 883
0.711511 882
0.711511 881
0.711511 880
0.711511 879
0.711511 878
0.711511 877
0.711511 876
0.711511 875
0.711511 874
0.711511 873
0.711511 872
0.711511 871
0.711392 871
0.711392 870
0.711392 869
0.711392 868
0.711392 867
0.711392 866
0.711392 865
0.711392 864
0.711326 863
0.711326 862
0.711326 861
0.711326 860
0.711326 859
0.711326 858
0.711326 857
0.711326 856
0.711326 855
0.711326 854
0.711326 853
0.711326 852
0.711326 851
0.711326 850
0.711326 849
0.711326 848
0.711326 847
0.711326 846
0.711326 845
0.711326 844
0.711326 843
0.711326 842
0.711326 841
0.711326 840
0.711326 839
0.711326 838
0.711326 837
0.711203 837
0.711203 836
0.711203 835
0.711203 834
0.711203 833
0.711203 832
0.711203 831
0.711203 830
0.711203 829
0.711203 828
0.711203 827
0.711203 826
0.711203 825
0.711203 824
0.711203 823
0.711203 822
0.711203 821
0.711203 820
0.711203 819
0.711203 818
0.711203 817
0.711203 816
0.711062 816
0.711062 815
0.71091 815
0.71091 814
0.71091 813
0.71091 812
0.710861 811
0.710861 810
0.710861 809
0.710861 808
0.710861 807
0.710861 806
0.710861 805
0.710861 803
0.710861 802
0.710861 801
0.710861 800
0.710861 799
0.710861 798
0.710742 798
0.710742 797
0.710742 796
0.710742 795
0.710742 794
0.710742 793
0.710742 792
0.710742 791
0.710742 790
0.710742 789
0.710742 788
0.710742 787
0.710742 786
0.710742 785
0.710742 784
0.710742 783
0.710742 782
0.710742 781
0.710616 781
0.710472 781
0.710472 780
0.710472 779
0.710357 779
0.710199 779
0.710199 778
0.710199 777
0.710199 776
0.710044 776
0.710044 775
0.710044 774
0.710044 773
0.710044 772
0.709952 771
0.709845 771
0.709845 770
0.709845 769
0.709689 769
0.709689 768
0.709689 767
0.709689 766
0.709689 765
0.709689 764
0.709689 763
0.709689 762
0.709608 761
0.709608 760
0.709608 759
0.709608 758
0.709482 758
0.709482 757
0.709374 757
0.709374 756
0.709374 755
0.709374 754
0.709259 754
0.709129 754
0.709129 753
0.709006 753
0.708892 753
0.708769 753
0.708769 752
0.708769 751
0.708769 750
0.708769 749
0.708769 748
0.708769 747
0.708627 747
0.708627 746
0.708627 745
0.708496 745
0.708496 744
0.708496 743
0.708496 742
0.708496 741
0.708496 740
0.708496 739
0.708496 738
0.708496 737
0.708496 736
0.708348 736
0.708348 735
0.708348 734
0.708348 733
0.708348 732
0.708198 732
0.708097 732
0.708097 731
0.707977 731
0.707977 730
0.707977 729
0.707977 728
0.707977 727
0.707977 726
0.707977 725
0.707977 724
0.707977 723
0.707977 722
0.707977 721
0.707977 720
0.707977 719
0.707977 718
0.707977 717
0.707977 716
0.707977 715
0.707977 714
0.707977 713
0.707977 712
0.707977 711
0.707977 710
0.707977 709
0.707977 708
0.707977 707
0.707977 706
0.707834 706
0.707834 705
0.707834 704
0.707689 704
0.707689 703
0.707689 702
0.707689 701
0.707689 700
0.707689 699
0.707689 698
0.707689 697
0.707627 696
0.707627 695
0.707627 694
0.707627 693
0.707627 692
0.707627 691
0.707627 690
0.707492 690
0.707492 689
0.707492 688
0.707492 687
0.707492 686
0.70735 686
0.70735 685
0.70735 684
0.70735 683
0.70735 682
0.70735 681
0.70735 680
0.70735 679
0.70735 678
0.70735 677
0.70735 676
0.707207 676
0.707207 675
0.707207 674
0.707207 673
0.707207 672
0.707207 671
0.707207 670
0.707207 669
0.707207 668
0.707207 667
0.707207 666
0.707207 665
0.707207 664
0.707207 663
0.707075 663
0.707075 662
0.707075 661
0.707075 660
0.707075 659
0.707075 658
0.707075 657
0.707075 656
0.707075 655
0.707075 654
0.707075 653
0.707075 652
0.707075 651
0.707075 650
0.707075 649
0.706954 649
0.706954 648
0.706954 647
0.706954 646
0.706805 646
0.706675 646
0.706557 646
0.706557 645
0.706422 645
0.706422 644
0.706422 643
0.706278 643
0.70627 642
0.70627 641
0.70627 640
0.70627 639
0.70627 638
0.706155 638
0.706044 638
0.706044 637
0.706044 636
0.706044 635
0.706044 634
0.706044 633
0.706044 632
0.706044 631
0.705948 630
0.705948 629
0.705843 629
0.705687 629
0.705687 628
0.705687 627
0.705687 626
0.705687 625
0.705687 624
0.705687 623
0.705687 622
0.705687 621
0.705687 620
0.705687 619
0.705687 618
0.705687 617
0.705687 616
0.705687 615
0.705542 615
0.705423 615
0.705423 614
0.705423 613
0.705423 612
0.705423 611
0.705423 610
0.705276 610
0.705133 610
0.705133 609
0.705133 608
0.705133 607
0.705133 606
0.705133 605
0.705133 604
0.705133 603
0.705133 602
0.705133 601
0.705133 600
0.705133 599
0.705133 598
0.705133 597
0.705133 596
0.705133 595
0.705133 594
0.705038 593
0.705038 592
0.705038 591
0.704905 591
0.704905 590
0.704905 589
0.704905 588
0.704905 587
0.704905 586
0.704905 585
0.704761 585
0.704761 584
0.704761 583
0.704761 582
0.704629 582
0.704629 581
0.704629 580
0.704629 579
0.704488 579
0.704334 579
0.704334 578
0.704334 577
0.704334 576
0.704334 575
0.704334 574
0.704334 573
0.704334 572
0.704334 571
0.704334 570
0.704204 570
0.704204 569
0.704204 568
0.704204 567
0.704096 567
0.704096 566
0.704096 565
0.703993 565
0.703993 564
0.703879 563
0.703879 562
0.703752 562
0.703611 562
0.703611 561
0.703611 560
0.703611 559
0.703611 558
0.703611 557
0.703611 556
0.703611 555
0.703611 554
0.703611 553
0.703489 553
0.703388 553
0.703388 552
0.703388 551
0.703388 550
0.703388 549
0.703388 548
0.703388 547
0.703388 546
0.703388 545
0.703388 544
0.703388 543
0.703388 542
0.703388 541
0.703239 541
0.703239 540
0.703239 539
0.703147 538
0.703147 537
0.703147 536
0.703002 536
0.703002 535
0.703002 534
0.703002 533
0.703002 532
0.702878 532
0.702878 531
0.702878 530
0.702775 530
0.702628 530
0.702628 529
0.702628 528
0.702509 528
0.702509 527
0.702358 527
0.702358 526
0.702358 525
0.702234 525
0.702095 525
0.701933 525
0.701933 524
0.701933 523
0.701784 523
0.701655 523
0.701655 522
0.701532 522
0.701532 521
0.701532 520
0.70144 519
0.70144 518
0.70144 517
0.70134 517
0.701206 517
0.701206 516
0.701105 516
0.700991 516
0.700991 515
0.700854 515
0.700854 514
0.700854 513
0.700854 512
0.700854 511
0.700854 510
0.700739 510
0.700739 509
0.700596 509
0.700596 508
0.700596 507
0.700596 506
0.700596 505
0.700596 504
0.700596 503
0.700596 502
0.700596 501
0.700596 500
0.700479 500
0.700479 499
0.700479 498
0.700479 497
0.700479 496
0.700353 496
0.700353 495
0.700353 494
0.700353 493
0.700256 492
0.700256 491
0.700256 490
0.700256 489
0.700256 488
0.700256 487
0.700256 486
0.700256 485
0.700256 484
0.700256 483
0.700109 483
0.699969 483
0.699969 482
0.699829 482
0.699829 481
0.699829 480
0.699829 479
0.699829 478
0.699743 477
0.699599 477
0.699599 476
0.699599 475
0.699599 473
0.699507 472
0.699507 471
0.699507 470
0.699507 469
0.699367 469
0.699367 468
0.699367 467
0.699367 466
0.699367 465
0.699243 465
0.699243 464
0.69908 464
0.69908 463
0.69908 462
0.69908 461
0.698935 461
0.698935 460
0.698935 459
0.698935 458
0.698935 457
0.698786 457
0.698786 456
0.698786 455
0.698665 455
0.698522 455
0.698522 454
0.698522 453
0.698522 452
0.698522 451
0.698522 450
0.698522 449
0.698522 448
0.698522 447
0.698408 447
0.698266 447
0.698266 446
0.698266 445
0.698266 444
0.698266 443
0.698266 442
0.698266 441
0.698266 440
0.698122 440
0.698122 439
0.698122 438
0.698122 437
0.698122 436
0.698122 435
0.698122 434
0.698122 433
0.698122 432
0.698122 431
0.698122 429
0.698122 428
0.697975 428
0.697975 427
0.697975 426
0.697828 426
0.697828 425
0.697828 424
0.697828 423
0.697689 423
0.697533 423
0.697533 422
0.697397 422
0.697397 421
0.697397 420
0.697397 419
0.697397 418
0.697397 417
0.697243 417
0.697243 416
0.697243 415
0.697243 414
0.697243 413
0.6971 413
0.6971 412
0.696957 412
0.696957 411
0.696957 410
0.696801 410
0.696801 409
0.696689 409
0.696689 408
0.696689 407
0.696689 406
0.696689 405
0.696689 404
0.696689 403
0.696689 402
0.696546 402
0.696546 401
0.696407 401
0.696407 400
0.696407 399
0.696407 398
0.696407 397
0.696407 396
0.696407 395
0.696265 395
0.696265 394
0.696265 393
0.696123 393
0.696123 392
0.696123 391
0.695972 391
0.695972 390
0.695826 390
0.695826 389
0.695826 388
0.695688 388
0.695688 387
0.695536 387
0.695398 387
0.695398 386
0.695265 386
0.695265 385
0.695265 384
0.695265 383
0.69517 382
0.695137 381
0.695137 380
0.695137 379
0.695005 379
0.694872 379
0.694872 378
0.694872 377
0.694872 376
0.694872 375
0.694872 374
0.694872 373
0.694715 373
0.694715 372
0.694598 372
0.694486 372
0.694486 371
0.694486 370
0.694486 369
0.694365 369
0.694365 368
0.69424 368
0.6941 368
0.6941 367
0.6941 366
0.6941 365
0.6941 364
0.693975 364
0.693828 364
0.69371 364
0.69371 363
0.693554 363
0.693554 362
0.693554 361
0.693419 361
0.693419 360
0.693419 359
0.693419 357
0.69326 357
0.693114 357
0.693006 357
0.693006 356
0.693006 355
0.693006 354
0.693006 353
0.693006 352
0.693006 351
0.692863 351
0.692863 350
0.692863 349
0.692751 349
0.692751 348
0.692655 347
0.692515 347
0.692389 347
0.692389 346
0.692389 345
0.692275 345
0.692275 344
0.691996 344
0.691996 343
0.691874 343
0.691874 342
0.691874 341
0.691874 340
0.691874 339
0.6918 338
0.691652 338
0.691652 337
0.691652 336
0.691652 335
0.691507 335
0.691269 335
0.691155 335
0.691155 334
0.691155 333
0.691155 332
0.691013 332
0.691013 331
0.691013 330
0.690901 330
0.690786 330
0.690786 329
0.690786 328
0.690786 327
0.690641 327
0.690516 327
0.690377 327
0.690377 326
0.690377 325
0.690377 324
0.690224 324
0.69011 324
0.689952 324
0.689863 323
0.689863 322
0.68971 322
0.68971 321
0.689563 321
0.689563 320
0.689563 319
0.689563 318
0.689563 317
0.689563 316
0.689563 315
0.689563 314
0.689436 314
0.689436 313
0.689436 311
0.689436 310
0.689287 310
0.689146 310
0.689062 309
0.688941 309
0.688941 308
0.688941 307
0.688814 307
0.688676 307
0.688582 306
0.688582 305
0.688444 305
0.688444 304
0.688303 304
0.688303 303
0.688175 303
0.688175 302
0.688175 301
0.688052 301
0.687949 301
0.687815 301
0.687815 300
0.687656 300
0.6875 300
0.687354 300
0.687354 299
0.687354 298
0.687354 297
0.687206 297
0.687059 297
0.687059 296
0.686948 296
0.686815 296
0.686815 295
0.686676 295
0.686676 294
0.686676 293
0.686577 293
0.686577 292
0.68648 292
0.686325 292
0.686202 292
0.686202 291
0.686067 291
0.686067 290
0.686067 289
0.686067 288
0.685942 288
0.685819 288
0.685819 287
0.685819 286
0.685819 285
0.685819 284
0.685667 284
0.685547 284
0.685405 284
0.685278 284
0.685278 283
0.685278 282
0.685277 281
0.68514 281
0.684994 281
0.684915 280
0.684915 279
0.684763 279
0.684599 279
0.684445 279
0.684445 278
0.684304 278
0.684304 277
0.684304 276
0.684304 275
0.68427 274
0.684135 274
0.684135 273
0.684003 273
0.684003 272
0.684003 271
0.683874 271
0.68371 271
0.68371 270
0.68371 269
0.683568 269
0.683568 268
0.683568 267
0.683568 266
0.683422 266
0.683285 266
0.683285 265
0.683285 264
0.683158 264
0.683158 263
0.68303 263
0.682896 263
0.682896 262
0.682742 262
0.682612 262
0.682612 261
0.682612 260
0.682477 260
0.682477 259
0.682341 259
0.682341 258
0.682201 258
0.682064 258
0.682064 257
0.681929 257
0.681929 256
0.681929 255
0.681929 254
0.681929 253
0.681929 252
0.681797 252
0.681789 251
0.681789 250
0.681789 249
0.681647 249
0.681497 249
0.681367 249
0.681367 248
0.681367 247
0.681367 246
0.681367 245
0.681259 245
0.681125 245
0.681125 244
0.681125 243
0.681125 242
0.681125 241
0.681125 240
0.680978 240
0.68085 239
0.68085 238
0.680741 238
0.680741 237
0.680741 236
0.680586 236
0.680442 236
0.680293 236
0.680182 236
0.680058 236
0.679933 236
0.679803 236
0.679688 236
0.679584 236
0.679454 236
0.679454 235
0.679454 234
0.679454 233
0.679454 232
0.679454 231
0.679454 230
0.67931 230
0.67931 229
0.67931 228
0.679158 228
0.679158 227
0.679022 227
0.67888 227
0.67888 226
0.67888 225
0.678739 225
0.678585 225
0.678448 225
0.678346 225
0.67819 225
0.67819 224
0.678057 224
0.677947 224
0.677947 223
0.677947 222
0.677824 222
0.677824 221
0.677688 221
0.677688 220
0.677688 219
0.677688 218
0.677539 218
0.67742 218
0.677282 218
0.677282 217
0.677282 216
0.677282 215
0.677282 214
0.677134 214
0.677007 214
0.676867 214
0.676762 214
0.676762 213
0.676762 212
0.676615 211
0.676484 211
0.676333 211
0.676201 211
0.676201 210
0.6761 210
0.675976 210
0.675976 209
0.675831 209
0.675831 208
0.675831 207
0.675831 206
0.675673 206
0.675527 206
0.675527 205
0.675527 204
0.675412 204
0.675412 203
0.675261 203
0.675137 203
0.675046 202
0.675046 201
0.675046 200
0.674919 200
0.674782 200
0.674782 199
0.674782 198
0.674782 197
0.674782 196
0.674782 195
0.674782 194
0.674645 194
0.674515 194
0.674515 193
0.674425 192
0.674271 192
0.674127 192
0.674127 191
0.673974 191
0.673822 191
0.673822 190
0.673822 189
0.673687 189
0.673687 188
0.673545 188
0.673396 188
0.673396 187
0.673244 187
0.673244 186
0.673244 185
0.673244 184
0.67311 184
0.672953 184
0.672922 183
0.672623 183
0.672512 183
0.672512 182
0.672388 182
0.672241 181
0.672241 180
0.672241 179
0.672126 179
0.672022 179
0.671889 179
0.671741 179
0.671595 179
0.67146 179
0.67146 178
0.67146 177
0.67146 176
0.671343 176
0.671343 175
0.671201 175
0.671201 174
0.671062 174
0.670925 174
0.670809 174
0.670809 173
0.670665 173
0.670665 172
0.670665 171
0.670533 171
0.670378 171
0.670378 170
0.670378 169
0.670378 168
0.670248 168
0.670137 168
0.669985 168
0.669861 168
0.669741 168
0.669606 168
0.669606 167
0.669606 166
0.669454 166
0.669327 166
0.669201 166
0.669201 165
0.669058 165
0.668915 165
0.668778 165
0.668674 165
0.668524 165
0.668431 164
0.668273 164
0.668138 164
0.66805 163
0.66805 162
0.667931 162
0.667655 162
0.667501 162
0.667376 162
0.667376 161
0.667376 160
0.667245 160
0.667245 159
0.667245 158
0.667245 157
0.66713 157
0.66713 156
0.66713 155
0.66713 154
0.666986 154
0.666986 153
0.666834 153
0.666692 153
0.666567 152
0.666567 151
0.666567 150
0.666409 150
0.666409 149
0.666257 149
0.666116 149
0.665969 149
0.665969 148
0.665828 148
0.665828 147
0.66567 147
0.665535 147
0.665535 146
0.665389 146
0.665389 145
0.665263 145
0.665138 145
0.664985 145
0.664841 144
0.664841 143
0.664841 142
0.664841 141
0.664725 141
0.664574 141
0.66444 141
0.66444 140
0.6643 140
0.6643 139
0.6643 138
0.664156 138
0.664156 137
0.664021 137
0.663871 137
0.66374 137
0.663604 137
0.66346 137
0.663302 137
0.663302 136
0.663165 136
0.663165 135
0.663019 135
0.662885 135
0.66275 135
0.66275 134
0.662605 134
0.662605 133
0.662605 132
0.662465 132
0.662465 131
0.66232 131
0.66232 130
0.66232 129
0.662172 129
0.662044 129
0.662044 128
0.661919 128
0.661791 128
0.661791 127
0.66165 127
0.661533 127
0.661392 127
0.661248 127
0.661094 127
0.660945 127
0.660819 127
0.660691 127
0.660536 127
0.660536 126
0.660401 126
0.660275 126
0.660275 125
0.660275 124
0.660125 124
0.659844 124
0.659844 123
0.659844 122
0.659844 121
0.659844 120
0.659704 120
0.659704 119
0.659304 119
0.659175 119
0.659043 119
0.658817 119
0.658817 118
0.658519 118
0.658402 118
0.658274 118
0.658139 118
0.658139 117
0.65799 117
0.657871 116
0.657871 115
0.657776 114
0.657776 113
0.65764 113
0.657537 113
0.65725 113
0.657099 113
0.656955 113
0.656647 113
0.656508 113
0.656386 113
0.656252 113
0.656118 113
0.656118 112
0.655977 112
0.655827 112
0.655676 112
0.655676 111
0.655676 110
0.655676 109
0.65553 109
0.65538 109
0.655247 109
0.655089 109
0.654954 109
0.654954 108
0.654954 107
0.654954 106
0.654954 105
0.654796 105
0.654663 105
0.654515 105
0.654371 105
0.654371 104
0.654371 103
0.654246 103
0.654108 103
0.653962 103
0.653962 102
0.653844 102
0.653687 102
0.653571 102
0.653445 102
0.653316 102
0.65316 102
0.653029 102
0.65289 102
0.65289 101
0.65281 100
0.65281 99
0.65266 99
0.652375 99
0.652249 99
0.652249 98
0.65211 98
0.65211 97
0.651976 97
0.651976 96
0.651833 96
0.651833 95
0.651693 95
0.65154 95
0.65154 94
0.651404 94
0.651266 94
0.651266 93
0.651112 93
0.650963 93
0.650809 92
0.650809 91
0.650662 91
0.65057 90
0.650441 90
0.650294 90
0.650154 90
0.650025 90
0.649878 90
0.649742 90
0.649597 89
0.649448 89
0.6493 89
0.6493 88
0.649154 88
0.64902 88
0.648581 88
0.648454 88
0.648328 88
0.648171 88
0.648171 87
0.648053 87
0.647907 87
0.64777 87
0.64777 86
0.647673 86
0.647431 85
0.647431 84
0.647431 83
0.647285 83
0.647162 83
0.647038 83
0.64689 83
0.64689 82
0.646754 82
0.646754 81
0.646495 81
0.646349 81
0.646201 81
0.646067 80
0.64592 80
0.645781 80
0.645674 80
0.645562 80
0.645411 80
0.645411 79
0.645288 79
0.645136 79
0.645017 79
0.645017 78
0.644873 78
0.644576 78
0.644576 77
0.644425 77
0.644279 77
0.644279 76
0.644138 76
0.643991 76
0.64384 76
0.643701 76
0.643595 76
0.643306 76
0.643165 76
0.643165 75
0.643022 75
0.642874 75
0.642713 75
0.642576 75
0.642441 74
0.642297 74
0.642158 74
0.642027 74
0.642027 73
0.642027 72
0.641725 72
0.641432 72
0.641291 72
0.64117 72
0.641048 72
0.640904 72
0.640904 71
0.640904 70
0.640784 70
0.640631 69
0.640487 69
0.640344 69
0.640344 68
0.640214 68
0.640053 68
0.640053 67
0.639755 67
0.639619 67
0.639455 66
0.639296 66
0.639165 66
0.639022 66
0.638884 66
0.638778 65
0.638633 64
0.638492 64
0.638347 64
0.638202 63
0.638202 61
0.638079 61
0.637948 61
0.637793 61
0.637654 61
0.637501 61
0.637352 61
0.637352 60
0.637216 60
0.637064 60
0.636924 60
0.63677 60
0.636628 60
0.636491 59
0.63638 59
0.636239 59
0.636103 58
0.636103 57
0.635943 57
0.635804 57
0.63566 57
0.635532 57
0.635532 56
0.635385 56
0.635243 56
0.634978 56
0.634731 55
0.63462 54
0.63462 53
0.634464 53
0.634322 52
0.634175 52
0.634018 52
0.633899 52
0.633752 52
0.6336 52
0.633494 52
0.633371 52
0.633249 52
0.633249 51
0.633249 50
0.633094 50
0.632803 50
0.632655 50
0.632503 50
0.632503 49
0.632365 48
0.632211 47
0.632063 47
0.631964 47
0.631815 47
0.631514 47
0.631374 47
0.630922 47
0.630632 47
0.630502 47
0.630337 47
0.630186 47
0.630186 46
0.63008 46
0.629943 46
0.62979 46
0.629634 45
0.629476 45
0.629327 45
0.629046 45
0.628895 45
0.628741 45
0.628603 45
0.628301 45
0.628172 45
0.628038 44
0.627765 44
0.627627 44
0.627627 43
0.627492 43
0.62734 43
0.627201 43
0.62694 43
0.62694 42
0.62681 42
0.626675 42
0.626216 42
0.626216 41
0.626216 40
0.626216 39
0.626074 39
0.625929 38
0.625785 38
0.625658 38
0.625645 37
0.625524 37
0.62522 37
0.625075 37
0.62492 37
0.624809 36
0.62465 36
0.624516 36
0.624394 36
0.624237 36
0.624102 36
0.623981 36
0.623835 36
0.623703 36
0.623592 36
0.623444 36
0.623297 36
0.623146 36
0.623023 36
0.622873 36
0.622873 35
0.622744 35
0.622744 34
0.622612 34
0.622477 34
0.622198 34
0.622045 34
0.621899 34
0.621744 34
0.621586 34
0.621439 34
0.621312 34
0.621181 33
0.621037 33
0.620878 33
0.620738 33
0.620444 33
0.620138 33
0.619984 33
0.619835 33
0.619685 33
0.619534 33
0.619222 32
0.618619 32
0.618619 31
0.618336 31
0.618192 31
0.618056 30
0.617766 30
0.617645 30
0.617505 30
0.617376 30
0.617114 30
0.616961 30
0.616803 30
0.616661 30
0.616507 30
0.616364 30
0.616213 30
0.616054 30
0.6159 30
0.615737 30
0.615435 30
0.615156 30
0.614584 30
0.614212 30
0.613918 30
0.613787 30
0.613653 30
0.613215 30
0.613054 30
0.612911 30
0.612617 30
0.612476 29
0.61232 29
0.612169 29
0.612031 29
0.611728 29
0.611573 29
0.611126 29
0.610751 28
0.6105 28
0.6102 28
0.610075 28
0.609782 28
0.609625 28
0.60948 28
0.609326 28
0.609212 28
0.608929 28
0.608784 28
0.608635 28
0.608334 28
0.608183 28
0.608032 28
0.60774 28
0.607591 28
0.607285 28
0.60716 28
0.607005 28
0.606707 28
0.606564 28
0.606284 27
0.605822 27
0.60509 26
0.604812 26
0.60452 26
0.604068 26
0.603943 26
0.60367 26
0.603408 26
0.603118 26
0.602985 26
0.602832 26
0.602696 26
0.602399 26
0.601991 26
0.601708 26
0.601413 26
0.601258 26
0.601115 26
0.600815 26
0.600675 26
0.600539 25
0.600402 25
0.599531 25
0.599405 25
0.599256 25
0.598662 25
0.598367 25
0.59792 25
0.597624 25
0.597474 25
0.59721 25
0.596924 25
0.596803 25
0.596517 25
0.596258 25
0.596115 25
0.596115 24
0.596115 23
0.59599 23
0.59599 22
0.595705 22
0.595417 22
0.595122 22
0.594842 22
0.594685 22
0.59453 22
0.594387 22
0.594275 22
0.594149 22
0.593862 22
0.593559 22
0.59326 22
0.593108 22
0.592682 22
0.592371 22
0.592222 22
0.591807 22
0.591514 22
0.590942 22
0.590799 22
0.590368 22
0.590218 22
0.590087 22
0.589569 22
0.589267 22
0.589138 22
0.588836 22
0.588676 22
0.588538 22
0.58827 22
0.588127 22
0.587814 22
0.587701 22
0.587409 22
0.587266 22
0.58711 22
0.586799 22
0.586237 22
0.586093 22
0.585835 22
0.585547 22
0.585149 22
0.584855 22
0.584711 22
0.584563 22
0.584128 21
0.584005 21
0.583755 21
0.583599 21
0.583457 21
0.583306 21
0.583179 21
0.583029 21
0.58258 21
0.581837 21
0.581543 20
0.581254 20
0.581104 20
0.580842 20
0.580693 20
0.580537 20
0.580385 20
0.579953 20
0.579799 20
0.579357 20
0.579204 20
0.578784 20
0.578373 20
0.577953 20
0.577802 19
0.577662 19
0.577509 18
0.577394 18
0.576952 18
0.5768 18
0.576507 18
0.576076 18
0.575337 18
0.575034 18
0.57494 17
0.57452 17
0.573915 17
0.573338 17
0.572876 17
0.572718 17
0.572432 17
0.57215 17
0.571554 17
0.571401 17
0.571128 17
0.570697 17
0.570112 17
0.56985 17
0.569695 17
0.569271 17
0.569135 17
0.56898 17
0.568866 17
0.568714 17
0.568147 17
0.567726 17
0.567438 17
0.56731 17
0.567001 17
0.56656 17
0.566245 17
0.565957 17
0.565237 16
0.564947 16
0.564805 15
0.564658 15
0.564119 15
0.563365 15
0.563058 13
0.562625 13
0.562035 12
0.56188 12
0.56146 12
0.561158 12
0.560419 12
0.5597 12
0.559544 12
0.559248 12
0.558663 12
0.558357 12
0.557614 12
0.557166 12
0.556443 12
0.555882 12
0.555732 12
0.55498 12
0.554257 12
0.554105 12
0.553952 12
0.553091 12
0.55239 12
0.552249 12
0.551508 12
0.551198 12
0.55062 12
0.549764 12
0.549475 12
0.548741 12
0.548741 11
0.548139 11
0.547545 11
0.547255 11
0.547104 11
0.546356 11
0.545302 11
0.544584 11
0.543671 11
0.543368 11
0.542348 11
0.5419 11
0.5419 10
0.541606 10
0.541001 10
0.540579 10
0.540429 10
0.540006 10
0.539298 10
0.538688 10
0.537973 10
0.537379 10
0.536618 10
0.536358 10
0.536079 10
0.535315 10
0.534716 10
0.533843 10
0.532956 10
0.532655 10
0.532352 10
0.531599 10
0.530586 10
0.529725 10
0.528697 10
0.528001 10
0.526799 10
0.52594 10
0.524929 10
0.523586 10
0.523115 10
0.521947 10
0.521368 10
0.52078 10
0.520215 10
0.519483 10
0.518614 10
0.518177 10
0.517429 10
0.516712 10
0.51628 10
0.514968 10
0.514072 10
0.51318 10
0.512129 10
0.511572 10
0.510974 10
0.51006 10
0.508299 10
0.507089 10
0.506185 10
0.505006 10
0.504424 10
0.503302 10
0.502441 10
0.501602 10
0.49964 10
0.498515 10
0.497473 10
0.496735 10
0.495695 10
0.494334 10
0.492834 10
0.491352 10
0.490619 10
0.490472 10
0.489492 10
0.488608 10
0.487428 9
0.48641 9
0.485209 8
0.483737 8
0.481753 8
0.480275 7
0.479537 7
0.477762 7
0.4764 7
0.475006 6
0.473935 6
0.472161 5
0.470539 5
0.468744 5
0.46789 5
0.465821 5
0.464314 5
0.463124 5
0.460613 5
0.459126 5
0.457634 5
0.455437 5
0.453676 5
0.45165 5
0.449457 5
0.447031 5
0.444806 5
0.442123 5
0.440323 5
0.438516 5
0.437609 5
0.436136 5
0.435098 5
0.433027 5
0.430957 5
0.428419 5
0.426658 5
0.424623 5
0.422698 5
0.420884 5
0.419876 5
0.417583 5
0.41501 5
0.413198 5
0.411602 5
0.4094 5
0.406874 5
0.404677 5
0.403202 5
0.401307 5
0.397717 5
0.396235 5
0.393887 5
0.390098 5
0.386419 5
0.384316 5
0.380916 5
0.378529 5
0.375491 5
0.373528 5
0.370586 4
0.368514 4
0.36614 4
0.364083 4
0.361454 3
0.357415 3
0.354406 3
0.350879 3
0.34808 3
0.344075 3
0.341239 3
0.336777 3
0.333776 3
0.33058 3
0.327439 2
0.323427 2
0.318811 1
0.315072 1
0.310753 1
0.307643 1
0.303215 1
0.300264 1
0.29697 1
0.292655 1
0.289561 1
0.286131 1
0.281513 1
0.276889 1
0.272469 1
0.269406 1
0.263434 1
0.258102 1
0.255238 1
0.250356 1
0.246185 1
0.241505 1
0.23574 1
0.231926 1
0.226688 1
0.222634 1
0.217595 1
0.213509 0
0.207379 0
0.203218 0
0.198955 0
0.1944 0
0.188769 0
0.183876 0
0.178578 0
0.172511 0
0.167564 0
0.161962 0
0.1557 0
0.150785 0
0.146865 0
0.141669 0
0.136937 0
0.131654 0
0.127571 0
0.122667 0
0.116738 0
0.111103 0
0.105581 0
0.100076 0
0.0956669 0
0.0922769 0
0.087645 0
0.0835941 0
0.0782874 0
0.0726963 0
0.0677914 0
0.0636352 0
0.0587701 0
0.0551755 0
0.0502713 0
0.0461729 0
0.0418401 0
0.0368847 0
0.0337299 0
0.0305832 0
0.0268146 0
0.0238441 0
0.0208407 0
0.0183626 0
0.0148634 0
0.0117051 0
0.00870247 0
0.00704005 0
0.00554668 0
0.00326201 0
0.0019157 0
0.00118621 0
0.000450483 0
