0.771647 1112
0.771647 1111
0.771632 1110
0.771632 1109
0.771632 1108
0.771632 1107
0.771632 1106
0.771632 1105
0.771632 1104
0.771632 1103
0.771632 1102
0.771632 1101
0.771632 1100
0.771519 1100
0.771519 1099
0.771519 1098
0.771519 1097
0.771519 1096
0.771519 1095
0.771519 1094
0.771519 1093
0.771519 1092
0.771519 1091
0.771519 1090
0.771519 1089
0.771519 1088
0.771519 1087
0.771519 1086
0.771519 1085
0.771519 1084
0.771519 1083
0.771519 1082
0.771519 1081
0.771519 1080
0.771519 1079
0.771519 1078
0.771519 1077
0.771386 1077
0.771386 1076
0.771386 1075
0.771386 1074
0.771386 1073
0.771386 1072
0.771386 1071
0.771386 1070
0.771386 1069
0.771386 1068
0.771252 1068
0.771252 1067
0.771252 1066
0.771252 1065
0.771252 1064
0.771252 1063
0.771252 1062
0.771252 1061
0.771252 1060
0.771252 1059
0.771252 1058
0.771252 1057
0.771252 1056
0.771252 1055
0.771252 1054
0.771252 1053
0.771252 1052
0.771252 1051
0.771252 1050
0.771252 1049
0.771252 1048
0.771252 1047
0.771252 1046
0.771252 1045
0.771252 1044
0.771252 1043
0.771252 1042
0.771252 1041
0.771252 1040
0.771252 1039
0.771252 1038
0.771252 1037
0.771252 1036
0.771252 1035
0.771252 1034
0.771252 1033
0.771252 1032
0.771252 1031
0.771252 1030
0.771252 1029
0.771252 1028
0.771252 1027
0.771252 1026
0.771252 1025
0.771252 1024
0.771252 1023
0.771252 1022
0.771252 1021
0.771252 1020
0.771252 1019
0.771252 1018
0.771252 1017
0.771252 1016
0.771252 1015
0.771252 1014
0.771252 1013
0.771252 1012
0.771252 1011
0.771252 1010
0.771252 1009
0.771252 1008
0.771252 1007
0.771252 1006
0.771252 1005
0.771252 1004
0.771252 1003
0.771252 1002
0.77115 1002
0.77115 1001
0.77115 1000
0.77115 999
0.77115 998
0.77115 997
0.77115 996
0.77115 995
0.77115 994
0.77115 993
0.77115 991
0.77115 990
0.77115 989
0.77115 988
0.77115 987
0.77115 986
0.77115 985
0.77115 984
0.77115 983
0.77115 982
0.77115 981
0.77115 980
0.77115 979
0.77115 978
0.771072 977
0.771072 976
0.771072 975
0.771072 974
0.771072 973
0.771072 972
0.771072 971
0.771072 970
0.771072 969
0.771072 968
0.771072 967
0.771072 966
0.771072 965
0.771072 964
0.771072 963
0.771072 962
0.771072 961
0.771072 960
0.770929 960
0.770929 959
0.770929 958
0.770929 957
0.770813 957
0.770813 956
0.77067 956
0.77067 955
0.77054 955
0.77054 954
0.770413 954
0.770413 953
0.770279 953
0.770279 952
0.770279 951
0.770279 950
0.770279 949
0.770208 948
0.770208 947
0.770208 946
0.770105 946
0.770105 945
0.770105 944
0.770105 943
0.770105 942
0.770105 941
0.770105 940
0.770105 939
0.770105 938
0.770105 937
0.770048 936
0.770048 935
0.770048 934
0.770048 933
0.770048 932
0.770048 931
0.770048 930
0.770048 929
0.770048 928
0.770048 927
0.770048 926
0.770048 925
0.770048 924
0.770048 923
0.770048 922
0.769906 922
0.769906 921
0.769831 920
0.769831 919
0.769831 918
0.769831 917
0.769831 916
0.769831 915
0.769831 914
0.769831 913
0.769831 912
0.769831 911
0.769831 910
0.769831 909
0.769831 908
0.769831 907
0.769831 906
0.769831 905
0.769831 904
0.769831 903
0.769831 902
0.769831 901
0.769831 900
0.769831 899
0.769831 898
0.769831 897
0.769831 896
0.769831 895
0.769831 894
0.769831 893
0.769831 892
0.769831 891
0.769831 890
0.769831 889
0.769831 888
0.769831 887
0.769831 886
0.769831 885
0.769831 884
0.769831 883
0.769831 882
0.769831 881
0.769831 880
0.769831 879
0.769831 878
0.769831 877
0.769831 876
0.769831 875
0.769831 874
0.769831 873
0.769831 872
0.769831 870
0.769831 869
0.769831 868
0.769831 867
0.769831 866
0.769819 865
0.769819 864
0.769819 863
0.769819 862
0.769819 861
0.769819 860
0.769819 859
0.769819 858
0.769819 857
0.769819 856
0.769819 855
0.769819 854
0.769819 853
0.769819 852
0.769819 851
0.769819 850
0.769819 849
0.769819 848
0.769819 847
0.769819 846
0.769793 845
0.769793 844
0.769793 843
0.769793 842
0.769793 841
0.769793 840
0.769793 839
0.769793 838
0.769793 837
0.769793 836
0.769793 835
0.769793 834
0.769793 833
0.769793 832
0.769793 831
0.769793 830
0.769793 829
0.769793 828
0.769793 827
0.769793 826
0.769793 825
0.769655 825
0.769655 824
0.769655 823
0.769655 822
0.769655 821
0.769655 820
0.769525 820
0.769525 819
0.769525 818
0.769525 817
0.769416 817
0.769416 816
0.769416 815
0.769416 814
0.769416 813
0.769416 812
0.769416 811
0.769416 810
0.769416 809
0.769416 808
0.769416 807
0.769416 806
0.769416 805
0.769416 804
0.769416 803
0.769416 802
0.769416 801
0.769416 800
0.769416 799
0.769416 798
0.769416 797
0.769416 796
0.769416 795
0.769416 794
0.769416 793
0.769416 792
0.769416 791
0.769416 790
0.769416 789
0.769416 788
0.769318 788
0.769318 787
0.769318 786
0.769318 785
0.769318 784
0.769318 783
0.769318 782
0.769318 781
0.769318 780
0.769318 779
0.769318 778
0.769318 777
0.769318 776
0.769318 775
0.769318 774
0.769318 773
0.769318 772
0.769178 772
0.769178 771
0.769178 770
0.769178 769
0.769178 768
0.769178 767
0.769178 766
0.769178 765
0.769178 764
0.769178 763
0.769178 762
0.769124 761
0.769124 760
0.769124 759
0.769124 758
0.769124 757
0.769124 756
0.769124 755
0.768983 755
0.768983 754
0.768983 753
0.768983 752
0.768983 751
0.768983 750
0.768983 749
0.768983 748
0.768983 747
0.768983 746
0.768983 745
0.768983 744
0.768983 743
0.768983 742
0.768983 741
0.768983 740
0.768983 739
0.768983 738
0.768983 737
0.768983 736
0.768983 735
0.768983 734
0.768983 733
0.768983 732
0.768983 731
0.768983 730
0.768878 730
0.768779 730
0.768779 729
0.768779 728
0.768779 727
0.768779 726
0.768779 725
0.768661 725
0.768661 724
0.768661 723
0.768661 722
0.768661 721
0.768661 720
0.768661 719
0.768661 718
0.768661 717
0.768661 716
0.768661 715
0.768661 714
0.768543 714
0.768543 713
0.768543 712
0.768543 711
0.768424 711
0.768424 710
0.768424 709
0.768424 708
0.768424 707
0.768424 706
0.768312 706
0.768312 705
0.768312 704
0.768312 703
0.768312 702
0.768252 702
0.768252 701
0.768139 701
0.768139 700
0.767992 700
0.767992 699
0.767992 698
0.767992 697
0.767992 696
0.767992 695
0.767992 694
0.767992 693
0.767992 692
0.767992 691
0.767991 690
0.767991 689
0.767991 688
0.767898 687
0.767898 686
0.767898 685
0.76777 685
0.76777 684
0.76777 683
0.76777 682
0.76777 681
0.76777 680
0.76777 679
0.76777 678
0.76777 677
0.76777 676
0.76777 675
0.76777 674
0.76777 673
0.76777 672
0.76777 671
0.76777 670
0.76777 669
0.76777 668
0.767646 668
0.767546 668
0.767546 667
0.767546 666
0.767449 666
0.767449 665
0.767295 665
0.767295 664
0.767295 663
0.767295 662
0.767295 661
0.767295 660
0.767295 659
0.767295 658
0.767154 658
0.767154 657
0.767154 656
0.767154 655
0.767154 654
0.767154 653
0.767154 652
0.767154 650
0.767154 649
0.767154 648
0.767019 648
0.767019 647
0.767019 646
0.766892 646
0.766776 646
0.766776 645
0.766776 644
0.766776 643
0.766776 642
0.766776 641
0.766776 640
0.766776 639
0.766776 638
0.766776 637
0.766776 636
0.766776 635
0.766776 634
0.766776 633
0.766776 632
0.766776 631
0.766776 630
0.766776 629
0.766776 628
0.766776 627
0.766776 626
0.766776 625
0.766776 624
0.766776 623
0.766776 622
0.766776 621
0.766695 620
0.766695 619
0.766695 618
0.766695 617
0.766695 616
0.766695 615
0.766695 614
0.76655 614
0.766492 613
0.766492 612
0.766492 611
0.766492 610
0.766492 609
0.766492 608
0.766409 607
0.766409 606
0.766409 605
0.766409 604
0.766409 603
0.766251 603
0.766251 602
0.766251 601
0.766251 600
0.766251 599
0.766251 598
0.766251 597
0.766251 596
0.766251 595
0.766251 594
0.766251 593
0.766251 592
0.766238 591
0.766238 590
0.766238 589
0.766238 588
0.766238 587
0.766238 586
0.766096 586
0.766096 585
0.766096 584
0.766096 583
0.766096 582
0.765942 582
0.765942 581
0.765942 580
0.765942 579
0.765942 578
0.765942 577
0.765942 576
0.765901 575
0.765901 574
0.765784 574
0.765784 573
0.765784 572
0.76567 572
0.76567 571
0.76567 570
0.76567 569
0.76567 568
0.76567 567
0.765583 567
0.765583 566
0.765583 565
0.765583 564
0.765583 563
0.765583 562
0.765583 561
0.765583 560
0.765583 559
0.765583 558
0.765583 557
0.765442 557
0.765442 556
0.765442 555
0.765442 554
0.765442 553
0.765389 552
0.765389 551
0.765389 550
0.765276 550
0.765132 550
0.765132 549
0.765132 548
0.765132 547
0.765132 546
0.765132 545
0.765017 545
0.765017 544
0.765017 543
0.765017 542
0.765017 541
0.765017 540
0.765017 539
0.765017 538
0.765017 537
0.765017 536
0.76487 536
0.76487 535
0.76487 534
0.76487 533
0.76487 532
0.76487 531
0.764718 531
0.764718 530
0.764588 530
0.764588 529
0.764588 528
0.764588 527
0.764588 526
0.764588 525
0.764588 524
0.764588 523
0.764506 522
0.764371 522
0.764371 521
0.764371 520
0.764371 519
0.764371 518
0.764371 517
0.764371 516
0.764371 515
0.764256 515
0.764256 514
0.764256 513
0.764256 512
0.764256 511
0.764256 510
0.764256 509
0.764256 508
0.764256 507
0.764131 507
0.764131 506
0.763998 506
0.763998 505
0.763998 504
0.763998 503
0.763998 502
0.763998 501
0.763902 500
0.763783 500
0.763625 500
0.763625 499
0.76354 498
0.76354 497
0.76354 496
0.76354 495
0.76354 494
0.76354 493
0.76354 492
0.76354 491
0.763388 491
0.763388 490
0.763388 489
0.763388 488
0.763388 487
0.763253 487
0.763253 486
0.763253 485
0.763253 484
0.763253 483
0.763253 482
0.763253 481
0.763253 480
0.763094 480
0.763094 479
0.762944 479
0.762944 478
0.762944 477
0.762944 476
0.762944 475
0.762944 474
0.762937 473
0.762937 472
0.762937 471
0.762937 470
0.762937 469
0.762807 469
0.762807 468
0.762807 467
0.762807 466
0.762807 465
0.762807 464
0.762807 462
0.762807 461
0.762807 460
0.762666 460
0.762666 459
0.762666 458
0.762666 457
0.762666 456
0.762506 456
0.762506 455
0.762506 454
0.762506 453
0.762337 453
0.762176 453
0.762176 452
0.762176 451
0.76204 451
0.76204 450
0.761887 450
0.761887 449
0.761887 448
0.761887 447
0.761887 446
0.761887 445
0.761887 444
0.761887 443
0.761887 442
0.761766 442
0.761766 441
0.761766 440
0.761766 439
0.761766 438
0.761667 438
0.761667 437
0.761667 436
0.761667 435
0.761667 434
0.761533 434
0.761533 433
0.761533 432
0.761533 431
0.761533 430
0.761533 429
0.761533 428
0.761533 427
0.761533 426
0.761533 425
0.761409 424
0.761409 423
0.761409 422
0.761409 421
0.761409 420
0.761409 419
0.761409 418
0.761409 417
0.76128 417
0.76128 416
0.76117 416
0.76117 415
0.761107 414
0.761107 413
0.761107 412
0.761107 411
0.761113 410
0.760988 410
0.760988 409
0.760877 409
0.760867 408
0.760766 408
0.760766 407
0.760766 406
0.760766 405
0.760766 404
0.760766 403
0.760766 402
0.760766 401
0.760766 400
0.760623 400
0.760623 399
0.760538 399
0.760378 399
0.760378 398
0.760378 397
0.760378 396
0.760378 395
0.760378 394
0.760378 393
0.760378 392
0.760378 391
0.760267 391
0.760267 390
0.760267 389
0.760267 387
0.760267 386
0.760267 385
0.760267 384
0.760267 383
0.760267 382
0.760267 381
0.760267 380
0.760267 379
0.760267 378
0.760267 377
0.760126 377
0.760126 376
0.760126 375
0.760126 374
0.760126 373
0.760126 372
0.75999 372
0.75999 371
0.759871 371
0.759871 370
0.759871 369
0.759871 368
0.759871 367
0.75974 367
0.759638 367
0.759372 367
0.759242 367
0.759242 366
0.759242 365
0.759242 364
0.759242 363
0.759111 363
0.758972 363
0.758972 362
0.758972 361
0.758972 360
0.75885 360
0.758735 360
0.758735 359
0.758593 359
0.758593 358
0.758593 357
0.758593 356
0.758593 355
0.758593 354
0.758593 353
0.758593 352
0.758593 351
0.758593 350
0.758593 349
0.758593 348
0.758593 347
0.758593 346
0.758593 345
0.758593 344
0.758593 343
0.758593 342
0.758593 341
0.75849 341
0.75849 340
0.75849 339
0.758329 339
0.758329 338
0.758329 337
0.758329 336
0.758234 335
0.758234 334
0.758234 333
0.758234 332
0.758234 331
0.758234 330
0.758116 330
0.758116 329
0.758116 328
0.758116 327
0.758116 325
0.758116 324
0.757983 324
0.757848 324
0.757732 324
0.757732 323
0.757732 322
0.757732 321
0.757599 321
0.757599 320
0.757599 319
0.757599 318
0.757599 317
0.757445 317
0.757445 316
0.757445 315
0.757317 315
0.757317 314
0.757317 313
0.757192 313
0.757192 312
0.757192 311
0.757058 311
0.757058 310
0.757058 309
0.757058 308
0.756925 308
0.756925 307
0.756925 306
0.756925 305
0.756925 304
0.756785 304
0.756785 303
0.75665 303
0.75665 302
0.75665 301
0.75665 300
0.756544 300
0.756544 299
0.756544 298
0.756544 297
0.7564 297
0.7564 296
0.7564 295
0.7564 294
0.756292 294
0.756164 294
0.75604 294
0.755886 294
0.755886 293
0.755886 292
0.755886 291
0.755886 290
0.755886 289
0.755886 288
0.755737 288
0.755737 287
0.755737 286
0.755592 286
0.755592 285
0.755477 285
0.755477 284
0.755477 283
0.755477 282
0.755477 281
0.755477 280
0.755477 279
0.755477 278
0.755477 277
0.755477 276
0.755332 276
0.75518 276
0.755047 276
0.755047 275
0.755047 274
0.755047 273
0.754907 273
0.754907 272
0.754772 272
0.75462 272
0.75462 271
0.75462 270
0.75455 269
0.754427 269
0.754427 268
0.7543 268
0.7543 267
0.7543 266
0.754218 265
0.754218 264
0.754218 263
0.754218 262
0.75406 262
0.75406 261
0.75406 260
0.75406 259
0.753974 258
0.753865 258
0.753865 257
0.753718 257
0.753718 256
0.753718 255
0.753718 254
0.753622 253
0.753622 252
0.753622 251
0.753622 250
0.753481 250
0.753481 249
0.753481 248
0.75339 248
0.75328 248
0.75328 247
0.753127 247
0.753127 246
0.753127 245
0.752967 245
0.752967 244
0.752967 243
0.752967 242
0.752967 241
0.752875 240
0.752875 239
0.752758 239
0.752758 238
0.752758 237
0.752758 236
0.752625 236
0.75254 235
0.752378 235
0.752378 234
0.752243 234
0.752087 234
0.752087 233
0.752005 232
0.752005 231
0.752005 230
0.752005 229
0.751874 229
0.751874 228
0.751874 227
0.75174 227
0.751602 227
0.751562 226
0.751562 225
0.751562 224
0.751562 223
0.751448 223
0.751298 223
0.751282 222
0.751121 222
0.751121 221
0.751121 220
0.751121 219
0.751121 218
0.751121 217
0.750975 217
0.750975 216
0.750885 215
0.750739 215
0.750739 214
0.750739 213
0.750594 213
0.750594 212
0.750594 211
0.750504 210
0.750504 209
0.750504 208
0.750377 208
0.750377 207
0.750254 207
0.750254 206
0.750117 206
0.75002 206
0.75002 205
0.75002 204
0.749903 204
0.749903 203
0.749903 202
0.749775 202
0.749619 202
0.749504 202
0.749504 201
0.749504 200
0.749504 199
0.749504 198
0.749504 197
0.74936 197
0.749223 197
0.749223 196
0.749223 195
0.749074 195
0.748931 195
0.748931 194
0.748931 193
0.748776 193
0.748776 192
0.748776 191
0.748776 190
0.748643 190
0.748643 189
0.748513 189
0.748513 188
0.748513 187
0.748513 186
0.748513 185
0.748513 184
0.748513 183
0.748422 182
0.74828 182
0.748137 182
0.748059 181
0.748059 180
0.747908 180
0.747908 179
0.747908 178
0.747908 177
0.747775 177
0.747644 177
0.747644 176
0.747644 175
0.747556 175
0.747414 175
0.747287 175
0.747139 175
0.746882 175
0.746882 174
0.746725 174
0.746725 173
0.746725 172
0.746725 171
0.746725 170
0.746725 169
0.746725 168
0.746572 168
0.746415 168
0.746415 167
0.746415 166
0.746298 166
0.746298 165
0.746165 164
0.746031 164
0.746031 163
0.746031 162
0.745914 162
0.745914 161
0.745782 161
0.745688 160
0.745558 160
0.745558 159
0.745413 159
0.745281 159
0.74518 159
0.74518 158
0.745055 158
0.744922 158
0.744922 157
0.744781 157
0.744675 157
0.744675 156
0.74451 156
0.74451 155
0.744347 155
0.744211 155
0.744094 155
0.743961 155
0.743961 154
0.743815 154
0.743815 153
0.743654 153
0.743511 153
0.743511 152
0.743357 152
0.743215 152
0.743215 151
0.743075 151
0.743075 150
0.742919 150
0.742783 150
0.742783 149
0.74266 149
0.742502 149
0.742502 148
0.742347 148
0.742195 148
0.742195 147
0.742083 147
0.742075 146
0.742069 145
0.742069 144
0.742069 143
0.741928 143
0.741928 142
0.741779 142
0.741779 141
0.741632 141
0.741632 140
0.741485 140
0.741341 140
0.741202 140
0.741202 139
0.741202 138
0.741073 138
0.740936 138
0.740837 138
0.740692 138
0.740692 137
0.740692 136
0.740544 136
0.740391 136
0.740391 135
0.740391 134
0.740391 133
0.740391 132
0.740391 131
0.740391 130
0.740277 130
0.740277 129
0.740247 128
0.740247 127
0.740247 126
0.740247 125
0.740097 125
0.739942 125
0.739816 125
0.73968 125
0.739526 125
0.739384 125
0.739226 125
0.739106 125
0.73899 125
0.73899 124
0.73899 123
0.738836 123
0.738689 123
0.738546 123
0.738546 122
0.738546 121
0.738391 121
0.738381 120
0.738381 119
0.738245 119
0.738075 119
0.738075 118
0.738075 117
0.738075 116
0.737956 116
0.737813 116
0.7377 116
0.73757 116
0.737532 115
0.737419 115
0.737419 114
0.737419 113
0.737259 112
0.737114 112
0.736988 112
0.736834 112
0.736834 111
0.736673 111
0.736673 110
0.736544 110
0.736544 109
0.736457 108
0.736457 107
0.736457 106
0.736457 105
0.736457 104
0.736303 104
0.736148 104
0.736148 103
0.735989 103
0.735989 102
0.735847 102
0.735689 102
0.735548 102
0.735548 101
0.735464 100
0.735464 99
0.735304 99
0.735197 99
0.73504 99
0.734905 99
0.734757 99
0.734587 99
0.734587 98
0.734441 98
0.734441 97
0.73431 97
0.73431 96
0.73431 95
0.734189 95
0.734062 95
0.734062 94
0.734062 93
0.734062 92
0.733929 92
0.733778 92
0.733637 92
0.733637 91
0.733535 91
0.733535 90
0.733535 89
0.733535 88
0.733392 88
0.73324 88
0.733133 88
0.732989 88
0.732989 87
0.732836 87
0.732836 86
0.732699 86
0.732699 85
0.732699 84
0.732564 84
0.732564 83
0.732421 83
0.732291 83
0.732291 82
0.732133 82
0.732133 81
0.731983 81
0.731834 81
0.731716 81
0.73158 81
0.73143 81
0.731311 81
0.731206 81
0.731206 80
0.731053 80
0.730912 80
0.730912 79
0.730787 79
0.730641 79
0.730641 78
0.730641 77
0.730641 76
0.7305 76
0.730393 76
0.730393 75
0.730249 75
0.730107 75
0.730006 75
0.730006 74
0.729868 74
0.729748 74
0.72959 74
0.729458 74
0.729458 73
0.72931 73
0.729162 73
0.72903 73
0.72903 72
0.728898 72
0.728763 72
0.728611 72
0.728451 72
0.728322 72
0.728163 72
0.728163 71
0.728008 71
0.728008 70
0.72789 70
0.72778 70
0.72769 69
0.727527 69
0.727404 69
0.727404 68
0.727404 67
0.727107 67
0.726951 67
0.726951 66
0.726951 65
0.726951 64
0.726795 64
0.726668 64
0.726519 64
0.726519 63
0.726519 62
0.726376 62
0.726254 62
0.726125 62
0.726125 61
0.725984 61
0.725984 60
0.725844 60
0.725716 60
0.725716 59
0.725587 59
0.725445 59
0.725285 59
0.725285 58
0.725155 58
0.725018 58
0.724902 58
0.724734 58
0.72457 58
0.724545 57
0.7244 57
0.724266 57
0.724144 57
0.724011 57
0.723865 57
0.723865 56
0.723731 56
0.723731 55
0.723597 55
0.723448 55
0.723288 55
0.72297 55
0.72297 54
0.722818 54
0.722665 54
0.722665 53
0.722549 53
0.722404 53
0.722404 52
0.722404 51
0.72228 51
0.722141 51
0.722141 50
0.721994 50
0.721994 49
0.721829 49
0.721829 48
0.721668 48
0.721539 48
0.721401 48
0.721268 48
0.721119 48
0.720987 48
0.720902 47
0.720745 47
0.720599 47
0.720454 47
0.720342 47
0.720181 47
0.720027 47
0.719869 47
0.719709 47
0.719554 47
0.719554 46
0.719401 46
0.719269 46
0.719129 46
0.719129 45
0.718997 45
0.718849 45
0.718695 45
0.718542 45
0.718417 45
0.718284 45
0.718182 45
0.718028 45
0.718028 44
0.717871 44
0.717746 44
0.717746 43
0.717582 43
0.717439 43
0.717286 43
0.717135 43
0.716969 43
0.716969 42
0.716838 42
0.716703 42
0.716557 42
0.716444 42
0.716312 42
0.716168 41
0.716036 41
0.715883 41
0.715765 41
0.715603 41
0.715603 40
0.715471 40
0.715343 40
0.715194 40
0.715024 40
0.714906 40
0.714906 39
0.714753 39
0.71461 39
0.71445 39
0.714316 39
0.714164 39
0.714016 39
0.714016 38
0.713877 38
0.713729 38
0.713583 38
0.713583 37
0.71342 37
0.713284 37
0.713135 37
0.713046 36
0.712898 36
0.712898 35
0.712739 35
0.712596 35
0.712441 35
0.712329 35
0.71219 35
0.71219 34
0.712039 34
0.711878 34
0.711749 34
0.711595 34
0.711434 34
0.711289 34
0.711289 33
0.711155 33
0.711029 33
0.710873 33
0.710873 32
0.710725 32
0.710573 32
0.710409 32
0.710273 32
0.710125 32
0.710125 31
0.709976 31
0.709842 31
0.709689 31
0.709544 31
0.709383 31
0.709243 31
0.709087 31
0.708941 31
0.708803 31
0.708629 31
0.708491 31
0.708341 31
0.708195 31
0.708072 31
0.707909 31
0.707797 31
0.707651 31
0.7075 31
0.707353 31
0.707191 31
0.707049 31
0.706944 31
0.706795 31
0.706795 30
0.706672 30
0.706524 30
0.706406 30
0.706256 30
0.706111 30
0.705938 30
0.705805 30
0.705653 30
0.705554 30
0.705554 29
0.705411 29
0.705275 29
0.705116 29
0.704962 29
0.70482 29
0.70467 29
0.70467 28
0.70467 27
0.704507 27
0.704352 27
0.704352 26
0.70421 26
0.70407 26
0.703915 26
0.703759 26
0.703458 26
0.703339 26
0.703182 26
0.703056 26
0.702904 26
0.702761 26
0.702624 26
0.702492 26
0.702329 26
0.70218 26
0.702046 26
0.701887 26
0.701738 26
0.701593 26
0.701444 26
0.701335 26
0.701177 26
0.701024 26
0.700859 26
0.700735 26
0.700584 26
0.700443 26
0.700319 26
0.700156 26
0.700032 26
0.69988 26
0.699722 26
0.699585 26
0.699437 26
0.699307 26
0.699158 26
0.699001 26
0.698853 26
0.698853 25
0.698698 25
0.698559 25
0.69842 25
0.698269 25
0.698122 25
0.697974 25
0.697831 25
0.697685 25
0.69757 25
0.697422 25
0.697278 25
0.697119 25
0.696972 25
0.696818 25
0.696679 25
0.696679 24
0.696679 23
0.696548 23
0.696415 23
0.69628 23
0.696133 23
0.695978 23
0.695815 23
0.69566 23
0.695528 23
0.695407 23
0.695251 23
0.6951 23
0.694943 23
0.694785 23
0.694664 23
0.694664 22
0.694664 21
0.694504 21
0.694376 21
0.694254 21
0.694103 21
0.693938 21
0.69378 21
0.693624 21
0.693493 21
0.693333 21
0.693179 21
0.693019 21
0.692863 21
0.69273 21
0.692579 21
0.692579 20
0.692445 20
0.692298 20
0.692166 20
0.691992 20
0.691833 20
0.691698 20
0.691552 20
0.691436 20
0.691278 20
0.691132 20
0.690868 20
0.690744 20
0.690597 20
0.690479 20
0.690342 20
0.690202 20
0.690055 20
0.689911 20
0.689743 20
0.689585 20
0.689439 20
0.689311 20
0.689165 20
0.689022 20
0.688872 20
0.688741 20
0.688597 20
0.688437 20
0.688315 20
0.688171 20
0.688006 20
0.687869 20
0.687724 20
0.687596 20
0.687465 20
0.68734 20
0.687235 20
0.687106 20
0.686973 20
0.686803 20
0.686642 20
0.68648 20
0.686373 20
0.686224 20
0.686081 20
0.68594 20
0.68594 19
0.6858 19
0.68564 19
0.685479 19
0.685328 19
0.685191 19
0.685048 19
0.684897 19
0.684745 19
0.684584 19
0.684431 19
0.684289 19
0.684134 19
0.684019 19
0.68387 19
0.683732 19
0.683587 19
0.683435 19
0.683278 19
0.68313 19
0.683008 19
0.683008 18
0.682854 18
0.682703 18
0.682544 18
0.682387 18
0.682256 18
0.682132 18
0.681974 18
0.681827 18
0.68167 18
0.681518 18
0.681371 18
0.681211 18
0.681079 18
0.680922 18
0.680782 18
0.680626 18
0.680476 18
0.680339 18
0.680185 18
0.680043 18
0.679731 18
0.679575 18
0.679441 18
0.679285 18
0.67915 18
0.67915 17
0.679015 17
0.678893 17
0.678779 17
0.678622 17
0.678456 17
0.678346 17
0.678206 17
0.678056 17
0.677905 17
0.677746 17
0.677586 17
0.677461 17
0.677313 17
0.67716 17
0.677027 17
0.67687 17
0.676716 17
0.676564 17
0.67644 17
0.676295 17
0.676149 17
0.676018 17
0.675868 17
0.675704 17
0.675562 17
0.675292 17
0.675139 17
0.674994 17
0.674865 17
0.674727 17
0.674589 17
0.674435 17
0.674306 17
0.674173 17
0.674035 17
0.673866 17
0.67372 17
0.67372 16
0.673566 16
0.673453 16
0.673301 16
0.673157 16
0.67301 16
0.672859 16
0.672724 16
0.672419 16
0.672255 16
0.672103 16
0.671967 16
0.671827 16
0.671688 16
0.671559 16
0.671414 16
0.671275 16
0.671131 16
0.670998 16
0.670846 16
0.670699 16
0.67055 16
0.670412 16
0.670261 16
0.670118 16
0.669974 16
0.669833 16
0.669833 15
0.669682 15
0.669531 15
0.669387 15
0.669248 15
0.669248 14
0.669131 14
0.668986 14
0.668843 14
0.668843 13
0.668689 13
0.668558 13
0.668558 12
0.668416 12
0.668263 12
0.668115 12
0.667956 12
0.667803 12
0.66765 12
0.667512 12
0.667512 11
0.667359 11
0.667209 11
0.667068 11
0.666922 11
0.666797 11
0.666638 11
0.6665 11
0.666359 11
0.666222 11
0.666069 11
0.665908 11
0.665753 11
0.665592 11
0.665439 11
0.665271 11
0.665115 11
0.664962 11
0.664803 11
0.664665 11
0.664533 11
0.664379 11
0.664227 11
0.66408 11
0.663933 11
0.663775 11
0.663615 11
0.663467 11
0.6633 11
0.663138 11
0.662984 11
0.662688 11
0.66255 11
0.662414 11
0.662246 11
0.66211 11
0.661963 11
0.661797 11
0.661672 11
0.661519 11
0.661365 11
0.661231 11
0.661231 10
0.661069 10
0.660922 10
0.660771 9
0.660498 9
0.660352 9
0.660189 9
0.660044 9
0.659929 9
0.659781 9
0.659634 9
0.659476 9
0.659331 9
0.659024 9
0.65887 9
0.658727 9
0.658576 9
0.658415 9
0.658268 9
0.65812 9
0.65812 8
0.657978 8
0.657827 8
0.65767 8
0.657529 8
0.657389 8
0.657389 7
0.6571 7
0.65694 7
0.656794 7
0.656657 7
0.656504 7
0.656358 7
0.656213 7
0.656082 7
0.655926 7
0.655779 7
0.655631 7
0.655631 6
0.655461 6
0.655329 6
0.655185 6
0.655026 6
0.654742 6
0.654595 6
0.654438 6
0.654283 6
0.654123 6
0.653985 6
0.653839 6
0.653685 6
0.653526 6
0.65339 6
0.653244 6
0.653095 6
0.652806 6
0.652649 6
0.652505 6
0.652346 6
0.652218 6
0.652073 6
0.651784 6
0.651632 6
0.651474 6
0.651333 6
0.651035 6
0.650879 6
0.650725 6
0.650581 6
0.65043 6
0.650273 6
0.650137 6
0.649977 6
0.649977 5
0.649845 5
0.649694 5
0.649528 5
0.649382 5
0.649234 5
0.649079 5
0.648932 5
0.648766 5
0.648766 4
0.648607 4
0.648455 4
0.648296 4
0.648137 4
0.648007 4
0.647854 4
0.647687 4
0.647537 4
0.647537 3
0.647389 3
0.647231 3
0.647058 3
0.646914 3
0.646775 3
0.646626 3
0.646484 3
0.64633 3
0.646188 3
0.645903 3
0.645765 3
0.64561 3
0.64561 2
0.645475 2
0.645045 2
0.644918 2
0.644775 2
0.644619 2
0.644482 2
0.644331 2
0.644211 2
0.64405 2
0.643897 2
0.643766 2
0.643601 2
0.643446 2
0.643293 2
0.643133 2
0.642986 2
0.642845 2
0.642695 2
0.642539 2
0.6424 2
0.642245 2
0.64209 2
0.641939 2
0.641786 2
0.641609 2
0.64145 2
0.641307 2
0.641138 2
0.640969 2
0.64082 2
0.640668 2
0.640519 2
0.64036 2
0.640194 2
0.639887 2
0.639729 2
0.639584 2
0.639274 2
0.639104 2
0.638961 2
0.638834 2
0.638679 2
0.638523 2
0.638369 2
0.638234 2
0.638076 2
0.637915 2
0.637764 2
0.637609 2
0.637459 2
0.637303 2
0.637174 2
0.637034 2
0.636878 2
0.636736 2
0.636588 2
0.636442 2
0.636287 2
0.635992 2
0.635838 2
0.63569 2
0.635528 2
0.63538 2
0.63522 2
0.635074 2
0.634932 2
0.634634 2
0.634501 2
0.634345 2
0.634194 2
0.634036 2
0.633877 2
0.63372 2
0.633579 2
0.633441 2
0.63328 2
0.633132 2
0.632971 2
0.632816 2
0.632693 2
0.632563 2
0.632409 2
0.632253 2
0.632096 2
0.631957 2
0.631805 2
0.63166 2
0.631506 2
0.631349 2
0.631048 2
0.630888 2
0.630738 2
0.630584 2
0.630431 2
0.630287 2
0.630142 2
0.629989 2
0.629839 2
0.629688 2
0.629532 2
0.629381 2
0.629226 2
0.629069 2
0.62892 2
0.628762 2
0.628622 2
0.62846 2
0.628161 2
0.628002 2
0.627511 2
0.627353 2
0.62722 2
0.627058 2
0.626921 2
0.626764 2
0.626604 2
0.62645 2
0.626288 2
0.626158 2
0.62602 2
0.62573 2
0.625572 2
0.625429 2
0.62528 2
0.625131 2
0.624964 2
0.624818 2
0.624664 2
0.62438 2
0.624227 2
0.624071 2
0.623914 2
0.623762 2
0.623603 2
0.623459 2
0.623161 2
0.622852 2
0.622693 2
0.622551 2
0.6224 2
0.622244 2
0.621935 2
0.621776 2
0.621624 2
0.621466 2
0.621305 2
0.621146 2
0.620993 2
0.620839 2
0.620698 2
0.620539 2
0.620396 2
0.620236 2
0.62008 2
0.619926 2
0.619774 2
0.619622 2
0.619622 1
0.619471 1
0.619308 1
0.619153 1
0.618997 1
0.618839 1
0.618538 1
0.61838 1
0.618221 1
0.61807 1
0.617937 1
0.617771 1
0.617628 1
0.617467 1
0.617321 1
0.617163 1
0.617163 0
0.617 0
0.61685 0
0.616712 0
0.616554 0
0.616404 0
0.616267 0
0.616119 0
0.615965 0
0.615807 0
0.615659 0
0.615498 0
0.615331 0
0.61518 0
0.614745 0
0.614586 0
0.614437 0
0.614291 0
0.61414 0
0.613975 0
0.613821 0
0.613506 0
0.613376 0
0.613061 0
0.612609 0
0.612472 0
0.612179 0
0.611867 0
0.611716 0
0.61156 0
0.611419 0
0.611284 0
0.611143 0
0.611005 0
0.610847 0
0.610687 0
0.610536 0
0.610393 0
0.610232 0
0.609931 0
0.609645 0
0.609485 0
0.608862 0
0.608722 0
0.608564 0
0.608423 0
0.608107 0
0.607965 0
0.607807 0
0.607649 0
0.60749 0
0.60733 0
0.607183 0
0.607037 0
0.606739 0
0.606437 0
0.606284 0
0.60614 0
0.605995 0
0.605852 0
0.60571 0
0.605562 0
0.605414 0
0.605263 0
0.605113 0
0.604956 0
0.604806 0
0.604649 0
0.604498 0
0.604337 0
0.603857 0
0.603703 0
0.603551 0
0.60324 0
0.603088 0
0.602973 0
0.602845 0
0.602537 0
0.602392 0
0.602233 0
0.60194 0
0.601799 0
0.601657 0
0.60137 0
0.601211 0
0.601055 0
0.600931 0
0.600647 0
0.600507 0
0.600372 0
0.599914 0
0.599775 0
0.599627 0
0.599477 0
0.599344 0
0.599036 0
0.598889 0
0.598601 0
0.598288 0
0.598129 0
0.597991 0
0.597831 0
0.597682 0
0.597529 0
0.597373 0
0.597217 0
0.597078 0
0.596615 0
0.596313 0
0.595723 0
0.595583 0
0.595416 0
0.595273 0
0.595122 0
0.59497 0
0.594673 0
0.59455 0
0.594235 0
0.593775 0
0.593447 0
0.593299 0
0.593148 0
0.593035 0
0.592875 0
0.59273 0
0.592447 0
0.592292 0
0.591706 0
0.591548 0
0.591396 0
0.591242 0
0.590941 0
0.590783 0
0.590624 0
0.590463 0
0.590161 0
0.589869 0
0.58973 0
0.589428 0
0.58928 0
0.588992 0
0.588533 0
0.588381 0
0.587905 0
0.587592 0
0.587436 0
0.587119 0
0.586974 0
0.586817 0
0.586662 0
0.586363 0
0.586223 0
0.585757 0
0.585463 0
0.584992 0
0.584842 0
0.584551 0
0.584111 0
0.583962 0
0.583539 0
0.583386 0
0.583079 0
0.582928 0
0.582774 0
0.582625 0
0.582353 0
0.582037 0
0.581889 0
0.581578 0
0.580968 0
0.580657 0
0.580194 0
0.579883 0
0.579729 0
0.57958 0
0.578948 0
0.57849 0
0.578342 0
0.578035 0
0.577718 0
0.577419 0
0.577257 0
0.57665 0
0.576498 0
0.576202 0
0.575869 0
0.575719 0
0.575578 0
0.575435 0
0.575138 0
0.574827 0
0.574503 0
0.573899 0
0.573595 0
0.573451 0
0.573292 0
0.572988 0
0.572383 0
0.572255 0
0.572104 0
0.571628 0
0.571344 0
0.570883 0
0.570728 0
0.570246 0
0.57009 0
0.569632 0
0.569468 0
0.569036 0
0.568424 0
0.568134 0
0.567671 0
0.567374 0
0.5669 0
0.566283 0
0.565997 0
0.565677 0
0.565221 0
0.564952 0
0.564494 0
0.56418 0
0.563723 0
0.563265 0
0.562968 0
0.562677 0
0.562221 0
0.561911 0
0.561611 0
0.561299 0
0.561008 0
0.56042 0
0.55997 0
0.559201 0
0.558917 0
0.558762 0
0.558622 0
0.558477 0
0.558187 0
0.558038 0
0.557744 0
0.556981 0
0.556691 0
0.556399 0
0.555626 0
0.555475 0
0.555013 0
0.5547 0
0.554547 0
0.553911 0
0.553615 0
0.553458 0
0.55332 0
0.553023 0
0.552717 0
0.55226 0
0.551486 0
0.550737 0
0.550586 0
0.550286 0
0.549981 0
0.549662 0
0.549214 0
0.548336 0
0.547883 0
0.547286 0
0.546988 0
0.546676 0
0.546091 0
0.54485 0
0.544391 0
0.544085 0
0.543626 0
0.543013 0
0.542712 0
0.54224 0
0.541806 0
0.54106 0
0.540447 0
0.539975 0
0.539208 0
0.538754 0
0.53828 0
0.537511 0
0.536574 0
0.536256 0
0.535814 0
0.535056 0
0.534908 0
0.534004 0
0.533092 0
0.532776 0
0.532318 0
0.532161 0
0.531696 0
0.530208 0
0.529768 0
0.529143 0
0.528526 0
0.527178 0
0.526716 0
0.526263 0
0.525796 0
0.524703 0
0.523623 0
0.522679 0
0.520991 0
0.520515 0
0.520355 0
0.519875 0
0.519269 0
0.518685 0
0.517606 0
0.516529 0
0.515782 0
0.515172 0
0.513785 0
0.51319 0
0.512423 0
0.512119 0
0.511518 0
0.510148 0
0.509682 0
0.508618 0
0.508002 0
0.506776 0
0.50573 0
0.50449 0
0.504025 0
0.503097 0
0.501699 0
0.500625 0
0.499059 0
0.498282 0
0.497647 0
0.496704 0
0.496084 0
0.494888 0
0.494428 0
0.492133 0
0.491048 0
0.489968 0
0.488643 0
0.487712 0
0.486032 0
0.484801 0
0.483268 0
0.48145 0
0.48023 0
0.478376 0
0.476962 0
0.476361 0
0.475292 0
0.473912 0
0.472376 0
0.470962 0
0.469889 0
0.467394 0
0.466157 0
0.465376 0
0.464009 0
0.462326 0
0.461391 0
0.459077 0
0.456572 0
0.454569 0
0.453011 0
0.450366 0
0.448628 0
0.447104 0
0.444531 0
0.442071 0
0.439639 0
0.437512 0
0.435023 0
0.431317 0
0.428826 0
0.426198 0
0.422817 0
0.420022 0
0.417258 0
0.414346 0
0.411431 0
0.408369 0
0.404834 0
0.400753 0
0.396145 0
0.391528 0
0.385771 0
0.379293 0
0.37175 0
0.365427 0
0.359252 0
0.352618 0
0.343226 0
0.335387 0
0.324094 0
0.314403 0
0.304157 0
0.290745 0
0.27415 0
0.258783 0
0.244187 0
0.220473 0
0.197048 0
0.170927 0
0.136558 0
0.101805 0
0.0611932 0
0.0282203 0
0.00344866 0
