0.983877 1112 0.300185
0.983877 1111 0.300255
0.983877 1110 0.300327
0.983877 1109 0.300376
0.983877 1108 0.300661
0.983877 1107 0.300674
0.983877 1106 0.301277
0.983877 1105 0.301342
0.983877 1104 0.30138
0.983877 1103 0.3015
0.983877 1102 0.301556
0.983877 1101 0.301672
0.983877 1100 0.301994
0.983683 1100 0.302337
0.983683 1099 0.303098
0.983683 1098 0.303677
0.983683 1097 0.303888
0.983683 1096 0.304174
0.983683 1095 0.304694
0.983683 1094 0.304758
0.983683 1093 0.304788
0.983683 1092 0.305003
0.983683 1091 0.305103
0.983683 1090 0.305534
0.983683 1089 0.305551
0.983683 1088 0.306411
0.983683 1087 0.306747
0.983683 1086 0.307275
0.983683 1085 0.30767
0.983683 1084 0.308556
0.983683 1083 0.309239
0.983683 1082 0.309326
0.983683 1081 0.30938
0.983683 1080 0.309531
0.983683 1079 0.30967
0.983683 1078 0.310123
0.983683 1077 0.310295
0.983489 1077 0.310427
0.983489 1076 0.31127
0.983489 1075 0.311653
0.983489 1074 0.311719
0.983489 1073 0.31285
0.983489 1072 0.313533
0.983489 1071 0.313573
0.983489 1070 0.313675
0.983489 1069 0.314163
0.983489 1068 0.314301
0.983294 1068 0.314977
0.983294 1067 0.315081
0.983294 1066 0.315414
0.983294 1065 0.315717
0.983294 1064 0.316021
0.983294 1063 0.316115
0.983294 1062 0.316186
0.983294 1061 0.316341
0.983294 1060 0.317211
0.983294 1059 0.317237
0.983294 1058 0.318001
0.983294 1057 0.318021
0.983294 1056 0.31835
0.983294 1055 0.318512
0.983294 1054 0.320186
0.983294 1053 0.320565
0.983294 1052 0.321589
0.983294 1051 0.321643
0.983294 1050 0.322034
0.983294 1049 0.322613
0.983294 1048 0.323137
0.983294 1047 0.323881
0.983294 1046 0.323908
0.983294 1045 0.32415
0.983294 1044 0.324551
0.983294 1043 0.324959
0.983294 1042 0.324989
0.983294 1041 0.32553
0.983294 1040 0.32586
0.983294 1039 0.326557
0.983294 1038 0.326759
0.983294 1037 0.327206
0.983294 1036 0.327368
0.983294 1035 0.328969
0.983294 1034 0.329352
0.983294 1033 0.32938
0.983294 1032 0.329989
0.983294 1031 0.330725
0.983294 1030 0.330752
0.983294 1029 0.330768
0.983294 1028 0.331134
0.983294 1027 0.331695
0.983294 1026 0.33246
0.983294 1025 0.333402
0.983294 1024 0.333741
0.983294 1023 0.334366
0.983294 1022 0.334784
0.983294 1021 0.335546
0.983294 1020 0.336658
0.983294 1019 0.337061
0.983294 1018 0.337525
0.983294 1017 0.337943
0.983294 1016 0.339308
0.983294 1015 0.339706
0.983294 1014 0.34013
0.983294 1013 0.340379
0.983294 1012 0.341097
0.983294 1011 0.341185
0.983294 1010 0.341341
0.983294 1009 0.341414
0.983294 1008 0.341538
0.983294 1007 0.341709
0.983294 1006 0.341734
0.983294 1005 0.34244
0.983294 1004 0.343017
0.983294 1003 0.34367
0.983294 1002 0.343677
0.9831 1002 0.344168
0.9831 1001 0.344351
0.9831 1000 0.344658
0.9831 999 0.344748
0.9831 998 0.345934
0.9831 997 0.346028
0.9831 996 0.346152
0.9831 995 0.346478
0.9831 994 0.34821
0.9831 993 0.348318
0.9831 991 0.348523
0.9831 990 0.349085
0.9831 989 0.349364
0.9831 988 0.349774
0.9831 987 0.350441
0.9831 986 0.35078
0.9831 985 0.350805
0.9831 984 0.351759
0.9831 983 0.352104
0.9831 982 0.352481
0.9831 981 0.352862
0.9831 980 0.353149
0.9831 979 0.353329
0.9831 978 0.353516
0.9831 977 0.355666
0.9831 976 0.356409
0.9831 975 0.356755
0.9831 974 0.356848
0.9831 973 0.35742
0.9831 972 0.357451
0.9831 971 0.357529
0.9831 970 0.357835
0.9831 969 0.357865
0.9831 968 0.358169
0.9831 967 0.360121
0.9831 966 0.361137
0.9831 965 0.361327
0.9831 964 0.361549
0.9831 963 0.362165
0.9831 962 0.362265
0.9831 961 0.362827
0.9831 960 0.363043
0.982906 960 0.363697
0.982906 959 0.364336
0.982906 958 0.364456
0.982906 957 0.364475
0.982712 957 0.365135
0.982712 956 0.36527
0.982517 956 0.365682
0.982517 955 0.365921
0.982323 955 0.366376
0.982323 954 0.366423
0.982129 954 0.366525
0.982129 953 0.36684
0.981935 953 0.366978
0.981935 952 0.368801
0.981935 951 0.368845
0.981935 950 0.369714
0.981935 949 0.369824
0.981935 948 0.369988
0.981935 947 0.370494
0.981935 946 0.371324
0.98174 946 0.371368
0.98174 945 0.371414
0.98174 944 0.372803
0.98174 943 0.373406
0.98174 942 0.373484
0.98174 941 0.373495
0.98174 940 0.373697
0.98174 939 0.373772
0.98174 938 0.374015
0.98174 937 0.374162
0.98174 936 0.37534
0.98174 935 0.375844
0.98174 934 0.37597
0.98174 933 0.377024
0.98174 932 0.377269
0.98174 931 0.377405
0.98174 930 0.377819
0.98174 929 0.378466
0.98174 928 0.378728
0.98174 927 0.378962
0.98174 926 0.378983
0.98174 925 0.379224
0.98174 924 0.379623
0.98174 923 0.379688
0.98174 922 0.380026
0.981546 922 0.380173
0.981546 921 0.380509
0.981546 920 0.380696
0.981546 919 0.382619
0.981546 918 0.382909
0.981546 917 0.383121
0.981546 916 0.383125
0.981546 915 0.383814
0.981546 914 0.383932
0.981546 913 0.38427
0.981546 912 0.38463
0.981546 911 0.385377
0.981546 910 0.386211
0.981546 909 0.386364
0.981546 908 0.386417
0.981546 907 0.387911
0.981546 906 0.388469
0.981546 905 0.388591
0.981546 904 0.389026
0.981546 903 0.389193
0.981546 902 0.389394
0.981546 901 0.389399
0.981546 900 0.39039
0.981546 899 0.390657
0.981546 898 0.391027
0.981546 897 0.391393
0.981546 896 0.391467
0.981546 895 0.391778
0.981546 894 0.391838
0.981546 893 0.392215
0.981546 892 0.392784
0.981546 891 0.393593
0.981546 890 0.393946
0.981546 889 0.394875
0.981546 888 0.395287
0.981546 887 0.395441
0.981546 886 0.395486
0.981546 885 0.395872
0.981546 884 0.396743
0.981546 883 0.397168
0.981546 882 0.397359
0.981546 881 0.397416
0.981546 880 0.397972
0.981546 879 0.398152
0.981546 878 0.398187
0.981546 877 0.39845
0.981546 876 0.398817
0.981546 875 0.398946
0.981546 874 0.399411
0.981546 873 0.399563
0.981546 872 0.399699
0.981546 870 0.400783
0.981546 869 0.400954
0.981546 868 0.401363
0.981546 867 0.401654
0.981546 866 0.402411
0.981546 865 0.402557
0.981546 864 0.403105
0.981546 863 0.403212
0.981546 862 0.403385
0.981546 861 0.403775
0.981546 860 0.405175
0.981546 859 0.40594
0.981546 858 0.407604
0.981546 857 0.407782
0.981546 856 0.408767
0.981546 855 0.408843
0.981546 854 0.409255
0.981546 853 0.409393
0.981546 852 0.409666
0.981546 851 0.40997
0.981546 850 0.410013
0.981546 849 0.410691
0.981546 848 0.410805
0.981546 847 0.411628
0.981546 846 0.412686
0.981546 845 0.412904
0.981546 844 0.412919
0.981546 843 0.413063
0.981546 842 0.413139
0.981546 841 0.414349
0.981546 840 0.414629
0.981546 839 0.415717
0.981546 838 0.415974
0.981546 837 0.416397
0.981546 836 0.417263
0.981546 835 0.417362
0.981546 834 0.418112
0.981546 833 0.418636
0.981546 832 0.418857
0.981546 831 0.419194
0.981546 830 0.419856
0.981546 829 0.420641
0.981546 828 0.420811
0.981546 827 0.421013
0.981546 826 0.421202
0.981546 825 0.421328
0.981352 825 0.421572
0.981352 824 0.421963
0.981352 823 0.422287
0.981352 822 0.422548
0.981352 821 0.422943
0.981352 820 0.423393
0.981158 820 0.424553
0.981158 819 0.425353
0.981158 818 0.425537
0.981158 817 0.425725
0.980963 817 0.425767
0.980963 816 0.426589
0.980963 815 0.427198
0.980963 814 0.42843
0.980963 813 0.429827
0.980963 812 0.429886
0.980963 811 0.430552
0.980963 810 0.430564
0.980963 809 0.430675
0.980963 808 0.431264
0.980963 807 0.432922
0.980963 806 0.433146
0.980963 805 0.434211
0.980963 804 0.434244
0.980963 803 0.435498
0.980963 802 0.435662
0.980963 801 0.436632
0.980963 800 0.436697
0.980963 799 0.436751
0.980963 798 0.436949
0.980963 797 0.438017
0.980963 796 0.43811
0.980963 795 0.438664
0.980963 794 0.43871
0.980963 793 0.439189
0.980963 792 0.440447
0.980963 791 0.440479
0.980963 790 0.441295
0.980963 789 0.441922
0.980963 788 0.442195
0.980769 788 0.44271
0.980769 787 0.442773
0.980769 786 0.44353
0.980769 785 0.443566
0.980769 784 0.44376
0.980769 783 0.444169
0.980769 782 0.444266
0.980769 781 0.444912
0.980769 780 0.445253
0.980769 779 0.445345
0.980769 778 0.445553
0.980769 777 0.445908
0.980769 776 0.448101
0.980769 775 0.448218
0.980769 774 0.449084
0.980769 773 0.450573
0.980769 772 0.45097
0.980575 772 0.451237
0.980575 771 0.451545
0.980575 770 0.452484
0.980575 769 0.453396
0.980575 768 0.454819
0.980575 767 0.455222
0.980575 766 0.455943
0.980575 765 0.456067
0.980575 764 0.456944
0.980575 763 0.457915
0.980575 762 0.458927
0.980575 761 0.459384
0.980575 760 0.460434
0.980575 759 0.460479
0.980575 758 0.460569
0.980575 757 0.461304
0.980575 756 0.461467
0.980575 755 0.463533
0.980381 755 0.463707
0.980381 754 0.46414
0.980381 753 0.465799
0.980381 752 0.466192
0.980381 751 0.466781
0.980381 750 0.467056
0.980381 749 0.467154
0.980381 748 0.467854
0.980381 747 0.468425
0.980381 746 0.468883
0.980381 745 0.469256
0.980381 744 0.470314
0.980381 743 0.471105
0.980381 742 0.471162
0.980381 741 0.471548
0.980381 740 0.472049
0.980381 739 0.472058
0.980381 738 0.472333
0.980381 737 0.472903
0.980381 736 0.472949
0.980381 735 0.472978
0.980381 734 0.473044
0.980381 733 0.473079
0.980381 732 0.473768
0.980381 731 0.476309
0.980381 730 0.476637
0.980186 730 0.477049
0.979992 730 0.477221
0.979992 729 0.477751
0.979992 728 0.478093
0.979992 727 0.478205
0.979992 726 0.480278
0.979992 725 0.481462
0.979798 725 0.481944
0.979798 724 0.482782
0.979798 723 0.483496
0.979798 722 0.48359
0.979798 721 0.483886
0.979798 720 0.48399
0.979798 719 0.48472
0.979798 718 0.484769
0.979798 717 0.484948
0.979798 716 0.485682
0.979798 715 0.48727
0.979798 714 0.487609
0.979604 714 0.488535
0.979604 713 0.489247
0.979604 712 0.48929
0.979604 711 0.489529
0.979409 711 0.490032
0.979409 710 0.490193
0.979409 709 0.490462
0.979409 708 0.490671
0.979409 707 0.492942
0.979409 706 0.493728
0.979215 706 0.494574
0.979215 705 0.495352
0.979215 704 0.495529
0.979215 703 0.495688
0.979215 702 0.495858
0.979021 702 0.496729
0.979021 701 0.496943
0.978827 701 0.497104
0.978827 700 0.497325
0.978632 700 0.497404
0.978632 699 0.497412
0.978632 698 0.497673
0.978632 697 0.497758
0.978632 696 0.499197
0.978632 695 0.499918
0.978632 694 0.500017
0.978632 693 0.501155
0.978632 692 0.501544
0.978632 691 0.501553
0.978632 690 0.501679
0.978632 689 0.501686
0.978632 688 0.504801
0.978632 687 0.505185
0.978632 686 0.505621
0.978632 685 0.505791
0.978438 685 0.506419
0.978438 684 0.506835
0.978438 683 0.506944
0.978438 682 0.506959
0.978438 681 0.506966
0.978438 680 0.507298
0.978438 679 0.507864
0.978438 678 0.50963
0.978438 677 0.510622
0.978438 676 0.510672
0.978438 675 0.511256
0.978438 674 0.511727
0.978438 673 0.512583
0.978438 672 0.512989
0.978438 671 0.513307
0.978438 670 0.514251
0.978438 669 0.514761
0.978438 668 0.514951
0.978244 668 0.515186
0.97805 668 0.515428
0.97805 667 0.515974
0.97805 666 0.516158
0.977855 666 0.518677
0.977855 665 0.519419
0.977661 665 0.519567
0.977661 664 0.519579
0.977661 663 0.519844
0.977661 662 0.520912
0.977661 661 0.521116
0.977661 660 0.521495
0.977661 659 0.521567
0.977661 658 0.522311
0.977467 658 0.524027
0.977467 657 0.524718
0.977467 656 0.525772
0.977467 655 0.52585
0.977467 654 0.525986
0.977467 653 0.526487
0.977467 652 0.526969
0.977467 650 0.526984
0.977467 649 0.52756
0.977467 648 0.528151
0.977273 648 0.528351
0.977273 647 0.528951
0.977273 646 0.529132
0.977078 646 0.529569
0.976884 646 0.529795
0.976884 645 0.529939
0.976884 644 0.529958
0.976884 643 0.530422
0.976884 642 0.531884
0.976884 641 0.532054
0.976884 640 0.532102
0.976884 639 0.534271
0.976884 638 0.534361
0.976884 637 0.535055
0.976884 636 0.535451
0.976884 635 0.535882
0.976884 634 0.536329
0.976884 633 0.538675
0.976884 632 0.539108
0.976884 631 0.541993
0.976884 630 0.542128
0.976884 629 0.542294
0.976884 628 0.542868
0.976884 627 0.543019
0.976884 626 0.543203
0.976884 625 0.544358
0.976884 624 0.546798
0.976884 623 0.546964
0.976884 622 0.547773
0.976884 621 0.548472
0.976884 620 0.548564
0.976884 619 0.549416
0.976884 618 0.550195
0.976884 617 0.550427
0.976884 616 0.550441
0.976884 615 0.552143
0.976884 614 0.552388
0.97669 614 0.552395
0.97669 613 0.552585
0.97669 612 0.552622
0.97669 611 0.554914
0.97669 610 0.555521
0.97669 609 0.556404
0.97669 608 0.556425
0.97669 607 0.55662
0.97669 606 0.557109
0.97669 605 0.5589
0.97669 604 0.559135
0.97669 603 0.559223
0.976496 603 0.559489
0.976496 602 0.559971
0.976496 601 0.560342
0.976496 600 0.561157
0.976496 599 0.562966
0.976496 598 0.5632
0.976496 597 0.564272
0.976496 596 0.564319
0.976496 595 0.565271
0.976496 594 0.565307
0.976496 593 0.565543
0.976496 592 0.566761
0.976496 591 0.568087
0.976496 590 0.568266
0.976496 589 0.57009
0.976496 588 0.571309
0.976496 587 0.571591
0.976496 586 0.571991
0.976301 586 0.572819
0.976301 585 0.573683
0.976301 584 0.575058
0.976301 583 0.575178
0.976301 582 0.575694
0.976107 582 0.575934
0.976107 581 0.576087
0.976107 580 0.57746
0.976107 579 0.578629
0.976107 578 0.579289
0.976107 577 0.579392
0.976107 576 0.579956
0.976107 575 0.580303
0.976107 574 0.58115
0.975913 574 0.581908
0.975913 573 0.584537
0.975913 572 0.585427
0.975719 572 0.585913
0.975719 571 0.588029
0.975719 570 0.589077
0.975719 569 0.591355
0.975719 568 0.59174
0.975719 567 0.592715
0.975524 567 0.592904
0.975524 566 0.594268
0.975524 565 0.594365
0.975524 564 0.59541
0.975524 563 0.595444
0.975524 562 0.596251
0.975524 561 0.596409
0.975524 560 0.596456
0.975524 559 0.596703
0.975524 558 0.597707
0.975524 557 0.59791
0.97533 557 0.598213
0.97533 556 0.599102
0.97533 555 0.599304
0.97533 554 0.599419
0.97533 553 0.599969
0.97533 552 0.601384
0.97533 551 0.601485
0.97533 550 0.602084
0.975136 550 0.602436
0.974942 550 0.603139
0.974942 549 0.604161
0.974942 548 0.608051
0.974942 547 0.608571
0.974942 546 0.610356
0.974942 545 0.612744
0.974747 545 0.613146
0.974747 544 0.613179
0.974747 543 0.613316
0.974747 542 0.613747
0.974747 541 0.613765
0.974747 540 0.615422
0.974747 539 0.615494
0.974747 538 0.615963
0.974747 537 0.615989
0.974747 536 0.617189
0.974553 536 0.617412
0.974553 535 0.618129
0.974553 534 0.618765
0.974553 533 0.618971
0.974553 532 0.619763
0.974553 531 0.619852
0.974359 531 0.61986
0.974359 530 0.620233
0.974165 530 0.620562
0.974165 529 0.621149
0.974165 528 0.621165
0.974165 527 0.621582
0.974165 526 0.621861
0.974165 525 0.621863
0.974165 524 0.622353
0.974165 523 0.622592
0.974165 522 0.623684
0.97397 522 0.623896
0.97397 521 0.624301
0.97397 520 0.624352
0.97397 519 0.625603
0.97397 518 0.625928
0.97397 517 0.629091
0.97397 516 0.629671
0.97397 515 0.630222
0.973776 515 0.631581
0.973776 514 0.631893
0.973776 513 0.631986
0.973776 512 0.632671
0.973776 511 0.634242
0.973776 510 0.634309
0.973776 509 0.634752
0.973776 508 0.637215
0.973776 507 0.63789
0.973582 507 0.639301
0.973582 506 0.640801
0.973388 506 0.642245
0.973388 505 0.642478
0.973388 504 0.643021
0.973388 503 0.643319
0.973388 502 0.643615
0.973388 501 0.643805
0.973388 500 0.644116
0.973193 500 0.644122
0.972999 500 0.64441
0.972999 499 0.644912
0.972999 498 0.645468
0.972999 497 0.645734
0.972999 496 0.64614
0.972999 495 0.64652
0.972999 494 0.647072
0.972999 493 0.647734
0.972999 492 0.648115
0.972999 491 0.648197
0.972805 491 0.648202
0.972805 490 0.648556
0.972805 489 0.650734
0.972805 488 0.652074
0.972805 487 0.652611
0.972611 487 0.652924
0.972611 486 0.653146
0.972611 485 0.653268
0.972611 484 0.654467
0.972611 483 0.654691
0.972611 482 0.654725
0.972611 481 0.654998
0.972611 480 0.655673
0.972416 480 0.656005
0.972416 479 0.656548
0.972222 479 0.656915
0.972222 478 0.657008
0.972222 477 0.657288
0.972222 476 0.657418
0.972222 475 0.657498
0.972222 474 0.657519
0.972222 473 0.657624
0.972222 472 0.657852
0.972222 471 0.659796
0.972222 470 0.659883
0.972222 469 0.660154
0.972028 469 0.660656
0.972028 468 0.660906
0.972028 467 0.661629
0.972028 466 0.661852
0.972028 465 0.662158
0.972028 464 0.662887
0.972028 462 0.663707
0.972028 461 0.664106
0.972028 460 0.665458
0.971834 460 0.665817
0.971834 459 0.666449
0.971834 458 0.666569
0.971834 457 0.66676
0.971834 456 0.667805
0.971639 456 0.667896
0.971639 455 0.6679
0.971639 454 0.668025
0.971639 453 0.66827
0.971445 453 0.668497
0.971251 453 0.668648
0.971251 452 0.669698
0.971251 451 0.670018
0.971057 451 0.67018
0.971057 450 0.670475
0.970862 450 0.670812
0.970862 449 0.670922
0.970862 448 0.671667
0.970862 447 0.672137
0.970862 446 0.673113
0.970862 445 0.673509
0.970862 444 0.674556
0.970862 443 0.675077
0.970862 442 0.676196
0.970668 442 0.676287
0.970668 441 0.676853
0.970668 440 0.67692
0.970668 439 0.677807
0.970668 438 0.677972
0.970474 438 0.678149
0.970474 437 0.678436
0.970474 436 0.679057
0.970474 435 0.679433
0.970474 434 0.681769
0.97028 434 0.682221
0.97028 433 0.683059
0.97028 432 0.683284
0.97028 431 0.684017
0.97028 430 0.684189
0.97028 429 0.684655
0.97028 428 0.684699
0.97028 427 0.685343
0.97028 426 0.685975
0.97028 425 0.688363
0.970085 424 0.688881
0.970085 423 0.689114
0.970085 422 0.689311
0.970085 421 0.68936
0.970085 420 0.68955
0.970085 419 0.689662
0.970085 418 0.689702
0.970085 417 0.689723
0.969891 417 0.690504
0.969891 416 0.691066
0.969697 416 0.691271
0.969697 415 0.69201
0.969697 414 0.692995
0.969697 413 0.693013
0.969697 412 0.693103
0.969697 411 0.69491
0.969697 410 0.695427
0.969503 410 0.697427
0.969503 409 0.69878
0.969308 409 0.699428
0.969308 408 0.702803
0.969114 408 0.703256
0.969114 407 0.703416
0.969114 406 0.703563
0.969114 405 0.70363
0.969114 404 0.705661
0.969114 403 0.70581
0.969114 402 0.707361
0.969114 401 0.709983
0.969114 400 0.71001
0.96892 400 0.710122
0.96892 399 0.711499
0.968726 399 0.712597
0.968531 399 0.712695
0.968531 398 0.713796
0.968531 397 0.715963
0.968531 396 0.716106
0.968531 395 0.716963
0.968531 394 0.717906
0.968531 393 0.71879
0.968531 392 0.718978
0.968531 391 0.719924
0.968337 391 0.720437
0.968337 390 0.720517
0.968337 389 0.720558
0.968337 387 0.721657
0.968337 386 0.721947
0.968337 385 0.722935
0.968337 384 0.725302
0.968337 383 0.72639
0.968337 382 0.726787
0.968337 381 0.727176
0.968337 380 0.728481
0.968337 379 0.730212
0.968337 378 0.730557
0.968337 377 0.730694
0.968143 377 0.731052
0.968143 376 0.733945
0.968143 375 0.733956
0.968143 374 0.734085
0.968143 373 0.734644
0.968143 372 0.734846
0.967949 372 0.735676
0.967949 371 0.735995
0.967754 371 0.736564
0.967754 370 0.736674
0.967754 369 0.736788
0.967754 368 0.73685
0.967754 367 0.73697
0.96756 367 0.737149
0.967366 367 0.737855
0.966977 367 0.738368
0.966783 367 0.7388
0.966783 366 0.739567
0.966783 365 0.739742
0.966783 364 0.740944
0.966783 363 0.741165
0.966589 363 0.741576
0.966395 363 0.741675
0.966395 362 0.742211
0.966395 361 0.742921
0.966395 360 0.743106
0.9662 360 0.743309
0.966006 360 0.743455
0.966006 359 0.744338
0.965812 359 0.744569
0.965812 358 0.74478
0.965812 357 0.745326
0.965812 356 0.746361
0.965812 355 0.746412
0.965812 354 0.747417
0.965812 353 0.747456
0.965812 352 0.748088
0.965812 351 0.74818
0.965812 350 0.748711
0.965812 349 0.74892
0.965812 348 0.750417
0.965812 347 0.750622
0.965812 346 0.751289
0.965812 345 0.751741
0.965812 344 0.751764
0.965812 343 0.752172
0.965812 342 0.752654
0.965812 341 0.752842
0.965618 341 0.75305
0.965618 340 0.754455
0.965618 339 0.7547
0.965423 339 0.75508
0.965423 338 0.755218
0.965423 337 0.755727
0.965423 336 0.755869
0.965423 335 0.756818
0.965423 334 0.757167
0.965423 333 0.757679
0.965423 332 0.757696
0.965423 331 0.75829
0.965423 330 0.760674
0.965229 330 0.76144
0.965229 329 0.761812
0.965229 328 0.761953
0.965229 327 0.762208
0.965229 325 0.762423
0.965229 324 0.76344
0.965035 324 0.763796
0.964841 324 0.764195
0.964646 324 0.764424
0.964646 323 0.765035
0.964646 322 0.765042
0.964646 321 0.765248
0.964452 321 0.766226
0.964452 320 0.766339
0.964452 319 0.766872
0.964452 318 0.768373
0.964452 317 0.768536
0.964258 317 0.768717
0.964258 316 0.769612
0.964258 315 0.769894
0.964064 315 0.770619
0.964064 314 0.772203
0.964064 313 0.772941
0.963869 313 0.773648
0.963869 312 0.774758
0.963869 311 0.775555
0.963675 311 0.775874
0.963675 310 0.776173
0.963675 309 0.776482
0.963675 308 0.776765
0.963481 308 0.776912
0.963481 307 0.777675
0.963481 306 0.777812
0.963481 305 0.777902
0.963481 304 0.778321
0.963287 304 0.778607
0.963287 303 0.77998
0.963092 303 0.781018
0.963092 302 0.78127
0.963092 301 0.781319
0.963092 300 0.781378
0.962898 300 0.782021
0.962898 299 0.782355
0.962898 298 0.783292
0.962898 297 0.784682
0.962704 297 0.785064
0.962704 296 0.785141
0.962704 295 0.785437
0.962704 294 0.785772
0.96251 294 0.785929
0.962315 294 0.786672
0.962121 294 0.788222
0.961927 294 0.789436
0.961927 293 0.78961
0.961927 292 0.789965
0.961927 291 0.790603
0.961927 290 0.791603
0.961927 289 0.791845
0.961927 288 0.792243
0.961733 288 0.793579
0.961733 287 0.793706
0.961733 286 0.794488
0.961538 286 0.794806
0.961538 285 0.795907
0.961344 285 0.797019
0.961344 284 0.797431
0.961344 283 0.797673
0.961344 282 0.798001
0.961344 281 0.798373
0.961344 280 0.799717
0.961344 279 0.800532
0.961344 278 0.80096
0.961344 277 0.80154
0.961344 276 0.801596
0.96115 276 0.801677
0.960956 276 0.803045
0.960761 276 0.803242
0.960761 275 0.804238
0.960761 274 0.804488
0.960761 273 0.805155
0.960567 273 0.806183
0.960567 272 0.806184
0.960373 272 0.806643
0.960179 272 0.807454
0.960179 271 0.807949
0.960179 270 0.808006
0.960179 269 0.808311
0.959984 269 0.810038
0.959984 268 0.81026
0.95979 268 0.81299
0.95979 267 0.813741
0.95979 266 0.81401
0.95979 265 0.814768
0.95979 264 0.815051
0.95979 263 0.815737
0.95979 262 0.815815
0.959596 262 0.816719
0.959596 261 0.816788
0.959596 260 0.817166
0.959596 259 0.81799
0.959596 258 0.818177
0.959402 258 0.818314
0.959402 257 0.818334
0.959207 257 0.818498
0.959207 256 0.81954
0.959207 255 0.819718
0.959207 254 0.819804
0.959207 253 0.820494
0.959207 252 0.820659
0.959207 251 0.821585
0.959207 250 0.821792
0.959013 250 0.822164
0.959013 249 0.822384
0.959013 248 0.823235
0.958819 248 0.823488
0.958625 248 0.824127
0.958625 247 0.824492
0.95843 247 0.824842
0.95843 246 0.824922
0.95843 245 0.825682
0.958236 245 0.826279
0.958236 244 0.826577
0.958236 243 0.826727
0.958236 242 0.826818
0.958236 241 0.82682
0.958236 240 0.826966
0.958236 239 0.828057
0.958042 239 0.829176
0.958042 238 0.829292
0.958042 237 0.830809
0.958042 236 0.830827
0.957848 236 0.831314
0.957848 235 0.83173
0.957653 235 0.83174
0.957653 234 0.83175
0.957459 234 0.831974
0.957265 234 0.832035
0.957265 233 0.83217
0.957265 232 0.834153
0.957265 231 0.834254
0.957265 230 0.834696
0.957265 229 0.834882
0.957071 229 0.835009
0.957071 228 0.835371
0.957071 227 0.835874
0.956876 227 0.836094
0.956682 227 0.836632
0.956682 226 0.836696
0.956682 225 0.836948
0.956682 224 0.837091
0.956682 223 0.837263
0.956488 223 0.837508
0.956294 223 0.838818
0.956294 222 0.838933
0.956099 222 0.83968
0.956099 221 0.840039
0.956099 220 0.84045
0.956099 219 0.840851
0.956099 218 0.840854
0.956099 217 0.841533
0.955905 217 0.842053
0.955905 216 0.843325
0.955905 215 0.844636
0.955711 215 0.846087
0.955711 214 0.846158
0.955711 213 0.846544
0.955517 213 0.846601
0.955517 212 0.847672
0.955517 211 0.848244
0.955517 210 0.849196
0.955517 209 0.849323
0.955517 208 0.849947
0.955322 208 0.850413
0.955322 207 0.850927
0.955128 207 0.850989
0.955128 206 0.851351
0.954934 206 0.851629
0.95474 206 0.851934
0.95474 205 0.852146
0.95474 204 0.85221
0.954545 204 0.852356
0.954545 203 0.85269
0.954545 202 0.853839
0.954351 202 0.85456
0.954157 202 0.855083
0.953963 202 0.855306
0.953963 201 0.855826
0.953963 200 0.856129
0.953963 199 0.856133
0.953963 198 0.856183
0.953963 197 0.856406
0.953768 197 0.856936
0.953574 197 0.857011
0.953574 196 0.857047
0.953574 195 0.857923
0.95338 195 0.858118
0.953186 195 0.858218
0.953186 194 0.858313
0.953186 193 0.858909
0.952991 193 0.859306
0.952991 192 0.859435
0.952991 191 0.859917
0.952991 190 0.860412
0.952797 190 0.862222
0.952797 189 0.862315
0.952603 189 0.864547
0.952603 188 0.864587
0.952603 187 0.865356
0.952603 186 0.865468
0.952603 185 0.86549
0.952603 184 0.86578
0.952603 183 0.866019
0.952603 182 0.867732
0.952409 182 0.867864
0.952214 182 0.868171
0.952214 181 0.86839
0.952214 180 0.868608
0.95202 180 0.869384
0.95202 179 0.869531
0.95202 178 0.869698
0.95202 177 0.87127
0.951826 177 0.871795
0.951632 177 0.873193
0.951632 176 0.873226
0.951632 175 0.874024
0.951437 175 0.874155
0.951243 175 0.87492
0.951049 175 0.875703
0.950855 175 0.876177
0.950466 175 0.877801
0.950466 174 0.877941
0.950272 174 0.878099
0.950272 173 0.879155
0.950272 172 0.879456
0.950272 171 0.87965
0.950272 170 0.880036
0.950272 169 0.88039
0.950272 168 0.881716
0.950078 168 0.881804
0.949883 168 0.882177
0.949883 167 0.882263
0.949883 166 0.882545
0.949689 166 0.883067
0.949689 165 0.883604
0.949495 164 0.883876
0.949301 164 0.884729
0.949301 163 0.884893
0.949301 162 0.884918
0.949106 162 0.885417
0.949106 161 0.885522
0.948912 161 0.885992
0.948912 160 0.886015
0.948718 160 0.886508
0.948718 159 0.887138
0.948524 159 0.887222
0.948329 159 0.8875
0.948135 159 0.888965
0.948135 158 0.889352
0.947941 158 0.889451
0.947747 158 0.889975
0.947747 157 0.890274
0.947552 157 0.890413
0.947358 157 0.890929
0.947358 156 0.891113
0.947164 156 0.891177
0.947164 155 0.891203
0.94697 155 0.891297
0.946775 155 0.89131
0.946581 155 0.891323
0.946387 155 0.891632
0.946387 154 0.892131
0.946193 154 0.892602
0.946193 153 0.892837
0.945998 153 0.893063
0.945804 153 0.893232
0.945804 152 0.893999
0.94561 152 0.894031
0.945416 152 0.894573
0.945416 151 0.895154
0.945221 151 0.895489
0.945221 150 0.896041
0.945027 150 0.896639
0.944833 150 0.897315
0.944833 149 0.897735
0.944639 149 0.898199
0.944444 149 0.898202
0.944444 148 0.898832
0.94425 148 0.899128
0.944056 148 0.899158
0.944056 147 0.899619
0.943862 147 0.899647
0.943862 146 0.899942
0.943862 145 0.900277
0.943862 144 0.900573
0.943862 143 0.901962
0.943667 143 0.90249
0.943667 142 0.902991
0.943473 142 0.903361
0.943473 141 0.90367
0.943279 141 0.903976
0.943279 140 0.904099
0.943085 140 0.904336
0.94289 140 0.905949
0.942696 140 0.906255
0.942696 139 0.906368
0.942696 138 0.906801
0.942502 138 0.907081
0.942308 138 0.907102
0.942113 138 0.908094
0.941919 138 0.90841
0.941919 137 0.908714
0.941919 136 0.91031
0.941725 136 0.910666
0.941531 136 0.911045
0.941531 135 0.91106
0.941531 134 0.911294
0.941531 133 0.911385
0.941531 132 0.911421
0.941531 131 0.911505
0.941531 130 0.912442
0.941336 130 0.91251
0.941336 129 0.913105
0.941336 128 0.913695
0.941336 127 0.914181
0.941336 126 0.915452
0.941336 125 0.915832
0.941142 125 0.915881
0.940948 125 0.915987
0.940754 125 0.916236
0.940559 125 0.916498
0.940365 125 0.917687
0.940171 125 0.91884
0.939977 125 0.918977
0.939782 125 0.91933
0.939588 125 0.919726
0.939588 124 0.919778
0.939588 123 0.920457
0.939394 123 0.920939
0.9392 123 0.92112
0.939005 123 0.921172
0.939005 122 0.921491
0.939005 121 0.921591
0.938811 121 0.921646
0.938811 120 0.922099
0.938811 119 0.922244
0.938617 119 0.922278
0.938423 119 0.923035
0.938423 118 0.923268
0.938423 117 0.923638
0.938423 116 0.924344
0.938228 116 0.924961
0.938034 116 0.925277
0.93784 116 0.926002
0.937646 116 0.926288
0.937646 115 0.926627
0.937451 115 0.927374
0.937451 114 0.927691
0.937451 113 0.927848
0.937257 112 0.928405
0.937063 112 0.928767
0.936869 112 0.928904
0.936674 112 0.929354
0.936674 111 0.929429
0.93648 111 0.930345
0.93648 110 0.931106
0.936286 110 0.931154
0.936286 109 0.931403
0.936286 108 0.931661
0.936286 107 0.932051
0.936286 106 0.932152
0.936286 105 0.932478
0.936286 104 0.932699
0.936092 104 0.932966
0.935897 104 0.933107
0.935897 103 0.933302
0.935703 103 0.933521
0.935703 102 0.934254
0.935509 102 0.934332
0.935315 102 0.934608
0.93512 102 0.935208
0.93512 101 0.935378
0.93512 100 0.936376
0.93512 99 0.937189
0.934926 99 0.93726
0.934732 99 0.937632
0.934538 99 0.937675
0.934343 99 0.937728
0.934149 99 0.938153
0.933955 99 0.938262
0.933955 98 0.938498
0.933761 98 0.93871
0.933761 97 0.939097
0.933566 97 0.939558
0.933566 96 0.939902
0.933566 95 0.940654
0.933372 95 0.940656
0.933178 95 0.940666
0.933178 94 0.940757
0.933178 93 0.941085
0.933178 92 0.941089
0.932984 92 0.941593
0.932789 92 0.942594
0.932595 92 0.942711
0.932595 91 0.942747
0.932401 91 0.942781
0.932401 90 0.943223
0.932401 89 0.943417
0.932401 88 0.943515
0.932207 88 0.944146
0.932012 88 0.944178
0.931818 88 0.944179
0.931624 88 0.944372
0.931624 87 0.944375
0.93143 87 0.944483
0.93143 86 0.945173
0.931235 86 0.945292
0.931235 85 0.94552
0.931235 84 0.945765
0.931041 84 0.946177
0.931041 83 0.946436
0.930847 83 0.946724
0.930653 83 0.947169
0.930653 82 0.947319
0.930458 82 0.947647
0.930458 81 0.94767
0.930264 81 0.947783
0.93007 81 0.947797
0.929876 81 0.947818
0.929681 81 0.947985
0.929487 81 0.948156
0.929293 81 0.94818
0.929099 81 0.948598
0.929099 80 0.949047
0.928904 80 0.949237
0.92871 80 0.949575
0.92871 79 0.949849
0.928516 79 0.949875
0.928322 79 0.950038
0.928322 78 0.950305
0.928322 77 0.950394
0.928322 76 0.950513
0.928127 76 0.950633
0.927933 76 0.95078
0.927933 75 0.950855
0.927739 75 0.951124
0.927545 75 0.951317
0.92735 75 0.951593
0.92735 74 0.95173
0.927156 74 0.951836
0.926962 74 0.951874
0.926768 74 0.951959
0.926573 74 0.952078
0.926573 73 0.952208
0.926379 73 0.952678
0.926185 73 0.95285
0.925991 73 0.952931
0.925991 72 0.952932
0.925796 72 0.952955
0.925602 72 0.953315
0.925408 72 0.953348
0.925214 72 0.953572
0.925019 72 0.953789
0.924825 72 0.953869
0.924825 71 0.95387
0.924631 71 0.954029
0.924631 70 0.954056
0.924437 70 0.954333
0.924242 70 0.955057
0.924242 69 0.955259
0.924048 69 0.955445
0.923854 69 0.955634
0.923854 68 0.955646
0.923854 67 0.955898
0.923465 67 0.955955
0.923271 67 0.956043
0.923271 66 0.956571
0.923271 65 0.956779
0.923271 64 0.957087
0.923077 64 0.957401
0.922883 64 0.957928
0.922688 64 0.957945
0.922688 63 0.958424
0.922688 62 0.958735
0.922494 62 0.958752
0.9223 62 0.958859
0.922106 62 0.959609
0.922106 61 0.959623
0.921911 61 0.959771
0.921911 60 0.96011
0.921717 60 0.960325
0.921523 60 0.960408
0.921523 59 0.960495
0.921329 59 0.960527
0.921134 59 0.960549
0.92094 59 0.960663
0.92094 58 0.960851
0.920746 58 0.961115
0.920552 58 0.961357
0.920357 58 0.961441
0.920163 58 0.961812
0.919969 58 0.961937
0.919969 57 0.962224
0.919775 57 0.962637
0.91958 57 0.963042
0.919386 57 0.963134
0.919192 57 0.963174
0.918998 57 0.96322
0.918998 56 0.96343
0.918803 56 0.963637
0.918803 55 0.963647
0.918609 55 0.963703
0.918415 55 0.963842
0.918221 55 0.964057
0.917832 55 0.964492
0.917832 54 0.964832
0.917638 54 0.964974
0.917444 54 0.965339
0.917444 53 0.966026
0.917249 53 0.966253
0.917055 53 0.966294
0.917055 52 0.966428
0.917055 51 0.96665
0.916861 51 0.966738
0.916667 51 0.967016
0.916667 50 0.967354
0.916472 50 0.967874
0.916472 49 0.968139
0.916278 49 0.968505
0.916278 48 0.968582
0.916084 48 0.968744
0.91589 48 0.968855
0.915695 48 0.968928
0.915501 48 0.968929
0.915307 48 0.96917
0.915113 48 0.969171
0.915113 47 0.969195
0.914918 47 0.969537
0.914724 47 0.969558
0.91453 47 0.969904
0.914336 47 0.970161
0.914141 47 0.97042
0.913947 47 0.970575
0.913753 47 0.970689
0.913559 47 0.970758
0.913364 47 0.971032
0.913364 46 0.971073
0.91317 46 0.971262
0.912976 46 0.971286
0.912782 46 0.971533
0.912782 45 0.971541
0.912587 45 0.971749
0.912393 45 0.972564
0.912199 45 0.972573
0.912005 45 0.972729
0.91181 45 0.972961
0.911616 45 0.973029
0.911422 45 0.973079
0.911228 45 0.973097
0.911228 44 0.973231
0.911033 44 0.973322
0.910839 44 0.973355
0.910839 43 0.973475
0.910645 43 0.973583
0.910451 43 0.973658
0.910256 43 0.973818
0.910062 43 0.974343
0.909868 43 0.974451
0.909868 42 0.974574
0.909674 42 0.974608
0.909479 42 0.974735
0.909285 42 0.974781
0.909091 42 0.974848
0.908897 42 0.974946
0.908702 41 0.974988
0.908508 41 0.97519
0.908314 41 0.975268
0.90812 41 0.975632
0.907925 41 0.975748
0.907925 40 0.975792
0.907731 40 0.97585
0.907537 40 0.975856
0.907343 40 0.975918
0.907148 40 0.975978
0.906954 40 0.976288
0.906954 39 0.976291
0.90676 39 0.976667
0.906566 39 0.97673
0.906371 39 0.976791
0.906177 39 0.97681
0.905983 39 0.97686
0.905789 39 0.976972
0.905789 38 0.977242
0.905594 38 0.977334
0.9054 38 0.977629
0.905206 38 0.977698
0.905206 37 0.977958
0.905012 37 0.978032
0.904817 37 0.978122
0.904623 37 0.978139
0.904623 36 0.978165
0.904429 36 0.978166
0.904429 35 0.978264
0.904235 35 0.97832
0.90404 35 0.978627
0.903846 35 0.978629
0.903652 35 0.978878
0.903458 35 0.979334
0.903458 34 0.979443
0.903263 34 0.979457
0.903069 34 0.979524
0.902875 34 0.979683
0.902681 34 0.979779
0.902486 34 0.979878
0.902292 34 0.979961
0.902292 33 0.980016
0.902098 33 0.980065
0.901904 33 0.980471
0.901709 33 0.980524
0.901709 32 0.980717
0.901515 32 0.980794
0.901321 32 0.980802
0.901127 32 0.980912
0.900932 32 0.980962
0.900738 32 0.981086
0.900738 31 0.981144
0.900544 31 0.981233
0.90035 31 0.981237
0.900155 31 0.981308
0.899961 31 0.981527
0.899767 31 0.981533
0.899573 31 0.981594
0.899378 31 0.981628
0.899184 31 0.981695
0.89899 31 0.981805
0.898796 31 0.981964
0.898601 31 0.981981
0.898407 31 0.982019
0.898213 31 0.982097
0.898019 31 0.982273
0.897824 31 0.982298
0.89763 31 0.982327
0.897436 31 0.982342
0.897242 31 0.982647
0.897047 31 0.982701
0.896853 31 0.982737
0.896659 31 0.982808
0.896465 31 0.983179
0.89627 31 0.983252
0.89627 30 0.983447
0.896076 30 0.983494
0.895882 30 0.983734
0.895688 30 0.983792
0.895493 30 0.98384
0.895299 30 0.98388
0.895105 30 0.983891
0.894911 30 0.984277
0.894716 30 0.984327
0.894522 30 0.984355
0.894522 29 0.984415
0.894328 29 0.984417
0.894134 29 0.984549
0.893939 29 0.984666
0.893745 29 0.984692
0.893551 29 0.984787
0.893357 29 0.98495
0.893357 28 0.985129
0.893357 27 0.98518
0.893162 27 0.985224
0.892968 27 0.985416
0.892968 26 0.985559
0.892774 26 0.985711
0.89258 26 0.985744
0.892385 26 0.985749
0.892191 26 0.985777
0.891803 26 0.985915
0.891608 26 0.98598
0.891414 26 0.986093
0.89122 26 0.986513
0.891026 26 0.986528
0.890831 26 0.986569
0.890637 26 0.986617
0.890443 26 0.986743
0.890249 26 0.986761
0.890054 26 0.986823
0.88986 26 0.98685
0.889666 26 0.986977
0.889472 26 0.987193
0.889277 26 0.987207
0.889083 26 0.987326
0.888889 26 0.987537
0.888695 26 0.98767
0.8885 26 0.987737
0.888306 26 0.987753
0.888112 26 0.987804
0.887918 26 0.987934
0.887723 26 0.987953
0.887529 26 0.988001
0.887335 26 0.988067
0.887141 26 0.988106
0.886946 26 0.988142
0.886752 26 0.988208
0.886558 26 0.988373
0.886364 26 0.988543
0.886169 26 0.988628
0.885975 26 0.988648
0.885781 26 0.98867
0.885587 26 0.988683
0.885587 25 0.988687
0.885392 25 0.988691
0.885198 25 0.988712
0.885004 25 0.98875
0.88481 25 0.98878
0.884615 25 0.988798
0.884421 25 0.988814
0.884227 25 0.988841
0.884033 25 0.989025
0.883838 25 0.989047
0.883644 25 0.989075
0.88345 25 0.989168
0.883256 25 0.98924
0.883061 25 0.989512
0.882867 25 0.989574
0.882673 25 0.989592
0.882673 24 0.989638
0.882673 23 0.989641
0.882479 23 0.989717
0.882284 23 0.989889
0.88209 23 0.989903
0.881896 23 0.989953
0.881702 23 0.990014
0.881507 23 0.99007
0.881313 23 0.990202
0.881119 23 0.990217
0.880925 23 0.990224
0.88073 23 0.990257
0.880536 23 0.990341
0.880342 23 0.990438
0.880148 23 0.990453
0.879953 23 0.990514
0.879953 22 0.990586
0.879953 21 0.99068
0.879759 21 0.990689
0.879565 21 0.990697
0.879371 21 0.990716
0.879176 21 0.990808
0.878982 21 0.990809
0.878788 21 0.99093
0.878594 21 0.990994
0.878399 21 0.991028
0.878205 21 0.991057
0.878011 21 0.991068
0.877817 21 0.991075
0.877622 21 0.991085
0.877428 21 0.9911
0.877234 21 0.99119
0.877234 20 0.991237
0.87704 20 0.991294
0.876845 20 0.991336
0.876651 20 0.991402
0.876457 20 0.991417
0.876263 20 0.991479
0.876068 20 0.991618
0.875874 20 0.991798
0.87568 20 0.991855
0.875486 20 0.991884
0.875291 20 0.99192
0.874903 20 0.99195
0.874709 20 0.991988
0.874514 20 0.99203
0.87432 20 0.992041
0.874126 20 0.992079
0.873932 20 0.99211
0.873737 20 0.992158
0.873543 20 0.992201
0.873349 20 0.992227
0.873155 20 0.992244
0.87296 20 0.992253
0.872766 20 0.992266
0.872572 20 0.992277
0.872378 20 0.992278
0.872183 20 0.992316
0.871989 20 0.992319
0.871795 20 0.992335
0.871601 20 0.992338
0.871406 20 0.992425
0.871212 20 0.992454
0.871018 20 0.992456
0.870824 20 0.992507
0.870629 20 0.992563
0.870435 20 0.992566
0.870241 20 0.992644
0.870047 20 0.992681
0.869852 20 0.992697
0.869658 20 0.992699
0.869464 20 0.992726
0.86927 20 0.992745
0.869075 20 0.992749
0.868881 20 0.992776
0.868687 20 0.992838
0.868493 20 0.99302
0.868298 20 0.993046
0.868104 20 0.993097
0.868104 19 0.993155
0.86791 19 0.993168
0.867716 19 0.993182
0.867521 19 0.993267
0.867327 19 0.993268
0.867133 19 0.993274
0.866939 19 0.993292
0.866744 19 0.993303
0.86655 19 0.993326
0.866356 19 0.993342
0.866162 19 0.993361
0.865967 19 0.993479
0.865773 19 0.993494
0.865579 19 0.993623
0.865385 19 0.993686
0.86519 19 0.993688
0.864996 19 0.99369
0.864802 19 0.993705
0.864608 19 0.99374
0.864413 19 0.993746
0.864219 19 0.993756
0.864219 18 0.993786
0.864025 18 0.993846
0.863831 18 0.993858
0.863636 18 0.993873
0.863442 18 0.993915
0.863248 18 0.993952
0.863054 18 0.993955
0.862859 18 0.993957
0.862665 18 0.994003
0.862471 18 0.994005
0.862277 18 0.994014
0.862082 18 0.994076
0.861888 18 0.994119
0.861694 18 0.994138
0.8615 18 0.99415
0.861305 18 0.994165
0.861111 18 0.994188
0.860917 18 0.994284
0.860723 18 0.99431
0.860528 18 0.994326
0.860334 18 0.994338
0.859946 18 0.994398
0.859751 18 0.994415
0.859557 18 0.994426
0.859363 18 0.994427
0.859169 18 0.994443
0.859169 17 0.994463
0.858974 17 0.994465
0.85878 17 0.99448
0.858586 17 0.994505
0.858392 17 0.994513
0.858197 17 0.994517
0.858003 17 0.994524
0.857809 17 0.994534
0.857615 17 0.994535
0.85742 17 0.994571
0.857226 17 0.994572
0.857032 17 0.994621
0.856838 17 0.994718
0.856643 17 0.994759
0.856449 17 0.994794
0.856255 17 0.99483
0.856061 17 0.994832
0.855866 17 0.994842
0.855672 17 0.994875
0.855478 17 0.994896
0.855284 17 0.994973
0.855089 17 0.994981
0.854895 17 0.994983
0.854701 17 0.994984
0.854507 17 0.995002
0.854312 17 0.995022
0.853924 17 0.995023
0.85373 17 0.995084
0.853535 17 0.995114
0.853341 17 0.995117
0.853147 17 0.995151
0.852953 17 0.995182
0.852758 17 0.995218
0.852564 17 0.995219
0.85237 17 0.995248
0.852176 17 0.99525
0.851981 17 0.995259
0.851787 17 0.995272
0.851787 16 0.995274
0.851593 16 0.99531
0.851399 16 0.99532
0.851204 16 0.995375
0.85101 16 0.995385
0.850816 16 0.995442
0.850622 16 0.995468
0.850427 16 0.995516
0.850039 16 0.995566
0.849845 16 0.995568
0.84965 16 0.995582
0.849456 16 0.995588
0.849262 16 0.995647
0.849068 16 0.995717
0.848873 16 0.995741
0.848679 16 0.995775
0.848485 16 0.995797
0.848291 16 0.995806
0.848096 16 0.995823
0.847902 16 0.995839
0.847708 16 0.995871
0.847514 16 0.995878
0.847319 16 0.99588
0.847125 16 0.995884
0.846931 16 0.995892
0.846737 16 0.995951
0.846542 16 0.995953
0.846542 15 0.995962
0.846348 15 0.995969
0.846154 15 0.995985
0.84596 15 0.995991
0.845765 15 0.996025
0.845765 14 0.996042
0.845571 14 0.996085
0.845377 14 0.996155
0.845183 14 0.99616
0.845183 13 0.996161
0.844988 13 0.996236
0.844794 13 0.996286
0.844794 12 0.99629
0.8446 12 0.996306
0.844406 12 0.996336
0.844211 12 0.996379
0.844017 12 0.996389
0.843823 12 0.996396
0.843629 12 0.996399
0.843434 12 0.996414
0.843434 11 0.996428
0.84324 11 0.996429
0.843046 11 0.996446
0.842852 11 0.99645
0.842657 11 0.996458
0.842463 11 0.996461
0.842269 11 0.996495
0.842075 11 0.996522
0.84188 11 0.996528
0.841686 11 0.996559
0.841492 11 0.996583
0.841298 11 0.996607
0.841103 11 0.996622
0.840909 11 0.996628
0.840715 11 0.996635
0.840521 11 0.996643
0.840326 11 0.996647
0.840132 11 0.99665
0.839938 11 0.996653
0.839744 11 0.996732
0.839549 11 0.996756
0.839355 11 0.996782
0.839161 11 0.996818
0.838967 11 0.996823
0.838772 11 0.996825
0.838578 11 0.996828
0.838384 11 0.996837
0.83819 11 0.996839
0.837995 11 0.996846
0.837801 11 0.996873
0.837607 11 0.996895
0.837218 11 0.996926
0.837024 11 0.996933
0.83683 11 0.996952
0.836636 11 0.996972
0.836441 11 0.997004
0.836247 11 0.997014
0.836053 11 0.997029
0.835859 11 0.997034
0.835664 11 0.997043
0.83547 11 0.997049
0.835276 11 0.997051
0.835276 10 0.997084
0.835082 10 0.997121
0.834887 10 0.997141
0.834693 9 0.997152
0.834305 9 0.997153
0.83411 9 0.997168
0.833916 9 0.997194
0.833722 9 0.997225
0.833528 9 0.997283
0.833333 9 0.997291
0.833139 9 0.997312
0.832945 9 0.997333
0.832751 9 0.997334
0.832362 9 0.997347
0.832168 9 0.99735
0.831974 9 0.997362
0.831779 9 0.99739
0.831585 9 0.997414
0.831391 9 0.997437
0.831197 9 0.997477
0.831197 8 0.997492
0.831002 8 0.997496
0.830808 8 0.997498
0.830614 8 0.997499
0.83042 8 0.997521
0.830225 8 0.997566
0.830225 7 0.997592
0.829837 7 0.997609
0.829643 7 0.997614
0.829448 7 0.997628
0.829254 7 0.997659
0.82906 7 0.997683
0.828866 7 0.997716
0.828671 7 0.997723
0.828477 7 0.997738
0.828283 7 0.997759
0.828089 7 0.997763
0.827894 7 0.997764
0.827894 6 0.997768
0.8277 6 0.997777
0.827506 6 0.99778
0.827312 6 0.997792
0.827117 6 0.997804
0.826729 6 0.997807
0.826535 6 0.997808
0.82634 6 0.997812
0.826146 6 0.997822
0.825952 6 0.99783
0.825758 6 0.997831
0.825563 6 0.997875
0.825369 6 0.997878
0.825175 6 0.997891
0.824981 6 0.997903
0.824786 6 0.997906
0.824592 6 0.99793
0.824204 6 0.997937
0.824009 6 0.997957
0.823815 6 0.997958
0.823621 6 0.997964
0.823427 6 0.997966
0.823232 6 0.997967
0.822844 6 0.997986
0.82265 6 0.997991
0.822455 6 0.998003
0.822261 6 0.998007
0.821873 6 0.998019
0.821678 6 0.998023
0.821484 6 0.99803
0.82129 6 0.998045
0.821096 6 0.998067
0.820901 6 0.998086
0.820707 6 0.998118
0.820513 6 0.998122
0.820513 5 0.998128
0.820319 5 0.998129
0.820124 5 0.998137
0.81993 5 0.998149
0.819736 5 0.998157
0.819542 5 0.998171
0.819347 5 0.998192
0.819153 5 0.998194
0.818959 5 0.998199
0.818959 4 0.998202
0.818765 4 0.998211
0.81857 4 0.998214
0.818376 4 0.998224
0.818182 4 0.998226
0.817988 4 0.998233
0.817793 4 0.998245
0.817599 4 0.998257
0.817405 4 0.998264
0.817405 3 0.99827
0.817211 3 0.998281
0.817016 3 0.998314
0.816822 3 0.998328
0.816628 3 0.998342
0.816434 3 0.998355
0.816239 3 0.998356
0.816045 3 0.998357
0.815851 3 0.99837
0.815657 3 0.998394
0.815268 3 0.998403
0.815074 3 0.998413
0.81488 3 0.998419
0.81488 2 0.998425
0.814685 2 0.998432
0.814103 2 0.998438
0.813908 2 0.998445
0.813714 2 0.99845
0.81352 2 0.998453
0.813326 2 0.99846
0.813131 2 0.99848
0.812937 2 0.998493
0.812743 2 0.998498
0.812549 2 0.998502
0.812354 2 0.998514
0.81216 2 0.998516
0.811966 2 0.998517
0.811772 2 0.998531
0.811577 2 0.998538
0.811383 2 0.998545
0.811189 2 0.998553
0.810995 2 0.998557
0.8108 2 0.998564
0.810606 2 0.998565
0.810412 2 0.998572
0.810218 2 0.998579
0.810023 2 0.99858
0.809829 2 0.998588
0.809635 2 0.998589
0.809441 2 0.998601
0.809246 2 0.998605
0.809052 2 0.998611
0.808858 2 0.998616
0.808664 2 0.998619
0.808469 2 0.998631
0.808275 2 0.998639
0.808081 2 0.998653
0.807887 2 0.998661
0.807498 2 0.998663
0.807304 2 0.998664
0.80711 2 0.998666
0.806721 2 0.998683
0.806527 2 0.998694
0.806333 2 0.998695
0.806138 2 0.9987
0.805944 2 0.998716
0.80575 2 0.998729
0.805556 2 0.998732
0.805361 2 0.998735
0.805167 2 0.998753
0.804973 2 0.998768
0.804779 2 0.998774
0.804584 2 0.998777
0.80439 2 0.998788
0.804196 2 0.998797
0.804002 2 0.998811
0.803807 2 0.998816
0.803613 2 0.998827
0.803419 2 0.998831
0.803225 2 0.998836
0.80303 2 0.998837
0.802836 2 0.998839
0.802448 2 0.99884
0.802253 2 0.998844
0.802059 2 0.998847
0.801865 2 0.998862
0.801671 2 0.998869
0.801476 2 0.99887
0.801282 2 0.998884
0.801088 2 0.998901
0.800699 2 0.998902
0.800505 2 0.998906
0.800311 2 0.998907
0.800117 2 0.998909
0.799922 2 0.998911
0.799728 2 0.99892
0.799534 2 0.998924
0.79934 2 0.998937
0.799145 2 0.998954
0.798951 2 0.998958
0.798757 2 0.998963
0.798563 2 0.998968
0.798368 2 0.998969
0.798174 2 0.998971
0.79798 2 0.998974
0.797786 2 0.998976
0.797591 2 0.998982
0.797397 2 0.998985
0.797203 2 0.998989
0.797009 2 0.998994
0.796814 2 0.998995
0.79662 2 0.998996
0.796426 2 0.998997
0.796037 2 0.998998
0.795843 2 0.999
0.795649 2 0.999004
0.795455 2 0.999009
0.79526 2 0.999016
0.795066 2 0.999017
0.794872 2 0.999027
0.794678 2 0.999057
0.794483 2 0.999063
0.794289 2 0.999073
0.794095 2 0.999074
0.793901 2 0.999075
0.793706 2 0.999076
0.793512 2 0.999097
0.793318 2 0.999102
0.793124 2 0.999103
0.792929 2 0.999106
0.792735 2 0.999108
0.792347 2 0.99911
0.792152 2 0.999111
0.79157 2 0.999115
0.791375 2 0.999117
0.791181 2 0.999118
0.790987 2 0.999121
0.790793 2 0.999123
0.790598 2 0.999137
0.790404 2 0.999143
0.79021 2 0.999157
0.790016 2 0.99916
0.789821 2 0.999161
0.789627 2 0.999162
0.789239 2 0.999165
0.789044 2 0.999166
0.78885 2 0.999172
0.788656 2 0.999173
0.788462 2 0.999175
0.788267 2 0.999176
0.788073 2 0.999177
0.787879 2 0.999184
0.78749 2 0.999185
0.787296 2 0.999203
0.787102 2 0.999209
0.786908 2 0.99921
0.786713 2 0.999217
0.786519 2 0.999221
0.786325 2 0.999223
0.785936 2 0.999225
0.785548 2 0.999227
0.785354 2 0.999235
0.785159 2 0.999238
0.784965 2 0.99924
0.784771 2 0.999247
0.784382 2 0.99925
0.784188 2 0.999254
0.783994 2 0.999257
0.7838 2 0.999258
0.783605 2 0.99926
0.783411 2 0.999261
0.783217 2 0.999262
0.783023 2 0.999276
0.782828 2 0.999279
0.782634 2 0.999284
0.78244 2 0.999285
0.782246 2 0.999286
0.782051 2 0.999289
0.781857 2 0.999297
0.781663 2 0.999303
0.781469 2 0.999304
0.781469 1 0.999305
0.781274 1 0.999306
0.78108 1 0.999308
0.780886 1 0.999314
0.780692 1 0.999315
0.780497 1 0.999317
0.780109 1 0.999319
0.779915 1 0.999324
0.77972 1 0.999331
0.779526 1 0.999337
0.779332 1 0.999342
0.779138 1 0.999343
0.778943 1 0.999344
0.778749 1 0.999347
0.778555 1 0.99935
0.778361 1 0.999351
0.778361 0 0.999354
0.778166 0 0.999364
0.777972 0 0.999373
0.777778 0 0.999378
0.777584 0 0.999379
0.777389 0 0.999381
0.777195 0 0.999385
0.777001 0 0.999388
0.776807 0 0.99939
0.776612 0 0.999393
0.776418 0 0.999395
0.776224 0 0.999402
0.77603 0 0.999405
0.775835 0 0.999408
0.775253 0 0.999409
0.775058 0 0.99941
0.774864 0 0.999414
0.77467 0 0.999416
0.774476 0 0.999421
0.774281 0 0.999422
0.774087 0 0.999423
0.773699 0 0.999424
0.773504 0 0.999427
0.773116 0 0.999429
0.772533 0 0.999434
0.772339 0 0.999437
0.77195 0 0.999438
0.771562 0 0.999441
0.771368 0 0.999442
0.771173 0 0.999445
0.770979 0 0.999448
0.770785 0 0.999449
0.770591 0 0.999451
0.770396 0 0.999452
0.770202 0 0.999454
0.770008 0 0.999456
0.769814 0 0.999457
0.769619 0 0.999461
0.769425 0 0.999462
0.769037 0 0.999465
0.768648 0 0.999466
0.768454 0 0.999469
0.767677 0 0.999473
0.767483 0 0.999477
0.767288 0 0.999484
0.767094 0 0.999486
0.766706 0 0.999487
0.766511 0 0.999489
0.766317 0 0.999493
0.766123 0 0.999497
0.765929 0 0.999504
0.765734 0 0.999509
0.76554 0 0.99951
0.765346 0 0.999511
0.764957 0 0.999514
0.764569 0 0.999517
0.764375 0 0.99952
0.76418 0 0.999524
0.763986 0 0.999528
0.763792 0 0.999529
0.763598 0 0.999532
0.763403 0 0.999537
0.763209 0 0.999543
0.763015 0 0.999546
0.762821 0 0.999548
0.762626 0 0.99955
0.762432 0 0.999553
0.762238 0 0.999556
0.762044 0 0.999557
0.761849 0 0.999561
0.761267 0 0.999562
0.761072 0 0.999565
0.760878 0 0.999566
0.76049 0 0.999567
0.760295 0 0.99957
0.760101 0 0.999572
0.759907 0 0.999573
0.759518 0 0.999574
0.759324 0 0.999576
0.75913 0 0.999577
0.758741 0 0.999578
0.758547 0 0.999579
0.758353 0 0.999581
0.757964 0 0.999583
0.75777 0 0.999586
0.757576 0 0.999588
0.757382 0 0.999589
0.756993 0 0.99959
0.756799 0 0.999592
0.756605 0 0.999595
0.756022 0 0.999596
0.755828 0 0.9996
0.755633 0 0.999601
0.755439 0 0.999603
0.755245 0 0.999604
0.754856 0 0.999605
0.754662 0 0.999608
0.754274 0 0.999611
0.753885 0 0.999613
0.753691 0 0.999615
0.753497 0 0.999617
0.753302 0 0.999622
0.753108 0 0.999623
0.752914 0 0.999626
0.75272 0 0.999628
0.752525 0 0.999629
0.752331 0 0.99963
0.751748 0 0.999631
0.75136 0 0.999632
0.750583 0 0.999633
0.750389 0 0.999634
0.750194 0 0.999636
0.75 0 0.999637
0.749806 0 0.999638
0.749611 0 0.999643
0.749223 0 0.999647
0.749029 0 0.999648
0.74864 0 0.999649
0.748057 0 0.99965
0.747669 0 0.999651
0.747475 0 0.999656
0.74728 0 0.999657
0.747086 0 0.999658
0.746892 0 0.99966
0.746698 0 0.999661
0.746309 0 0.999662
0.746115 0 0.999663
0.745338 0 0.999666
0.745144 0 0.999669
0.744949 0 0.99967
0.744755 0 0.999671
0.744367 0 0.999673
0.744172 0 0.999675
0.743978 0 0.999678
0.743784 0 0.999679
0.743395 0 0.99968
0.743007 0 0.999683
0.742813 0 0.999686
0.742424 0 0.999687
0.74223 0 0.999688
0.741841 0 0.99969
0.741259 0 0.999692
0.741064 0 0.999694
0.740482 0 0.9997
0.740093 0 0.999702
0.739899 0 0.999706
0.73951 0 0.999707
0.739316 0 0.999708
0.739122 0 0.999712
0.738928 0 0.999713
0.738539 0 0.999714
0.738345 0 0.999715
0.737762 0 0.999716
0.737374 0 0.999719
0.736791 0 0.99972
0.736597 0 0.999721
0.736208 0 0.999723
0.735625 0 0.999724
0.735431 0 0.999725
0.734848 0 0.999726
0.734654 0 0.999727
0.734266 0 0.999729
0.734071 0 0.99973
0.733877 0 0.999731
0.733683 0 0.999732
0.733294 0 0.999733
0.732906 0 0.999734
0.732712 0 0.999735
0.732323 0 0.999736
0.731546 0 0.999737
0.731158 0 0.999738
0.730575 0 0.999741
0.730186 0 0.999742
0.729992 0 0.999743
0.729798 0 0.999744
0.729021 0 0.999745
0.728438 0 0.999747
0.728244 0 0.999748
0.727855 0 0.999749
0.727467 0 0.999751
0.727078 0 0.999753
0.726884 0 0.999754
0.726107 0 0.999755
0.725913 0 0.999757
0.725524 0 0.999758
0.725136 0 0.999759
0.724942 0 0.99976
0.724747 0 0.999761
0.724553 0 0.999762
0.724165 0 0.999764
0.723776 0 0.999765
0.723388 0 0.999766
0.722611 0 0.999767
0.722222 0 0.999768
0.722028 0 0.999769
0.721834 0 0.99977
0.721445 0 0.999773
0.720668 0 0.999777
0.720474 0 0.999778
0.72028 0 0.999779
0.719697 0 0.99978
0.719308 0 0.999781
0.718726 0 0.999782
0.718531 0 0.999783
0.717949 0 0.999785
0.717754 0 0.999786
0.717172 0 0.999787
0.716977 0 0.999788
0.716395 0 0.999789
0.715618 0 0.99979
0.715229 0 0.999791
0.714646 0 0.999792
0.714258 0 0.999794
0.713675 0 0.999795
0.712898 0 0.999796
0.71251 0 0.9998
0.712121 0 0.999802
0.711538 0 0.999803
0.71115 0 0.999804
0.710567 0 0.999805
0.710179 0 0.999806
0.709596 0 0.999808
0.709013 0 0.999809
0.708625 0 0.99981
0.708236 0 0.999811
0.707653 0 0.999812
0.707265 0 0.999813
0.706876 0 0.999814
0.706488 0 0.999815
0.706099 0 0.999816
0.705322 0 0.999817
0.70474 0 0.999818
0.703768 0 0.99982
0.70338 0 0.999821
0.703186 0 0.999822
0.702991 0 0.999823
0.702797 0 0.999824
0.702409 0 0.999825
0.702214 0 0.999826
0.701826 0 0.999827
0.700855 0 0.999828
0.700466 0 0.999829
0.700078 0 0.999831
0.699106 0 0.999832
0.698912 0 0.999833
0.698329 0 0.999834
0.697941 0 0.999835
0.697747 0 0.999836
0.69697 0 0.999837
0.696581 0 0.999838
0.696387 0 0.999839
0.696193 0 0.99984
0.695804 0 0.999841
0.695416 0 0.999843
0.694833 0 0.999844
0.693862 0 0.999845
0.69289 0 0.999846
0.692696 0 0.999847
0.692308 0 0.999848
0.691919 0 0.999849
0.691531 0 0.99985
0.690948 0 0.999851
0.689782 0 0.999852
0.6892 0 0.999853
0.688423 0 0.999854
0.688034 0 0.999855
0.687646 0 0.999856
0.686869 0 0.999857
0.685315 0 0.999858
0.684732 0 0.999859
0.684343 0 0.99986
0.683761 0 0.999861
0.682984 0 0.999862
0.682595 0 0.999863
0.682012 0 0.999864
0.68143 0 0.999865
0.680458 0 0.999866
0.679681 0 0.999867
0.679099 0 0.999868
0.678127 0 0.999869
0.677545 0 0.99987
0.676962 0 0.999871
0.675991 0 0.999872
0.674825 0 0.999873
0.674437 0 0.999874
0.673854 0 0.999875
0.672883 0 0.999876
0.672688 0 0.999878
0.671523 0 0.999879
0.670357 0 0.99988
0.669969 0 0.999881
0.669386 0 0.999882
0.669192 0 0.999883
0.668609 0 0.999884
0.666667 0 0.999885
0.666084 0 0.999886
0.665307 0 0.999887
0.66453 0 0.999888
0.662782 0 0.999889
0.662199 0 0.99989
0.661616 0 0.999891
0.661033 0 0.999892
0.659674 0 0.999893
0.658314 0 0.999894
0.657148 0 0.999895
0.655012 0 0.999896
0.654429 0 0.999897
0.654235 0 0.999898
0.653652 0 0.999899
0.652875 0 0.9999
0.652098 0 0.999901
0.650738 0 0.999902
0.649378 0 0.999903
0.648407 0 0.999904
0.64763 0 0.999905
0.645882 0 0.999906
0.645105 0 0.999907
0.644134 0 0.999908
0.643745 0 0.999909
0.642968 0 0.99991
0.64122 0 0.999911
0.640637 0 0.999912
0.639277 0 0.999913
0.6385 0 0.999914
0.636946 0 0.999915
0.635587 0 0.999916
0.634033 0 0.999917
0.63345 0 0.999918
0.632284 0 0.999919
0.630536 0 0.99992
0.629176 0 0.999921
0.627234 0 0.999922
0.626263 0 0.999923
0.625486 0 0.999924
0.62432 0 0.999925
0.623543 0 0.999926
0.621989 0 0.999927
0.621406 0 0.999928
0.618493 0 0.999929
0.617133 0 0.99993
0.615773 0 0.999931
0.614025 0 0.999932
0.612859 0 0.999933
0.610723 0 0.999934
0.609169 0 0.999935
0.607226 0 0.999936
0.604895 0 0.999937
0.603341 0 0.999938
0.60101 0 0.999939
0.599262 0 0.99994
0.598485 0 0.999941
0.597125 0 0.999942
0.595377 0 0.999943
0.593434 0 0.999944
0.591686 0 0.999945
0.590326 0 0.999946
0.587218 0 0.999947
0.585664 0 0.999948
0.584693 0 0.999949
0.582945 0 0.99995
0.580808 0 0.999951
0.579643 0 0.999952
0.576729 0 0.999953
0.573621 0 0.999954
0.571096 0 0.999955
0.569153 0 0.999956
0.565851 0 0.999957
0.563714 0 0.999958
0.561772 0 0.999959
0.558469 0 0.99996
0.555361 0 0.999961
0.552253 0 0.999962
0.549534 0 0.999963
0.546426 0 0.999964
0.541764 0 0.999965
0.538656 0 0.999966
0.535354 0 0.999967
0.53108 0 0.999968
0.527584 0 0.999969
0.524087 0 0.99997
0.520396 0 0.999971
0.516706 0 0.999972
0.512821 0 0.999973
0.508353 0 0.999974
0.503302 0 0.999975
0.497475 0 0.999976
0.491647 0 0.999977
0.48446 0 0.999978
0.476301 0 0.999979
0.466783 0 0.99998
0.458819 0 0.999981
0.451049 0 0.999982
0.442696 0 0.999983
0.430847 0 0.999984
0.42094 0 0.999985
0.40676 0 0.999986
0.394522 0 0.999987
0.381702 0 0.999988
0.364802 0 0.999989
0.344017 0 0.99999
0.324786 0 0.999991
0.306333 0 0.999992
0.276418 0 0.999993
0.247086 0 0.999994
0.214258 0 0.999995
0.171134 0 0.999996
0.127428 0 0.999997
0.0765346 0 0.999998
0.0351593 0 0.999999
0.0042735 0 1
