0.61986 2096
0.61986 2095
0.61986 2094
0.61986 2093
0.61986 2092
0.61986 2091
0.61986 2090
0.61986 2089
0.61986 2088
0.61986 2087
0.61986 2086
0.61986 2085
0.61986 2084
0.61986 2083
0.61986 2082
0.61986 2081
0.61986 2080
0.61986 2079
0.61986 2078
0.619758 2078
0.619758 2077
0.619758 2076
0.619758 2075
0.619758 2074
0.619758 2073
0.619612 2073
0.619612 2072
0.619612 2071
0.619612 2070
0.619612 2069
0.619612 2068
0.619612 2067
0.619612 2066
0.619612 2065
0.619612 2064
0.619612 2063
0.619612 2062
0.619612 2061
0.619612 2060
0.619612 2059
0.619612 2058
0.619612 2057
0.619612 2056
0.619612 2055
0.619556 2054
0.619428 2054
0.619428 2053
0.619428 2052
0.619428 2051
0.61932 2051
0.619235 2050
0.619235 2049
0.619235 2047
0.619146 2046
0.619146 2045
0.619146 2044
0.619146 2043
0.619146 2042
0.619146 2041
0.619146 2040
0.619146 2039
0.61906 2038
0.61906 2037
0.61906 2036
0.61906 2035
0.61906 2034
0.61906 2033
0.61906 2032
0.61906 2031
0.61906 2030
0.61906 2029
0.61906 2028
0.61906 2027
0.61906 2026
0.61906 2025
0.61906 2024
0.61906 2023
0.61906 2022
0.61906 2021
0.61906 2020
0.61906 2019
0.61906 2018
0.618955 2018
0.618955 2017
0.618955 2016
0.618955 2015
0.618955 2014
0.618824 2014
0.618824 2013
0.618824 2012
0.618824 2011
0.618824 2010
0.61874 2009
0.61874 2008
0.61874 2007
0.61874 2006
0.61874 2005
0.61874 2004
0.618613 2004
0.618613 2003
0.618613 2002
0.618613 2001
0.618613 2000
0.618613 1999
0.618613 1998
0.618613 1997
0.618613 1996
0.618613 1995
0.618613 1994
0.618613 1993
0.618613 1992
0.618613 1991
0.618613 1990
0.618613 1989
0.618613 1988
0.618613 1987
0.618613 1986
0.618613 1985
0.618613 1984
0.618613 1983
0.618613 1982
0.618613 1981
0.618613 1980
0.618613 1979
0.618543 1978
0.618543 1977
0.618543 1976
0.618543 1975
0.618543 1974
0.618543 1973
0.618543 1972
0.618543 1971
0.618427 1971
0.618427 1970
0.618427 1969
0.618427 1968
0.618311 1968
0.618311 1967
0.618311 1966
0.618311 1965
0.618311 1964
0.618311 1963
0.618311 1962
0.618311 1961
0.618311 1960
0.618311 1959
0.618311 1958
0.618311 1957
0.618311 1956
0.618311 1955
0.618311 1954
0.618311 1953
0.618311 1952
0.618243 1951
0.618243 1950
0.618243 1949
0.618243 1948
0.618243 1947
0.618243 1946
0.618243 1945
0.618243 1944
0.618243 1943
0.618243 1942
0.618243 1941
0.618243 1940
0.618243 1939
0.618243 1938
0.618243 1937
0.618243 1936
0.618243 1935
0.618243 1934
0.618096 1934
0.618096 1933
0.618096 1932
0.618096 1931
0.618096 1930
0.618022 1929
0.618022 1928
0.618022 1927
0.618022 1926
0.617912 1926
0.617912 1925
0.617912 1924
0.617912 1923
0.617912 1922
0.617912 1921
0.617912 1920
0.617912 1919
0.617912 1918
0.61789 1917
0.61789 1916
0.61789 1915
0.61789 1914
0.61789 1913
0.61789 1912
0.61789 1911
0.61789 1910
0.61789 1909
0.61789 1908
0.61789 1907
0.61789 1906
0.61789 1905
0.61789 1904
0.61789 1903
0.61774 1903
0.61774 1902
0.61774 1901
0.61774 1900
0.61774 1899
0.61774 1898
0.61774 1897
0.61774 1896
0.61774 1895
0.61774 1894
0.61774 1893
0.61774 1892
0.61774 1891
0.61774 1890
0.61774 1889
0.61774 1888
0.61774 1887
0.61774 1886
0.61774 1885
0.61774 1884
0.61774 1883
0.617695 1882
0.617579 1882
0.617579 1881
0.617579 1880
0.617579 1879
0.617579 1878
0.617579 1877
0.617579 1876
0.617579 1875
0.617579 1874
0.617579 1873
0.617579 1872
0.617579 1871
0.617579 1870
0.617579 1869
0.617579 1868
0.617579 1867
0.617579 1866
0.617579 1865
0.617579 1864
0.617579 1863
0.617579 1862
0.617579 1861
0.617579 1860
0.617579 1859
0.617579 1858
0.617579 1857
0.617579 1856
0.617579 1855
0.617579 1854
0.617428 1854
0.617428 1853
0.617428 1852
0.617428 1851
0.617295 1851
0.617295 1850
0.617295 1849
0.617295 1848
0.617295 1847
0.617295 1846
0.617295 1845
0.617295 1844
0.617295 1843
0.617295 1842
0.617295 1841
0.617295 1840
0.61722 1839
0.61722 1838
0.61722 1837
0.61722 1836
0.61722 1835
0.61722 1834
0.61722 1833
0.61722 1832
0.61722 1831
0.61722 1830
0.61722 1829
0.61722 1828
0.61722 1827
0.61722 1826
0.61722 1825
0.61722 1824
0.61722 1823
0.61722 1822
0.61722 1821
0.61722 1820
0.61722 1819
0.61722 1818
0.61722 1817
0.61722 1816
0.61722 1815
0.61722 1814
0.61717 1813
0.61717 1812
0.61717 1811
0.61717 1810
0.61717 1809
0.61717 1808
0.61717 1807
0.61717 1806
0.61717 1805
0.61717 1804
0.61717 1803
0.61717 1802
0.61717 1801
0.61717 1800
0.61717 1799
0.61717 1798
0.61717 1797
0.617034 1797
0.617034 1796
0.617034 1795
0.617034 1794
0.617034 1793
0.617034 1792
0.617034 1790
0.617018 1789
0.616878 1789
0.616769 1789
0.616769 1788
0.616769 1787
0.616769 1786
0.616769 1785
0.616769 1784
0.616769 1783
0.616769 1782
0.616769 1781
0.616769 1780
0.616769 1779
0.616764 1778
0.616764 1777
0.616764 1776
0.616764 1775
0.616764 1774
0.616764 1773
0.616764 1772
0.616764 1771
0.616764 1770
0.616643 1770
0.616643 1769
0.616643 1768
0.616643 1767
0.616643 1766
0.616643 1765
0.616643 1764
0.616643 1763
0.616643 1762
0.616522 1762
0.616522 1761
0.616522 1760
0.616522 1759
0.616522 1758
0.616522 1757
0.616402 1757
0.616402 1756
0.616402 1755
0.616342 1754
0.616342 1753
0.616342 1752
0.61621 1752
0.61621 1751
0.61621 1750
0.61621 1749
0.61621 1748
0.61621 1747
0.61621 1746
0.61621 1745
0.61621 1744
0.61621 1743
0.61621 1742
0.616073 1742
0.616073 1741
0.616073 1740
0.616073 1739
0.616073 1738
0.616073 1737
0.616073 1736
0.616073 1735
0.616073 1734
0.616073 1733
0.616073 1732
0.616073 1731
0.616073 1730
0.616073 1729
0.616073 1728
0.616073 1727
0.616073 1726
0.61598 1725
0.61598 1724
0.61598 1723
0.615869 1723
0.615869 1722
0.615807 1721
0.615805 1720
0.615805 1719
0.615805 1718
0.615805 1717
0.615805 1716
0.615805 1715
0.615805 1714
0.615805 1713
0.615805 1712
0.615805 1711
0.615805 1710
0.615805 1709
0.615805 1708
0.615805 1707
0.615805 1706
0.615805 1705
0.615805 1704
0.615805 1703
0.615805 1702
0.615805 1701
0.615805 1700
0.615672 1700
0.615557 1700
0.615557 1699
0.615485 1698
0.615485 1697
0.615485 1696
0.615485 1695
0.615485 1694
0.615485 1693
0.615485 1692
0.615485 1691
0.615485 1690
0.615485 1689
0.615485 1688
0.615485 1687
0.615485 1686
0.615485 1685
0.615485 1684
0.615485 1683
0.615485 1682
0.615485 1681
0.615485 1680
0.615476 1679
0.615476 1678
0.615476 1677
0.615476 1676
0.615476 1675
0.615476 1674
0.615476 1673
0.615476 1672
0.615476 1671
0.615476 1670
0.615476 1669
0.615476 1668
0.615476 1667
0.615476 1666
0.615476 1665
0.615476 1664
0.615476 1663
0.615476 1662
0.615476 1661
0.615476 1660
0.615476 1659
0.615476 1658
0.615476 1657
0.615476 1656
0.615476 1655
0.615476 1654
0.615476 1653
0.615364 1653
0.615364 1652
0.615293 1651
0.615282 1650
0.615282 1649
0.615282 1648
0.615282 1647
0.615282 1646
0.615282 1645
0.615282 1644
0.615282 1643
0.615282 1642
0.615282 1641
0.615282 1640
0.615282 1639
0.615201 1638
0.615201 1637
0.615201 1636
0.615201 1635
0.615201 1634
0.615201 1633
0.615201 1632
0.615201 1631
0.615201 1630
0.615201 1629
0.615201 1628
0.615201 1627
0.615084 1627
0.615084 1626
0.615084 1625
0.615084 1624
0.615084 1623
0.615084 1622
0.615084 1621
0.615084 1620
0.61494 1620
0.61494 1619
0.61494 1618
0.614832 1618
0.614832 1617
0.614832 1616
0.614722 1616
0.614722 1615
0.614722 1614
0.614722 1613
0.614722 1612
0.614722 1611
0.614722 1610
0.614722 1609
0.614722 1608
0.614722 1607
0.614722 1606
0.614722 1605
0.614864 1603
0.614864 1602
0.614864 1601
0.614864 1600
0.614864 1599
0.614864 1598
0.614864 1597
0.614864 1596
0.614864 1595
0.614864 1594
0.614864 1593
0.614864 1592
0.614864 1591
0.614864 1590
0.614864 1589
0.614864 1588
0.614864 1587
0.614864 1586
0.614864 1585
0.614864 1584
0.614864 1583
0.614864 1582
0.614864 1581
0.614864 1580
0.614864 1579
0.614864 1578
0.614864 1577
0.614864 1576
0.614864 1575
0.614864 1574
0.614864 1573
0.614864 1572
0.614864 1571
0.614864 1570
0.614864 1569
0.614864 1568
0.614784 1567
0.614784 1566
0.614784 1565
0.614784 1564
0.614784 1563
0.614784 1562
0.614784 1561
0.614784 1560
0.614644 1560
0.614644 1559
0.614644 1558
0.614529 1558
0.614529 1557
0.614529 1556
0.614529 1555
0.614529 1554
0.614417 1554
0.614417 1553
0.614417 1552
0.614417 1551
0.614417 1550
0.614417 1549
0.614417 1548
0.614417 1547
0.614417 1546
0.614417 1545
0.614417 1544
0.614417 1543
0.614417 1542
0.614417 1541
0.614417 1540
0.614417 1539
0.614417 1538
0.614417 1537
0.614417 1536
0.614417 1535
0.614417 1534
0.614417 1533
0.614417 1532
0.614417 1531
0.614417 1530
0.614417 1529
0.614417 1528
0.614417 1527
0.614417 1526
0.614417 1525
0.614323 1524
0.614323 1523
0.614323 1522
0.614323 1521
0.614323 1520
0.614305 1519
0.614305 1518
0.614305 1517
0.614201 1517
0.614201 1516
0.614201 1515
0.614201 1514
0.614201 1513
0.614201 1512
0.614201 1511
0.614201 1510
0.614107 1509
0.614107 1508
0.614107 1507
0.614107 1506
0.613986 1506
0.613905 1505
0.613905 1504
0.613905 1503
0.613905 1502
0.613905 1501
0.613905 1500
0.613905 1499
0.613905 1498
0.613905 1497
0.613905 1496
0.613905 1495
0.613905 1494
0.613905 1493
0.613905 1492
0.613905 1491
0.613905 1490
0.613905 1489
0.613905 1488
0.613905 1487
0.613905 1486
0.613905 1485
0.613788 1485
0.613788 1484
0.613788 1483
0.613788 1482
0.613788 1481
0.613788 1480
0.613788 1479
0.613788 1478
0.613788 1477
0.613788 1476
0.613788 1475
0.613788 1474
0.613788 1473
0.613788 1472
0.613788 1471
0.613788 1470
0.613788 1469
0.613788 1468
0.613788 1467
0.613788 1466
0.613788 1465
0.613788 1464
0.613788 1463
0.613788 1462
0.613788 1461
0.613788 1460
0.613788 1459
0.613788 1458
0.613495 1458
0.613495 1457
0.613495 1456
0.613495 1455
0.613495 1454
0.613454 1453
0.613153 1453
0.613153 1452
0.613153 1451
0.613153 1450
0.613151 1449
0.613151 1448
0.613038 1448
0.613038 1447
0.613038 1446
0.613038 1445
0.613038 1444
0.613038 1443
0.613038 1442
0.613038 1441
0.613038 1440
0.613038 1439
0.613038 1438
0.613038 1437
0.613038 1436
0.613038 1435
0.613038 1434
0.613038 1433
0.613038 1432
0.613038 1431
0.613038 1430
0.613038 1429
0.613038 1428
0.613038 1427
0.613038 1426
0.613038 1425
0.613038 1424
0.613035 1423
0.613035 1422
0.613035 1421
0.613035 1420
0.613035 1419
0.613035 1418
0.612897 1418
0.612897 1417
0.612897 1416
0.612897 1415
0.612897 1414
0.612897 1413
0.612897 1412
0.612897 1411
0.612897 1410
0.612897 1409
0.612897 1408
0.612897 1407
0.612897 1406
0.612897 1405
0.612897 1404
0.612897 1403
0.612897 1402
0.612897 1401
0.612897 1400
0.61282 1399
0.61282 1398
0.612732 1397
0.612732 1396
0.612732 1395
0.612732 1394
0.612732 1393
0.612732 1392
0.612732 1391
0.612732 1390
0.612732 1389
0.612732 1388
0.612732 1387
0.612732 1386
0.612732 1385
0.612732 1384
0.612732 1383
0.612732 1382
0.612732 1381
0.612732 1380
0.612732 1379
0.61273 1378
0.61273 1377
0.612663 1376
0.612663 1375
0.612663 1374
0.612663 1373
0.612663 1372
0.612663 1371
0.612663 1370
0.612663 1369
0.612663 1368
0.612663 1367
0.612663 1366
0.612663 1365
0.612663 1364
0.612663 1363
0.612516 1363
0.612516 1362
0.612516 1361
0.612516 1360
0.612516 1359
0.612516 1358
0.612516 1357
0.612516 1356
0.612516 1355
0.612516 1354
0.612516 1353
0.612504 1352
0.612504 1351
0.612504 1350
0.612504 1349
0.612504 1348
0.612504 1347
0.612504 1346
0.612504 1345
0.612504 1344
0.612504 1343
0.612504 1342
0.612504 1341
0.612504 1340
0.61249 1339
0.61249 1338
0.61249 1337
0.61249 1336
0.612487 1335
0.612487 1334
0.612487 1333
0.612487 1332
0.612487 1331
0.612487 1330
0.612487 1329
0.612487 1328
0.612487 1327
0.612487 1326
0.612487 1325
0.612487 1324
0.612487 1323
0.612487 1322
0.612487 1321
0.612487 1320
0.612487 1319
0.612487 1318
0.612487 1317
0.612487 1316
0.612487 1315
0.612487 1314
0.612487 1313
0.612487 1312
0.612487 1311
0.612443 1310
0.612443 1309
0.612443 1308
0.612443 1307
0.612443 1306
0.612443 1305
0.612443 1304
0.612443 1303
0.612443 1302
0.612443 1301
0.612443 1300
0.612443 1299
0.612443 1298
0.612443 1297
0.612443 1296
0.612443 1295
0.612301 1295
0.612301 1294
0.612301 1293
0.612157 1293
0.612157 1292
0.612157 1291
0.612124 1290
0.612124 1289
0.612124 1288
0.612124 1287
0.612124 1286
0.611999 1286
0.611999 1285
0.611988 1284
0.611988 1283
0.611896 1282
0.611896 1281
0.611896 1280
0.611896 1279
0.611896 1278
0.611896 1277
0.611896 1276
0.611896 1275
0.611896 1274
0.611896 1273
0.611896 1272
0.611896 1271
0.611896 1270
0.611896 1269
0.611896 1268
0.611896 1267
0.611896 1266
0.611896 1265
0.611896 1264
0.611896 1263
0.611896 1262
0.611896 1261
0.611896 1260
0.611896 1259
0.611826 1258
0.611826 1257
0.611826 1256
0.611826 1255
0.611826 1254
0.611826 1253
0.611826 1252
0.611826 1251
0.611826 1250
0.611826 1249
0.611826 1248
0.611826 1247
0.611826 1246
0.611826 1245
0.611826 1244
0.611826 1243
0.611704 1243
0.611661 1242
0.611661 1241
0.611661 1240
0.611661 1239
0.611661 1238
0.611661 1237
0.611661 1236
0.611661 1235
0.611661 1234
0.611661 1233
0.611661 1232
0.611661 1231
0.611661 1230
0.611661 1229
0.611661 1228
0.611572 1227
0.611572 1226
0.611572 1225
0.611572 1224
0.611572 1223
0.611572 1222
0.611572 1221
0.611572 1220
0.611572 1219
0.611572 1218
0.611512 1217
0.611512 1216
0.611512 1215
0.611512 1214
0.611512 1213
0.611512 1212
0.611385 1212
0.611385 1211
0.611385 1210
0.611361 1209
0.611361 1208
0.611361 1207
0.611361 1206
0.611361 1205
0.611361 1204
0.611361 1203
0.611361 1202
0.611361 1201
0.611361 1200
0.611217 1200
0.611217 1199
0.611217 1198
0.611217 1197
0.611212 1196
0.611212 1195
0.611212 1194
0.611212 1193
0.611212 1192
0.611212 1191
0.611212 1190
0.611212 1189
0.611212 1188
0.611212 1187
0.611212 1186
0.611212 1185
0.611113 1185
0.611113 1184
0.611113 1183
0.610965 1183
0.610965 1182
0.610965 1181
0.610965 1180
0.610965 1179
0.610965 1178
0.610833 1178
0.610719 1178
0.610719 1177
0.610719 1176
0.610719 1175
0.610719 1174
0.610719 1173
0.610656 1172
0.610656 1171
0.610656 1170
0.610656 1169
0.610656 1168
0.610656 1167
0.610656 1166
0.610656 1165
0.610656 1164
0.610656 1163
0.610656 1162
0.610656 1161
0.610656 1160
0.610656 1159
0.610656 1158
0.610656 1157
0.610656 1156
0.610656 1155
0.610656 1154
0.61055 1154
0.61055 1153
0.61055 1152
0.610529 1151
0.610529 1150
0.610502 1149
0.610502 1148
0.610502 1147
0.610502 1146
0.610502 1145
0.610502 1144
0.610502 1143
0.610502 1142
0.610502 1141
0.610502 1140
0.610502 1139
0.610502 1138
0.610458 1137
0.610458 1136
0.610386 1135
0.610386 1134
0.610386 1133
0.610386 1132
0.610386 1131
0.610386 1130
0.610386 1129
0.610386 1128
0.610386 1127
0.610386 1126
0.610386 1125
0.610386 1124
0.610386 1123
0.610386 1122
0.610386 1121
0.610386 1120
0.610263 1120
0.610263 1119
0.610263 1118
0.610263 1117
0.610143 1117
0.610143 1116
0.610143 1115
0.610143 1114
0.610143 1113
0.610143 1112
0.610026 1112
0.610026 1111
0.609918 1111
0.609918 1110
0.609918 1109
0.609918 1108
0.609918 1107
0.609918 1106
0.609918 1105
0.609857 1104
0.609857 1103
0.609857 1102
0.609857 1101
0.609857 1100
0.609685 1100
0.609685 1099
0.609685 1098
0.609685 1097
0.609685 1096
0.609685 1095
0.609685 1094
0.609685 1093
0.609685 1092
0.609685 1091
0.609685 1090
0.609685 1089
0.609685 1088
0.609685 1087
0.609647 1086
0.609647 1085
0.609647 1084
0.609647 1083
0.609647 1082
0.609647 1081
0.609502 1081
0.609502 1080
0.609502 1079
0.609502 1078
0.609502 1077
0.609502 1076
0.609502 1075
0.609502 1074
0.609502 1073
0.609502 1072
0.609502 1071
0.609502 1070
0.609502 1069
0.609502 1068
0.609502 1067
0.609502 1066
0.609502 1065
0.609407 1064
0.609407 1063
0.609427 1062
0.609427 1061
0.609427 1060
0.609427 1059
0.609427 1058
0.609427 1057
0.609427 1056
0.609284 1056
0.609284 1055
0.609284 1054
0.609284 1053
0.609284 1052
0.609142 1052
0.609142 1051
0.609142 1050
0.609142 1049
0.609142 1048
0.609142 1047
0.609142 1046
0.609142 1045
0.609142 1044
0.609142 1043
0.609142 1042
0.609142 1041
0.609142 1040
0.609142 1039
0.609142 1038
0.609142 1037
0.609142 1036
0.609142 1035
0.609142 1034
0.609142 1033
0.609142 1032
0.609142 1031
0.609083 1030
0.609083 1029
0.609083 1028
0.609083 1027
0.609083 1026
0.609083 1025
0.609083 1024
0.609083 1023
0.609083 1022
0.609083 1021
0.609083 1020
0.609083 1019
0.60896 1019
0.60896 1018
0.60896 1017
0.60896 1016
0.60896 1015
0.60896 1014
0.60896 1013
0.60896 1012
0.60896 1011
0.60896 1010
0.60896 1009
0.60896 1008
0.60896 1007
0.60896 1006
0.60896 1005
0.608851 1005
0.608851 1004
0.608851 1003
0.608851 1002
0.608821 1001
0.608821 1000
0.608821 999
0.608821 998
0.608821 997
0.608821 996
0.608821 995
0.608821 994
0.608821 993
0.608821 992
0.608821 991
0.608821 990
0.608821 989
0.608821 988
0.608821 987
0.608821 986
0.608821 985
0.608821 984
0.608821 983
0.608821 982
0.608821 981
0.608821 980
0.608748 979
0.608748 978
0.608731 977
0.608731 976
0.608731 975
0.608611 975
0.608611 974
0.608611 973
0.608611 972
0.608611 971
0.608611 970
0.608611 969
0.608611 968
0.608611 967
0.608611 966
0.608611 965
0.608611 964
0.608611 963
0.608513 963
0.608513 962
0.608513 961
0.608513 960
0.608513 959
0.608513 958
0.608513 957
0.608513 956
0.608513 955
0.608513 954
0.608513 953
0.608485 952
0.608485 951
0.608485 950
0.608485 949
0.608485 948
0.608485 947
0.608485 946
0.608485 945
0.608485 944
0.608485 943
0.608485 942
0.608485 941
0.608485 940
0.608485 939
0.608485 938
0.608485 937
0.608485 936
0.608485 935
0.608485 934
0.608485 933
0.608342 933
0.608342 932
0.608342 931
0.608248 930
0.608248 929
0.608248 928
0.608177 928
0.608177 927
0.608177 926
0.608177 925
0.608177 924
0.608177 923
0.608177 922
0.608177 921
0.608177 920
0.608177 919
0.608177 918
0.608177 917
0.608177 916
0.608177 915
0.608177 914
0.608177 913
0.608177 912
0.608177 911
0.608177 910
0.608159 909
0.608039 909
0.608039 908
0.608039 907
0.608039 906
0.608039 905
0.608039 904
0.60791 904
0.60791 903
0.60791 902
0.60791 901
0.60791 900
0.60791 899
0.60791 898
0.60791 897
0.60791 896
0.60791 895
0.60791 894
0.60791 893
0.60791 892
0.60791 891
0.60791 890
0.60791 889
0.60791 888
0.60791 887
0.60791 886
0.60791 885
0.60791 884
0.60791 883
0.60791 882
0.60791 881
0.60791 880
0.60779 880
0.60779 879
0.60779 878
0.60766 878
0.60766 877
0.607588 876
0.607588 875
0.607588 874
0.607588 873
0.607588 872
0.607588 871
0.607588 870
0.607588 869
0.607588 868
0.607588 867
0.607586 866
0.607586 865
0.607586 864
0.607586 863
0.607586 862
0.607468 862
0.607468 861
0.607468 860
0.607468 859
0.607468 858
0.607468 857
0.607468 856
0.607468 855
0.607468 854
0.607468 853
0.607408 852
0.607408 851
0.607408 850
0.607408 849
0.607408 848
0.607408 847
0.607408 846
0.607408 845
0.607408 844
0.607408 843
0.607408 842
0.607408 841
0.607328 840
0.607276 839
0.607276 838
0.607276 837
0.607276 836
0.607276 835
0.607276 834
0.607276 833
0.607276 832
0.607276 831
0.607276 830
0.607276 829
0.607276 828
0.607276 827
0.607276 826
0.607152 826
0.607152 825
0.607152 824
0.607152 823
0.607152 822
0.607113 821
0.607113 820
0.607113 819
0.607113 818
0.607113 817
0.607105 816
0.607105 815
0.607105 814
0.607017 813
0.607017 812
0.606882 812
0.606882 811
0.606882 810
0.606882 809
0.606882 808
0.606764 808
0.606764 807
0.606764 806
0.606764 805
0.606764 804
0.606764 803
0.606764 802
0.606764 801
0.606764 800
0.606764 799
0.606764 798
0.606646 798
0.606613 797
0.606613 796
0.606613 795
0.606613 794
0.606613 793
0.606613 792
0.606479 792
0.606479 791
0.606479 790
0.606479 789
0.606381 789
0.606381 788
0.606381 787
0.606381 786
0.606381 785
0.606381 784
0.606381 783
0.606305 782
0.606153 782
0.606153 781
0.606153 780
0.606153 779
0.606153 778
0.606153 777
0.606153 776
0.606153 775
0.606153 774
0.606153 773
0.606153 772
0.606153 771
0.60609 770
0.60609 769
0.60609 768
0.60609 767
0.60609 766
0.60609 765
0.60609 764
0.60609 763
0.60609 762
0.60609 761
0.60609 760
0.60609 759
0.60609 758
0.60609 757
0.60609 756
0.60609 755
0.60609 754
0.60609 753
0.60609 752
0.606022 751
0.606022 750
0.606022 749
0.606022 748
0.606022 747
0.606022 746
0.606022 745
0.606022 744
0.606022 743
0.605887 743
0.605887 742
0.605887 741
0.605887 740
0.605887 739
0.605887 738
0.605887 737
0.605887 736
0.605887 735
0.605887 734
0.605887 733
0.60585 732
0.60585 731
0.60585 730
0.60585 729
0.605752 729
0.605752 728
0.605752 727
0.605735 726
0.605735 725
0.605735 724
0.605735 723
0.605735 722
0.605735 721
0.605735 720
0.605735 719
0.605703 718
0.605561 718
0.605561 717
0.605561 716
0.605561 715
0.605561 714
0.60556 713
0.60556 712
0.60556 711
0.60556 710
0.60556 709
0.60556 708
0.60556 707
0.60556 706
0.605535 705
0.605487 704
0.605487 703
0.605346 703
0.605346 702
0.605346 701
0.605346 700
0.605346 699
0.605346 698
0.605346 697
0.605227 697
0.60511 697
0.60511 696
0.60511 695
0.60511 694
0.60511 693
0.60511 692
0.60511 691
0.60511 690
0.60511 689
0.60511 688
0.60511 687
0.60511 686
0.60511 685
0.60511 684
0.60511 683
0.6051 682
0.605087 681
0.605087 680
0.605087 679
0.605087 678
0.605087 677
0.605087 676
0.605087 675
0.60495 675
0.60495 674
0.60495 673
0.60495 672
0.604832 672
0.60474 672
0.60474 671
0.60474 670
0.60474 669
0.60474 668
0.60474 667
0.60474 666
0.604672 665
0.604672 664
0.604672 663
0.604529 663
0.604493 662
0.604493 661
0.604493 660
0.604493 659
0.604493 658
0.604493 657
0.604493 656
0.604493 655
0.604493 654
0.604493 653
0.604493 652
0.604493 651
0.604493 650
0.604493 649
0.604493 648
0.604381 648
0.604381 647
0.604253 647
0.604253 646
0.604253 645
0.604253 644
0.604253 643
0.604253 642
0.604124 642
0.604124 641
0.604124 640
0.604124 639
0.604124 638
0.604124 637
0.604009 637
0.604009 636
0.604009 635
0.604009 634
0.604009 633
0.604009 632
0.604009 631
0.604009 630
0.604009 629
0.604009 628
0.603871 628
0.603871 627
0.603871 626
0.60373 626
0.60373 625
0.60373 624
0.603613 624
0.603613 623
0.603613 622
0.603613 621
0.603613 620
0.603613 619
0.603613 618
0.603613 617
0.603613 616
0.603613 615
0.603601 614
0.603601 613
0.603488 613
0.603488 612
0.603488 611
0.603488 610
0.603488 609
0.603488 608
0.603369 608
0.603369 607
0.603369 606
0.603369 605
0.603369 604
0.603369 603
0.603369 602
0.603369 601
0.603369 600
0.603265 600
0.603265 599
0.603265 598
0.603265 597
0.603265 596
0.603265 595
0.603265 594
0.603265 593
0.603265 592
0.603265 591
0.603265 590
0.603265 589
0.603265 588
0.603265 587
0.603265 586
0.603265 585
0.603249 584
0.603249 583
0.603249 582
0.603249 581
0.603249 580
0.603249 579
0.603249 578
0.603249 577
0.603249 576
0.603249 575
0.603249 574
0.603249 573
0.603249 572
0.603249 571
0.603249 570
0.603248 569
0.603248 568
0.603248 567
0.603248 566
0.603248 565
0.603248 564
0.603248 563
0.603248 562
0.603369 560
0.603369 559
0.603369 558
0.603254 558
0.603254 557
0.603254 556
0.603254 555
0.603254 554
0.603254 553
0.603254 552
0.603254 551
0.603254 550
0.603254 549
0.603254 548
0.603254 547
0.603254 546
0.603108 546
0.603108 545
0.603108 544
0.603108 543
0.603108 542
0.603108 541
0.603108 540
0.603108 539
0.603108 538
0.603103 537
0.603103 536
0.60297 536
0.60297 535
0.60297 534
0.60297 533
0.60297 532
0.60297 531
0.60297 530
0.60297 529
0.60297 528
0.60297 527
0.60297 526
0.602918 525
0.602918 524
0.602918 523
0.602918 522
0.602918 521
0.602918 520
0.602918 519
0.602918 518
0.602918 517
0.602918 516
0.602882 515
0.602882 514
0.602882 513
0.602882 512
0.602882 511
0.602882 510
0.602783 510
0.602783 509
0.602783 508
0.602783 507
0.602764 506
0.602663 506
0.602663 505
0.602545 505
0.602545 504
0.602545 503
0.602545 502
0.602545 501
0.602545 500
0.602545 499
0.602545 498
0.602419 498
0.602419 497
0.602419 496
0.602419 495
0.602419 494
0.602281 494
0.602281 493
0.602281 492
0.602281 491
0.602281 490
0.602165 490
0.602165 489
0.602165 488
0.602165 487
0.602165 486
0.602165 485
0.602165 484
0.602048 484
0.602048 483
0.602048 482
0.602048 481
0.602048 480
0.602048 479
0.602048 478
0.602048 477
0.602048 476
0.602048 475
0.602048 474
0.602048 473
0.602048 472
0.602048 471
0.602048 470
0.602048 469
0.602048 468
0.602048 467
0.601925 467
0.601819 467
0.601819 466
0.601819 465
0.601819 464
0.601819 463
0.601819 462
0.601819 461
0.601819 460
0.601819 459
0.601819 458
0.601819 457
0.601819 456
0.601819 455
0.601805 454
0.601805 453
0.601805 452
0.601805 451
0.601805 450
0.601805 449
0.601805 448
0.601805 447
0.601805 446
0.601805 445
0.601677 445
0.601677 444
0.601677 443
0.601536 443
0.601424 443
0.601424 442
0.601424 441
0.601424 440
0.601424 439
0.601424 438
0.601424 437
0.601424 436
0.601424 435
0.601424 434
0.601424 433
0.601424 432
0.601424 431
0.601297 431
0.601154 431
0.601154 430
0.601154 429
0.601154 428
0.601154 427
0.601154 426
0.601154 425
0.601154 424
0.601003 424
0.601003 423
0.600896 423
0.600896 422
0.60077 422
0.60077 421
0.60077 420
0.60077 419
0.60077 418
0.60077 417
0.60077 416
0.60077 415
0.60077 414
0.60077 413
0.60077 412
0.600647 412
0.600647 411
0.600647 410
0.600509 410
0.600379 410
0.600379 409
0.600379 408
0.600286 407
0.600286 406
0.600259 405
0.600259 404
0.600259 403
0.600259 401
0.600259 400
0.600259 399
0.600259 397
0.600259 396
0.600259 395
0.600259 394
0.600157 394
0.600157 393
0.600157 392
0.600157 391
0.600157 390
0.600157 389
0.600157 388
0.600012 388
0.600012 387
0.600012 386
0.600012 385
0.599856 385
0.599856 384
0.599856 383
0.599856 382
0.599856 381
0.599856 380
0.599856 379
0.599856 378
0.599856 377
0.599856 376
0.599856 375
0.599744 375
0.599744 374
0.5996 374
0.5996 373
0.5996 372
0.5996 371
0.5996 370
0.5996 369
0.5996 368
0.5996 367
0.5996 366
0.5996 365
0.5996 364
0.5996 363
0.5996 362
0.5996 361
0.5996 360
0.5996 359
0.5996 358
0.599459 358
0.599459 357
0.599459 356
0.599459 355
0.599318 355
0.599318 354
0.599318 353
0.599318 352
0.599318 351
0.599169 351
0.599033 351
0.599033 350
0.599033 349
0.599033 348
0.599033 347
0.599033 346
0.599033 345
0.599033 344
0.599033 343
0.599033 342
0.598951 341
0.598951 340
0.598866 339
0.598866 338
0.598866 337
0.598866 336
0.598866 335
0.598866 334
0.598866 333
0.598866 332
0.598866 331
0.598866 330
0.598866 329
0.598866 328
0.598866 327
0.598866 326
0.598866 325
0.598866 324
0.598866 323
0.598713 323
0.598585 323
0.598585 322
0.598585 321
0.598585 320
0.598585 319
0.598585 318
0.598585 317
0.598585 316
0.598585 315
0.598585 314
0.598439 314
0.598439 313
0.598342 313
0.598342 312
0.598342 311
0.598342 310
0.598333 309
0.598333 308
0.598333 307
0.598333 306
0.598333 305
0.598197 305
0.598038 305
0.598038 304
0.597893 304
0.597893 303
0.597871 302
0.597745 302
0.597745 301
0.597745 300
0.597745 299
0.597745 298
0.597745 297
0.597745 296
0.597739 295
0.597739 294
0.597739 293
0.597739 292
0.597739 291
0.597739 290
0.597621 290
0.597621 289
0.597621 288
0.597485 288
0.597485 287
0.597348 287
0.597343 286
0.597224 286
0.597224 285
0.597093 285
0.596948 285
0.596948 284
0.596948 283
0.596841 283
0.596841 282
0.596841 281
0.596699 281
0.596699 280
0.596558 280
0.596558 279
0.596558 278
0.596558 277
0.596558 276
0.596558 275
0.596558 274
0.596558 273
0.596558 272
0.596558 271
0.596558 270
0.596558 269
0.596417 269
0.596417 268
0.596417 267
0.596394 266
0.596394 265
0.596257 265
0.596202 264
0.596202 263
0.596054 263
0.596054 262
0.596054 261
0.595951 261
0.595951 260
0.595951 259
0.595794 259
0.595794 258
0.59564 258
0.595515 258
0.595383 258
0.595383 257
0.595272 257
0.595272 256
0.595272 255
0.595272 254
0.595272 253
0.595272 252
0.595272 251
0.595272 250
0.59514 250
0.59514 249
0.595 249
0.594927 248
0.594885 247
0.594885 246
0.594774 246
0.594663 246
0.594663 245
0.594663 244
0.594663 243
0.594566 243
0.594566 242
0.594566 241
0.594566 240
0.594566 239
0.594429 239
0.594429 238
0.594429 237
0.594429 236
0.594288 236
0.59413 236
0.59413 235
0.59413 234
0.59413 233
0.59413 232
0.59413 231
0.594037 230
0.594037 229
0.593945 228
0.593809 228
0.593809 227
0.593809 226
0.5937 226
0.5937 225
0.5937 224
0.5937 223
0.593571 223
0.593571 222
0.593424 222
0.593424 221
0.593253 221
0.593169 220
0.59315 219
0.593048 219
0.593048 218
0.592911 218
0.592911 217
0.592911 216
0.592911 215
0.592911 214
0.592871 213
0.59273 213
0.59273 212
0.592601 212
0.592601 211
0.592457 211
0.592457 210
0.592386 209
0.592333 208
0.592256 207
0.592124 207
0.592124 206
0.591976 206
0.591846 206
0.591706 206
0.591573 206
0.591573 205
0.591573 204
0.591573 203
0.591516 202
0.59139 202
0.591244 202
0.591244 201
0.591244 199
0.59119 198
0.59119 197
0.59119 196
0.591081 196
0.591081 195
0.591081 194
0.591081 193
0.590959 193
0.590959 192
0.590812 192
0.590676 192
0.59067 191
0.590548 191
0.590548 190
0.590548 189
0.590395 189
0.590392 188
0.590256 188
0.590131 188
0.590049 187
0.590049 186
0.590049 185
0.590049 184
0.590049 183
0.589917 183
0.589917 182
0.589784 182
0.589784 181
0.589784 180
0.589784 179
0.589784 178
0.589663 178
0.589663 177
0.589663 176
0.589663 175
0.589526 175
0.589526 174
0.589385 174
0.589385 173
0.58924 173
0.58924 172
0.589098 172
0.588995 172
0.588995 171
0.588847 171
0.588847 170
0.588847 169
0.588724 169
0.588724 168
0.58861 168
0.58861 167
0.58861 166
0.58861 165
0.588454 165
0.588299 165
0.588299 164
0.588156 164
0.588156 163
0.588064 162
0.587947 162
0.587947 161
0.587804 161
0.587804 160
0.587675 160
0.58753 160
0.587391 160
0.587391 159
0.587266 159
0.587266 158
0.587124 158
0.587124 157
0.587124 156
0.587124 155
0.587124 154
0.587124 153
0.587124 152
0.586991 152
0.58694 151
0.586815 151
0.586815 150
0.586815 149
0.586815 148
0.586684 148
0.586684 147
0.586523 147
0.586523 146
0.586393 146
0.586362 145
0.586221 145
0.586072 145
0.586072 144
0.585941 144
0.585941 143
0.585941 142
0.585819 142
0.585819 141
0.585673 141
0.58553 141
0.58553 140
0.585442 139
0.585301 139
0.585165 139
0.585165 138
0.585036 138
0.584893 138
0.584765 138
0.584633 138
0.584633 137
0.584633 136
0.584554 135
0.584554 134
0.584476 133
0.584476 132
0.584351 132
0.584212 132
0.5841 132
0.583976 132
0.583976 131
0.583976 130
0.583976 129
0.583976 128
0.583843 128
0.583843 127
0.58371 127
0.58371 126
0.58371 125
0.58371 124
0.58371 123
0.58367 122
0.58367 121
0.583546 121
0.583423 121
0.583286 121
0.583286 120
0.583286 119
0.583286 118
0.583286 117
0.583146 117
0.583146 116
0.583054 115
0.582959 114
0.582811 114
0.582673 114
0.582575 114
0.582429 114
0.58231 114
0.58231 113
0.582175 113
0.582175 112
0.582045 112
0.582045 111
0.581912 111
0.581912 110
0.581762 110
0.581762 109
0.581615 109
0.581492 109
0.581492 108
0.581372 108
0.581227 108
0.581227 107
0.581213 106
0.581213 105
0.581066 105
0.581066 104
0.580934 104
0.580934 103
0.580783 103
0.580783 102
0.580647 102
0.580601 101
0.580448 101
0.580448 100
0.580448 99
0.580344 99
0.580344 98
0.580239 98
0.580239 97
0.580126 97
0.580008 97
0.580008 96
0.579899 96
0.579899 95
0.579899 94
0.579899 93
0.57978 93
0.579634 93
0.579634 92
0.579527 92
0.579527 91
0.579235 92
0.579235 91
0.579235 90
0.5791 90
0.578974 90
0.578857 90
0.578756 90
0.578612 90
0.578482 90
0.578335 90
0.578477 88
0.578325 88
0.578186 88
0.578033 88
0.578033 87
0.577939 86
0.577939 84
0.57781 84
0.577665 84
0.577524 84
0.577461 83
0.577461 82
0.577334 82
0.577201 82
0.577044 82
0.576922 82
0.576922 81
0.576922 80
0.576782 80
0.576666 80
0.576524 80
0.576524 79
0.576395 79
0.576276 79
0.576142 79
0.576142 78
0.576142 77
0.576142 76
0.576142 75
0.57604 75
0.575904 75
0.575821 74
0.575821 73
0.575735 72
0.575735 71
0.575604 71
0.575604 70
0.5755 70
0.575355 70
0.575212 70
0.575063 70
0.574917 70
0.574807 70
0.574692 70
0.574552 70
0.574411 70
0.574291 70
0.574163 70
0.574026 70
0.574026 69
0.573938 68
0.573808 68
0.573808 67
0.57372 66
0.573603 66
0.573482 66
0.573344 66
0.573233 66
0.573108 66
0.572952 66
0.57283 66
0.572716 66
0.572637 65
0.572498 65
0.572357 65
0.572357 64
0.572357 63
0.572238 63
0.572238 62
0.572238 61
0.57218 60
0.572046 60
0.571914 60
0.571914 59
0.571781 59
0.571781 58
0.57165 58
0.571521 58
0.571396 58
0.571309 57
0.571171 57
0.571171 56
0.571011 56
0.570862 56
0.570762 56
0.57061 56
0.570438 56
0.570301 56
0.570156 56
0.570156 55
0.570014 55
0.569908 55
0.569768 55
0.569768 54
0.569768 53
0.569674 52
0.569674 51
0.569592 50
0.56944 50
0.56944 49
0.569294 49
0.569183 49
0.569068 49
0.569068 48
0.568946 48
0.568848 48
0.568848 47
0.56873 47
0.56859 47
0.568488 47
0.568332 47
0.56821 47
0.568076 47
0.567916 47
0.567816 47
0.567674 47
0.567587 46
0.56745 46
0.567316 46
0.567205 46
0.567074 46
0.566936 46
0.566801 46
0.566678 46
0.566584 45
0.566445 45
0.56632 45
0.56632 44
0.566172 44
0.56604 44
0.565906 44
0.565906 43
0.565906 42
0.56579 42
0.56579 41
0.565637 41
0.565508 41
0.565367 41
0.565208 41
0.565062 41
0.564937 41
0.56479 41
0.564657 41
0.564521 41
0.56443 40
0.56431 40
0.56419 40
0.564066 40
0.563932 40
0.563785 40
0.563647 40
0.563497 40
0.563374 40
0.563248 40
0.563106 40
0.563015 39
0.562869 39
0.562747 39
0.562629 39
0.562479 39
0.562392 38
0.562272 38
0.562136 38
0.562136 37
0.562031 37
0.561884 37
0.561884 36
0.56174 36
0.56174 35
0.561594 35
0.561459 35
0.561314 35
0.561207 35
0.561058 35
0.560921 35
0.560779 35
0.560637 35
0.560484 35
0.560366 35
0.560228 35
0.560177 34
0.560025 34
0.559886 34
0.559749 34
0.559601 34
0.559601 33
0.55946 33
0.559333 33
0.55919 33
0.559084 33
0.558929 33
0.558929 32
0.558791 32
0.558783 31
0.558653 31
0.558531 31
0.558395 31
0.558272 31
0.558143 31
0.557996 31
0.55786 31
0.557723 31
0.557592 31
0.55747 31
0.557323 31
0.55722 31
0.557076 31
0.556932 31
0.556782 31
0.55667 31
0.556525 31
0.556377 31
0.556377 30
0.556241 30
0.556241 29
0.556115 29
0.555973 29
0.55584 29
0.555723 29
0.555723 28
0.555723 27
0.55561 27
0.555542 26
0.555394 26
0.555394 25
0.555235 25
0.555101 25
0.554959 25
0.554819 25
0.554694 25
0.55455 25
0.554406 25
0.554259 25
0.554121 25
0.553985 25
0.553985 24
0.553852 24
0.55371 24
0.553554 24
0.553422 24
0.55331 24
0.553175 24
0.55304 24
0.55291 24
0.552772 24
0.552628 24
0.552482 24
0.552482 23
0.552352 23
0.552202 23
0.55207 23
0.551923 23
0.551791 23
0.551678 23
0.551678 22
0.551563 22
0.551488 21
0.551356 21
0.551204 21
0.551069 21
0.550918 21
0.550782 21
0.55063 21
0.55051 21
0.55038 21
0.550261 21
0.550261 20
0.550135 20
0.549986 20
0.54984 20
0.54973 20
0.549587 20
0.549587 19
0.549458 19
0.549312 19
0.549245 18
0.549124 18
0.548969 18
0.548815 18
0.548681 18
0.548536 18
0.548412 18
0.548277 18
0.548145 18
0.548004 18
0.547861 18
0.547709 18
0.547567 18
0.547423 18
0.547287 18
0.547152 18
0.547014 18
0.54686 18
0.546704 18
0.546566 18
0.546566 17
0.546457 17
0.546323 17
0.546182 17
0.546052 17
0.545907 17
0.545775 17
0.545636 17
0.545498 17
0.545345 17
0.5452 17
0.545087 17
0.544953 17
0.54481 17
0.544699 17
0.544699 16
0.544563 16
0.544423 16
0.544277 16
0.544125 16
0.544125 15
0.543999 15
0.543868 15
0.543726 15
0.54358 15
0.543451 15
0.543451 14
0.543308 14
0.543169 14
0.54302 14
0.542876 14
0.542773 14
0.542649 14
0.542526 14
0.542414 14
0.542297 14
0.542157 14
0.542157 13
0.542013 13
0.541871 13
0.541735 13
0.541587 13
0.541475 13
0.541327 13
0.541192 13
0.541054 13
0.540923 13
0.54078 13
0.540634 13
0.540493 13
0.540493 12
0.540354 12
0.540215 12
0.540157 11
0.540015 11
0.539862 11
0.539725 11
0.539587 11
0.539436 11
0.539344 10
0.539209 10
0.539064 10
0.538918 10
0.538774 10
0.538664 10
0.538519 10
0.538389 10
0.538239 10
0.538108 10
0.537965 10
0.537839 10
0.537703 10
0.537565 10
0.537432 10
0.537285 10
0.537166 10
0.537026 10
0.537026 9
0.536884 9
0.536767 9
0.536671 8
0.536551 8
0.536421 8
0.536299 8
0.536161 8
0.53603 8
0.535889 8
0.535731 8
0.535584 8
0.53547 8
0.535323 8
0.535178 8
0.535053 8
0.535053 7
0.534949 7
0.534796 7
0.534666 7
0.534534 7
0.53442 7
0.534277 7
0.534139 7
0.534003 7
0.533853 7
0.53372 7
0.53358 7
0.533442 7
0.533352 6
0.533216 6
0.53307 6
0.53292 6
0.532798 6
0.532658 6
0.532515 6
0.532382 6
0.532225 6
0.532124 6
0.531987 6
0.531838 6
0.531704 6
0.531559 6
0.531456 6
0.531305 6
0.531198 6
0.531064 6
0.530912 6
0.530782 6
0.530638 6
0.530507 6
0.530349 6
0.530203 6
0.53008 6
0.529941 6
0.529806 6
0.529658 6
0.529516 6
0.529357 6
0.529212 6
0.529064 6
0.528915 6
0.528766 6
0.528627 6
0.528479 6
0.528339 6
0.528203 6
0.528072 6
0.527919 6
0.52778 6
0.527634 6
0.527513 6
0.527388 6
0.527234 6
0.527092 6
0.526941 6
0.526805 6
0.526656 6
0.526527 6
0.52639 6
0.52625 6
0.52625 5
0.526216 4
0.526068 4
0.52592 4
0.52592 3
0.525783 3
0.525633 3
0.525498 3
0.525388 3
0.525242 3
0.525102 3
0.524956 3
0.524817 3
0.524658 3
0.524545 3
0.524409 3
0.524259 3
0.524137 3
0.524011 3
0.523883 3
0.523724 3
0.523576 3
0.523432 3
0.523291 3
0.523141 3
0.522985 3
0.522839 3
0.522708 3
0.522567 3
0.522437 3
0.522289 3
0.522151 3
0.522031 3
0.521881 3
0.521745 3
0.521613 3
0.521491 3
0.52136 3
0.521212 3
0.521079 3
0.52093 3
0.520826 3
0.520695 3
0.520549 3
0.520414 3
0.520285 3
0.520187 3
0.520042 3
0.519899 3
0.519756 3
0.519638 3
0.519495 3
0.519348 3
0.519208 3
0.51909 3
0.518934 3
0.518805 3
0.518654 3
0.518521 3
0.51837 3
0.51837 2
0.518226 2
0.518107 2
0.517952 2
0.517801 2
0.517653 2
0.517501 2
0.517357 2
0.517203 2
0.51706 2
0.516928 2
0.516781 2
0.516638 2
0.5165 2
0.516354 2
0.516215 2
0.516091 2
0.515977 2
0.515844 2
0.515697 2
0.515557 2
0.515419 2
0.515268 2
0.515117 2
0.514969 2
0.51484 2
0.514702 2
0.514576 2
0.514408 2
0.514253 2
0.514109 2
0.513973 2
0.513829 2
0.513684 2
0.513558 2
0.513421 2
0.513281 2
0.513154 2
0.513004 2
0.51286 2
0.512706 2
0.512552 2
0.512415 2
0.512289 2
0.512152 2
0.512006 2
0.511906 2
0.511753 2
0.511612 2
0.51147 2
0.51133 2
0.511182 2
0.51108 2
0.510957 2
0.51082 2
0.510697 2
0.510555 2
0.510413 2
0.510278 2
0.510141 2
0.509998 2
0.509854 2
0.509733 2
0.509605 2
0.509458 2
0.509324 2
0.509179 2
0.509043 2
0.508903 2
0.508765 2
0.508617 2
0.508474 2
0.50832 2
0.508173 2
0.508043 2
0.507924 2
0.507809 2
0.507661 2
0.507521 2
0.507379 2
0.507235 2
0.507104 2
0.506958 2
0.506805 2
0.506656 2
0.506539 2
0.506391 2
0.506245 2
0.506125 2
0.505981 2
0.505838 2
0.505695 2
0.505543 2
0.505385 2
0.505247 2
0.50509 2
0.504943 2
0.504816 2
0.504667 2
0.504398 2
0.504246 2
0.504103 2
0.503953 2
0.503831 2
0.503689 2
0.503542 2
0.503415 2
0.503296 2
0.503152 2
0.503015 2
0.502868 2
0.502737 2
0.502607 2
0.502467 2
0.502341 2
0.50219 2
0.50205 2
0.501902 2
0.501776 2
0.501628 2
0.501491 2
0.50134 2
0.501196 2
0.501057 2
0.500922 2
0.500776 2
0.500624 2
0.500473 2
0.500328 2
0.500187 2
0.500032 2
0.499889 2
0.499767 2
0.499611 2
0.499463 2
0.499324 2
0.499186 2
0.499046 2
0.498923 2
0.498782 2
0.498636 2
0.498509 2
0.498375 2
0.498219 2
0.498079 2
0.497935 2
0.497797 2
0.497686 2
0.497537 2
0.4974 2
0.497254 2
0.496966 2
0.496819 2
0.49667 2
0.49652 2
0.496404 2
0.496257 2
0.496122 2
0.495985 2
0.495845 2
0.4957 2
0.495559 2
0.495418 2
0.495281 2
0.495139 2
0.494992 2
0.49484 2
0.494697 2
0.494559 2
0.494411 2
0.494282 2
0.494131 2
0.493998 2
0.493855 2
0.493719 2
0.493589 2
0.493455 2
0.493294 2
0.493181 2
0.493035 2
0.492889 2
0.492744 2
0.492613 2
0.492464 2
0.492314 2
0.492172 2
0.492024 2
0.491888 2
0.491762 2
0.491626 2
0.491495 2
0.491347 2
0.491192 2
0.491042 2
0.490905 2
0.490751 2
0.490625 2
0.490487 2
0.490346 2
0.490245 2
0.490104 2
0.48996 2
0.48982 2
0.489674 2
0.489529 2
0.489384 2
0.489223 2
0.489074 2
0.488924 2
0.488776 2
0.488619 2
0.488486 2
0.488355 2
0.488206 2
0.488066 2
0.487923 2
0.487789 2
0.487646 2
0.487497 2
0.48736 2
0.487206 2
0.487056 2
0.486927 2
0.486788 2
0.486657 2
0.486501 2
0.486349 2
0.486207 2
0.486066 2
0.485915 2
0.485762 2
0.485605 2
0.485468 2
0.485313 2
0.485176 2
0.48503 2
0.484886 2
0.48474 2
0.484592 2
0.484449 2
0.484311 2
0.48416 2
0.484018 2
0.483888 2
0.48375 2
0.483609 2
0.483466 2
0.483321 2
0.483179 2
0.483035 2
0.482899 2
0.482775 2
0.482636 2
0.482503 2
0.482364 2
0.482215 2
0.482075 2
0.481925 2
0.481783 2
0.481649 2
0.481508 2
0.481361 2
0.481211 2
0.48106 2
0.480938 2
0.480798 2
0.480641 2
0.480498 2
0.480344 2
0.48019 2
0.480045 2
0.479892 2
0.479749 2
0.479604 2
0.479467 2
0.479331 2
0.479192 2
0.479058 2
0.478911 2
0.478763 2
0.478604 2
0.478481 2
0.47833 2
0.478191 2
0.478039 2
0.4779 2
0.47777 2
0.477625 2
0.477482 2
0.477346 2
0.477209 2
0.477071 2
0.476926 2
0.476781 2
0.476644 2
0.476487 2
0.476355 2
0.476211 2
0.47607 2
0.475929 2
0.475812 2
0.475677 2
0.475533 2
0.475392 2
0.475242 2
0.475093 2
0.474966 2
0.474825 2
0.474689 2
0.474538 2
0.474386 2
0.47424 2
0.474096 2
0.473948 2
0.473813 2
0.473678 2
0.473528 2
0.473376 2
0.473256 2
0.473134 2
0.472983 2
0.472837 2
0.47271 2
0.472592 2
0.472455 2
0.472314 2
0.472168 2
0.472024 2
0.471886 2
0.471758 2
0.47162 2
0.471474 2
0.47132 2
0.471189 2
0.471059 2
0.470921 2
0.470773 2
0.470646 2
0.470526 2
0.470387 2
0.470242 2
0.470123 2
0.469979 2
0.469827 2
0.469669 2
0.469523 2
0.469401 2
0.469258 2
0.469117 2
0.46897 2
0.46883 2
0.468684 2
0.468526 2
0.468372 2
0.468222 2
0.468068 2
0.467945 2
0.467801 2
0.467643 2
0.4675 2
0.467353 2
0.467232 2
0.467102 2
0.466977 2
0.46683 2
0.466697 2
0.466554 2
0.466408 2
0.466264 2
0.466121 2
0.465996 2
0.46586 2
0.465727 2
0.465576 2
0.465427 2
0.465292 2
0.465147 2
0.465005 2
0.464852 2
0.464715 2
0.464564 2
0.464412 2
0.464275 2
0.464131 2
0.463992 2
0.46386 2
0.463705 2
0.463558 2
0.46342 2
0.463283 2
0.463147 2
0.462993 2
0.462844 2
0.462707 2
0.462568 2
0.462428 2
0.462275 2
0.462139 2
0.461987 2
0.461828 2
0.461681 2
0.461527 2
0.461385 2
0.461241 2
0.461105 2
0.46097 2
0.46083 2
0.460679 2
0.460536 2
0.460423 2
0.46027 2
0.460134 2
0.459988 2
0.459852 2
0.459695 2
0.459538 2
0.459394 2
0.459244 2
0.459108 2
0.45897 2
0.458828 2
0.458683 2
0.458533 2
0.4584 2
0.458251 2
0.458112 2
0.457971 2
0.457837 2
0.457678 2
0.457528 2
0.45738 2
0.457231 2
0.457084 2
0.456941 2
0.456802 2
0.456666 2
0.456541 2
0.456386 2
0.456246 2
0.456093 2
0.45594 2
0.455789 2
0.455658 2
0.455514 2
0.455357 2
0.455202 2
0.455056 2
0.454906 2
0.454776 2
0.454643 2
0.454504 2
0.454349 2
0.454196 2
0.454055 2
0.453912 2
0.453808 2
0.453808 1
0.453655 1
0.45352 1
0.453376 1
0.45326 1
0.453122 1
0.452977 1
0.452846 1
0.452701 1
0.452556 1
0.452409 1
0.452273 1
0.452133 1
0.451985 1
0.451848 1
0.45171 1
0.451561 1
0.451426 1
0.451278 1
0.451136 1
0.450991 1
0.450843 1
0.450693 1
0.450559 1
0.450419 1
0.450294 1
0.450141 1
0.450008 1
0.44986 1
0.449706 1
0.449555 1
0.449411 1
0.449262 1
0.449133 1
0.44899 1
0.44885 1
0.448708 1
0.44857 1
0.448429 1
0.448288 1
0.448153 1
0.447996 1
0.447845 1
0.447721 1
0.447563 1
0.447425 1
0.447271 1
0.447136 1
0.446985 1
0.446848 1
0.446691 1
0.446566 1
0.44642 1
0.44627 1
0.446122 1
0.445977 1
0.445855 1
0.445699 1
0.445559 1
0.445418 1
0.445283 1
0.445144 1
0.444992 1
0.444842 1
0.444698 1
0.444549 1
0.444405 1
0.444255 1
0.444102 1
0.44395 1
0.443802 1
0.443657 1
0.443515 1
0.443381 1
0.443233 1
0.443098 1
0.442947 1
0.44279 1
0.442634 1
0.442508 1
0.442362 1
0.442213 1
0.44206 1
0.441905 1
0.441753 1
0.441611 1
0.441458 1
0.44132 1
0.441175 1
0.441049 1
0.440894 1
0.440762 1
0.44062 1
0.440477 1
0.440333 1
0.440209 1
0.440066 1
0.439918 1
0.439775 1
0.439635 1
0.439514 1
0.439375 1
0.439239 1
0.439094 1
0.43896 1
0.438671 1
0.438524 1
0.438396 1
0.438252 1
0.438106 1
0.437963 1
0.437822 1
0.437676 1
0.437528 1
0.437381 1
0.437238 1
0.4371 1
0.436957 1
0.436807 1
0.436662 1
0.436522 1
0.436382 1
0.436241 1
0.436093 1
0.435944 1
0.435798 1
0.43565 1
0.435495 1
0.435349 1
0.435199 1
0.435052 1
0.434907 1
0.434759 1
0.434611 1
0.434464 1
0.434317 1
0.43417 1
0.434035 1
0.433886 1
0.433732 1
0.433589 1
0.433445 1
0.433304 1
0.433154 1
0.432992 1
0.432848 1
0.43269 1
0.432406 1
0.432261 1
0.432107 1
0.431974 1
0.431845 1
0.431703 1
0.431571 1
0.431437 1
0.431318 1
0.431177 1
0.431019 1
0.43087 1
0.430725 1
0.430578 1
0.430433 1
0.430289 1
0.430148 1
0.430028 1
0.42988 1
0.429743 1
0.429592 1
0.429443 1
0.429297 1
0.429146 1
0.428993 1
0.428851 1
0.428697 1
0.428548 1
0.428438 1
0.428294 1
0.428162 1
0.428008 1
0.42788 1
0.427729 1
0.427576 1
0.427438 1
0.427296 1
0.42716 1
0.427026 1
0.426888 1
0.426744 1
0.4266 1
0.426452 1
0.426326 1
0.426177 1
0.426031 1
0.425888 1
0.425746 1
0.425625 1
0.425484 1
0.425349 1
0.425206 1
0.425055 1
0.424916 1
0.424773 1
0.424625 1
0.424488 1
0.424375 1
0.42424 1
0.424097 1
0.423958 1
0.423826 1
0.423682 1
0.423543 1
0.423395 1
0.423275 1
0.423127 1
0.422977 1
0.422826 1
0.422672 1
0.422531 1
0.422375 1
0.422222 1
0.422076 1
0.421935 1
0.421794 1
0.421647 1
0.421501 1
0.421354 1
0.421235 1
0.421077 1
0.420957 1
0.420816 1
0.420681 1
0.420537 1
0.420387 1
0.420235 1
0.420081 1
0.419931 1
0.419772 1
0.419644 1
0.419499 1
0.419363 1
0.419211 1
0.419082 1
0.418933 1
0.418803 1
0.418655 1
0.418515 1
0.418371 1
0.418229 1
0.418077 1
0.417933 1
0.417786 1
0.417658 1
0.417514 1
0.417358 1
0.417206 1
0.417067 1
0.41692 1
0.416766 1
0.416637 1
0.416492 1
0.416345 1
0.4162 1
0.416067 1
0.41595 1
0.41581 1
0.415684 1
0.415533 1
0.415405 1
0.415258 1
0.415122 1
0.414981 1
0.414843 1
0.414694 1
0.414562 1
0.414422 1
0.414278 1
0.414126 1
0.413968 1
0.413817 1
0.413661 1
0.413521 1
0.413377 1
0.413229 1
0.413085 1
0.412956 1
0.412801 1
0.412677 1
0.41252 1
0.412376 1
0.41223 1
0.412092 1
0.411942 1
0.411806 1
0.411657 1
0.411515 1
0.411369 1
0.411228 1
0.411081 1
0.410944 1
0.410808 1
0.410662 1
0.410513 1
0.410367 1
0.41022 1
0.410076 1
0.409921 1
0.40977 1
0.409628 1
0.4095 1
0.409345 1
0.4092 1
0.409051 1
0.40891 1
0.408755 1
0.408605 1
0.408454 1
0.408308 1
0.408167 1
0.408022 1
0.407875 1
0.407731 1
0.407579 1
0.407459 1
0.407308 1
0.407156 1
0.407017 1
0.406869 1
0.406721 1
0.406571 1
0.406423 1
0.406423 0
0.406277 0
0.406128 0
0.405972 0
0.405826 0
0.405692 0
0.405551 0
0.405406 0
0.40525 0
0.40514 0
0.405005 0
0.404847 0
0.4047 0
0.404543 0
0.404393 0
0.40424 0
0.404084 0
0.403942 0
0.403803 0
0.403655 0
0.403504 0
0.403369 0
0.403226 0
0.403091 0
0.402944 0
0.402794 0
0.402642 0
0.402494 0
0.402352 0
0.402215 0
0.402076 0
0.401928 0
0.401779 0
0.401639 0
0.401486 0
0.401348 0
0.40121 0
0.401057 0
0.400905 0
0.400757 0
0.400609 0
0.400464 0
0.400321 0
0.400175 0
0.400033 0
0.399876 0
0.399727 0
0.399584 0
0.399439 0
0.399302 0
0.399193 0
0.399043 0
0.398897 0
0.398759 0
0.398618 0
0.398487 0
0.398338 0
0.398194 0
0.398055 0
0.397901 0
0.397755 0
0.397602 0
0.397457 0
0.397317 0
0.397174 0
0.397033 0
0.39689 0
0.396749 0
0.396612 0
0.396464 0
0.396314 0
0.396165 0
0.396022 0
0.395878 0
0.395723 0
0.39557 0
0.395449 0
0.395295 0
0.395154 0
0.395003 0
0.394853 0
0.394708 0
0.394576 0
0.394448 0
0.394297 0
0.39415 0
0.394008 0
0.393877 0
0.393752 0
0.393599 0
0.393449 0
0.393303 0
0.393145 0
0.393005 0
0.392868 0
0.392715 0
0.392576 0
0.392421 0
0.392275 0
0.392136 0
0.391999 0
0.391843 0
0.391695 0
0.391554 0
0.391409 0
0.391266 0
0.391112 0
0.390967 0
0.390821 0
0.390665 0
0.390523 0
0.390385 0
0.390244 0
0.3901 0
0.38996 0
0.389806 0
0.38966 0
0.389502 0
0.389355 0
0.389214 0
0.389063 0
0.388908 0
0.388773 0
0.388626 0
0.3885 0
0.388359 0
0.38822 0
0.38807 0
0.387923 0
0.38778 0
0.387634 0
0.387493 0
0.387351 0
0.38722 0
0.387064 0
0.386912 0
0.386761 0
0.386615 0
0.386471 0
0.386316 0
0.38617 0
0.386028 0
0.385895 0
0.385748 0
0.385606 0
0.385469 0
0.385324 0
0.385172 0
0.385046 0
0.384904 0
0.384754 0
0.384615 0
0.384481 0
0.38434 0
0.384187 0
0.384037 0
0.383898 0
0.383744 0
0.383593 0
0.383451 0
0.383302 0
0.383163 0
0.383013 0
0.382889 0
0.38274 0
0.382601 0
0.382444 0
0.382302 0
0.382148 0
0.382015 0
0.381878 0
0.381728 0
0.381592 0
0.381433 0
0.381317 0
0.381194 0
0.38104 0
0.380892 0
0.380743 0
0.380614 0
0.380473 0
0.380321 0
0.380172 0
0.380029 0
0.379884 0
0.379742 0
0.379595 0
0.379451 0
0.379306 0
0.379156 0
0.379018 0
0.378867 0
0.378726 0
0.378572 0
0.378432 0
0.378289 0
0.378142 0
0.377988 0
0.377853 0
0.377694 0
0.377569 0
0.377425 0
0.37728 0
0.377132 0
0.376982 0
0.37683 0
0.376684 0
0.376547 0
0.376406 0
0.376266 0
0.376115 0
0.375959 0
0.375817 0
0.375667 0
0.375519 0
0.375385 0
0.375245 0
0.375089 0
0.374939 0
0.374791 0
0.374641 0
0.374511 0
0.374362 0
0.374218 0
0.374075 0
0.373923 0
0.373785 0
0.373639 0
0.373498 0
0.373357 0
0.373212 0
0.373077 0
0.372923 0
0.372792 0
0.372674 0
0.372531 0
0.372385 0
0.372236 0
0.3721 0
0.371944 0
0.37179 0
0.37165 0
0.371509 0
0.37136 0
0.371221 0
0.371076 0
0.370948 0
0.370803 0
0.370665 0
0.370512 0
0.370388 0
0.370248 0
0.370107 0
0.369976 0
0.369829 0
0.369698 0
0.36955 0
0.369394 0
0.369245 0
0.369109 0
0.36896 0
0.368814 0
0.368669 0
0.36852 0
0.368365 0
0.368217 0
0.36807 0
0.367938 0
0.367787 0
0.367644 0
0.367509 0
0.367362 0
0.367234 0
0.367087 0
0.366939 0
0.366799 0
0.366663 0
0.366518 0
0.366385 0
0.366238 0
0.36608 0
0.365937 0
0.365787 0
0.365638 0
0.365489 0
0.365348 0
0.365202 0
0.365073 0
0.364921 0
0.36476 0
0.364611 0
0.36445 0
0.364299 0
0.364159 0
0.364022 0
0.363873 0
0.363722 0
0.363575 0
0.363427 0
0.36328 0
0.363131 0
0.363003 0
0.362861 0
0.362717 0
0.362569 0
0.362424 0
0.362318 0
0.362191 0
0.36205 0
0.3619 0
0.361756 0
0.361625 0
0.361478 0
0.361319 0
0.361169 0
0.361013 0
0.360868 0
0.360726 0
0.360593 0
0.360448 0
0.360327 0
0.360194 0
0.360045 0
0.359907 0
0.359771 0
0.359632 0
0.359491 0
0.359347 0
0.359212 0
0.359064 0
0.358919 0
0.358763 0
0.358613 0
0.35847 0
0.358336 0
0.358198 0
0.358048 0
0.357893 0
0.357772 0
0.357632 0
0.357481 0
0.357334 0
0.357202 0
0.357056 0
0.356901 0
0.356751 0
0.356609 0
0.356464 0
0.356307 0
0.35616 0
0.356011 0
0.355863 0
0.355716 0
0.355589 0
0.355453 0
0.35531 0
0.355184 0
0.355037 0
0.354893 0
0.354754 0
0.35461 0
0.354472 0
0.354328 0
0.354173 0
0.354029 0
0.353889 0
0.353747 0
0.353606 0
0.353453 0
0.353313 0
0.353158 0
0.353019 0
0.35287 0
0.352727 0
0.352583 0
0.352455 0
0.352305 0
0.352153 0
0.352009 0
0.351865 0
0.351712 0
0.351571 0
0.351422 0
0.35128 0
0.351132 0
0.350982 0
0.350833 0
0.350678 0
0.350528 0
0.350384 0
0.350255 0
0.350129 0
0.349982 0
0.349832 0
0.34969 0
0.349553 0
0.349412 0
0.349259 0
0.349105 0
0.348955 0
0.348678 0
0.348531 0
0.348395 0
0.348262 0
0.348114 0
0.34796 0
0.347805 0
0.347647 0
0.347492 0
0.347377 0
0.347232 0
0.347081 0
0.346931 0
0.346785 0
0.346653 0
0.346518 0
0.346371 0
0.346248 0
0.346104 0
0.345947 0
0.345798 0
0.345687 0
0.345536 0
0.345392 0
0.345263 0
0.345125 0
0.344974 0
0.344842 0
0.344695 0
0.344563 0
0.344419 0
0.344276 0
0.344127 0
0.343991 0
0.343851 0
0.343718 0
0.343569 0
0.343441 0
0.343301 0
0.343168 0
0.343022 0
0.34287 0
0.342726 0
0.342582 0
0.34244 0
0.342291 0
0.342152 0
0.342002 0
0.341854 0
0.341703 0
0.341404 0
0.341274 0
0.341135 0
0.340999 0
0.340849 0
0.340702 0
0.340553 0
0.340408 0
0.340267 0
0.340117 0
0.339974 0
0.339847 0
0.3397 0
0.339563 0
0.339412 0
0.33926 0
0.339119 0
0.338959 0
0.338816 0
0.338671 0
0.338532 0
0.338388 0
0.338241 0
0.338093 0
0.33794 0
0.337796 0
0.337641 0
0.337491 0
0.337337 0
0.337188 0
0.33703 0
0.336888 0
0.336747 0
0.336601 0
0.33645 0
0.336308 0
0.336162 0
0.336022 0
0.335886 0
0.335733 0
0.335593 0
0.335448 0
0.335303 0
0.33517 0
0.335019 0
0.334882 0
0.334746 0
0.334612 0
0.33447 0
0.33433 0
0.334169 0
0.334018 0
0.333895 0
0.333765 0
0.333625 0
0.333481 0
0.33333 0
0.333183 0
0.333047 0
0.332904 0
0.332766 0
0.332614 0
0.332461 0
0.332323 0
0.332189 0
0.332041 0
0.331892 0
0.331753 0
0.331612 0
0.331461 0
0.331325 0
0.331176 0
0.331033 0
0.330894 0
0.330743 0
0.330615 0
0.330461 0
0.330315 0
0.33016 0
0.330012 0
0.329866 0
0.329722 0
0.329583 0
0.329431 0
0.329298 0
0.329155 0
0.329006 0
0.32885 0
0.328729 0
0.328579 0
0.328434 0
0.328289 0
0.328129 0
0.327986 0
0.327837 0
0.327682 0
0.327525 0
0.327374 0
0.32725 0
0.327099 0
0.326953 0
0.326812 0
0.326666 0
0.326518 0
0.326374 0
0.326249 0
0.326121 0
0.325972 0
0.325824 0
0.325684 0
0.325543 0
0.325398 0
0.325269 0
0.325121 0
0.324979 0
0.324847 0
0.324697 0
0.324553 0
0.324425 0
0.324278 0
0.32413 0
0.323983 0
0.323828 0
0.323684 0
0.323546 0
0.3234 0
0.32326 0
0.323118 0
0.322978 0
0.322829 0
0.322684 0
0.322546 0
0.322398 0
0.322245 0
0.322116 0
0.32197 0
0.321825 0
0.321694 0
0.321548 0
0.321425 0
0.321282 0
0.321146 0
0.32101 0
0.32086 0
0.320716 0
0.320564 0
0.32042 0
0.320305 0
0.320162 0
0.320012 0
0.319865 0
0.319709 0
0.319567 0
0.31942 0
0.319278 0
0.319133 0
0.318994 0
0.318842 0
0.318694 0
0.318538 0
0.318394 0
0.318258 0
0.318134 0
0.317984 0
0.317862 0
0.317735 0
0.317592 0
0.31745 0
0.317305 0
0.317157 0
0.317015 0
0.316871 0
0.316722 0
0.316576 0
0.316424 0
0.316286 0
0.316133 0
0.315988 0
0.315837 0
0.315707 0
0.315566 0
0.315419 0
0.315273 0
0.315145 0
0.314994 0
0.314849 0
0.314721 0
0.314568 0
0.314416 0
0.314266 0
0.314112 0
0.313973 0
0.313832 0
0.313704 0
0.313553 0
0.313422 0
0.313274 0
0.313133 0
0.312982 0
0.312832 0
0.312709 0
0.312577 0
0.312425 0
0.312276 0
0.31213 0
0.311989 0
0.311844 0
0.311701 0
0.311551 0
0.311399 0
0.311251 0
0.311097 0
0.310952 0
0.31081 0
0.310653 0
0.310521 0
0.310369 0
0.310219 0
0.310076 0
0.309933 0
0.309792 0
0.309663 0
0.309523 0
0.309368 0
0.309228 0
0.309082 0
0.308942 0
0.308797 0
0.308644 0
0.308492 0
0.308344 0
0.308204 0
0.308046 0
0.307897 0
0.307753 0
0.307613 0
0.307465 0
0.307327 0
0.307181 0
0.307029 0
0.306882 0
0.306732 0
0.306584 0
0.306438 0
0.3063 0
0.306146 0
0.305995 0
0.305837 0
0.305694 0
0.305545 0
0.305397 0
0.305257 0
0.305106 0
0.304974 0
0.304823 0
0.304668 0
0.304526 0
0.304379 0
0.304237 0
0.304095 0
0.303949 0
0.303793 0
0.303645 0
0.303527 0
0.303369 0
0.303214 0
0.303069 0
0.302932 0
0.302774 0
0.302641 0
0.302488 0
0.302347 0
0.302205 0
0.30206 0
0.301915 0
0.301767 0
0.301625 0
0.301488 0
0.301347 0
0.301203 0
0.301059 0
0.300924 0
0.300776 0
0.300631 0
0.300497 0
0.300356 0
0.300221 0
0.300071 0
0.299936 0
0.299789 0
0.299642 0
0.299488 0
0.299336 0
0.299195 0
0.29904 0
0.298903 0
0.298755 0
0.298613 0
0.298471 0
0.298326 0
0.298181 0
0.298036 0
0.297902 0
0.297761 0
0.297613 0
0.297467 0
0.297319 0
0.297173 0
0.297024 0
0.296881 0
0.296746 0
0.296604 0
0.29646 0
0.296307 0
0.296158 0
0.296019 0
0.295888 0
0.295741 0
0.295582 0
0.295441 0
0.295292 0
0.295151 0
0.295003 0
0.294854 0
0.294702 0
0.294555 0
0.294406 0
0.294253 0
0.294108 0
0.293966 0
0.29382 0
0.293686 0
0.293544 0
0.293413 0
0.293304 0
0.293169 0
0.293018 0
0.292898 0
0.292748 0
0.2926 0
0.292452 0
0.292306 0
0.29217 0
0.292033 0
0.291881 0
0.291736 0
0.291593 0
0.291442 0
0.291297 0
0.291148 0
0.290997 0
0.290839 0
0.29069 0
0.290535 0
0.290411 0
0.290274 0
0.290131 0
0.290008 0
0.289876 0
0.289735 0
0.289582 0
0.289435 0
0.289294 0
0.289149 0
0.289 0
0.288863 0
0.288724 0
0.288592 0
0.28846 0
0.288316 0
0.288168 0
0.288019 0
0.28788 0
0.287748 0
0.287611 0
0.287465 0
0.28731 0
0.287181 0
0.287033 0
0.286895 0
0.286752 0
0.286616 0
0.286476 0
0.286334 0
0.286177 0
0.286028 0
0.285876 0
0.285729 0
0.285576 0
0.285445 0
0.285289 0
0.285141 0
0.284996 0
0.284847 0
0.284701 0
0.284543 0
0.284397 0
0.28425 0
0.284098 0
0.283952 0
0.283799 0
0.283668 0
0.283519 0
0.283368 0
0.28321 0
0.283065 0
0.282927 0
0.282781 0
0.282636 0
0.28249 0
0.282349 0
0.282213 0
0.282062 0
0.281911 0
0.281772 0
0.281631 0
0.281489 0
0.281337 0
0.281191 0
0.28104 0
0.280884 0
0.280738 0
0.280586 0
0.280447 0
0.280296 0
0.280142 0
0.279997 0
0.27985 0
0.279701 0
0.279553 0
0.279402 0
0.279244 0
0.27909 0
0.278954 0
0.278811 0
0.278667 0
0.278518 0
0.27837 0
0.278226 0
0.27809 0
0.277956 0
0.277807 0
0.277663 0
0.277537 0
0.277383 0
0.277242 0
0.277094 0
0.276942 0
0.276795 0
0.27664 0
0.2765 0
0.27635 0
0.276206 0
0.276083 0
0.27594 0
0.275798 0
0.275669 0
0.275532 0
0.275392 0
0.275252 0
0.275101 0
0.274951 0
0.274806 0
0.274662 0
0.274523 0
0.274379 0
0.274238 0
0.274098 0
0.273959 0
0.273831 0
0.273694 0
0.273538 0
0.273398 0
0.273246 0
0.273093 0
0.272946 0
0.272795 0
0.272656 0
0.272505 0
0.272362 0
0.272215 0
0.272086 0
0.271944 0
0.271816 0
0.271676 0
0.271529 0
0.27137 0
0.271228 0
0.271088 0
0.270941 0
0.270809 0
0.270675 0
0.270534 0
0.270393 0
0.270259 0
0.270108 0
0.269953 0
0.269816 0
0.269674 0
0.269531 0
0.269382 0
0.269235 0
0.269091 0
0.268951 0
0.268799 0
0.268658 0
0.268507 0
0.268353 0
0.268208 0
0.268073 0
0.26794 0
0.267793 0
0.267651 0
0.26752 0
0.267377 0
0.267247 0
0.26712 0
0.266997 0
0.266857 0
0.266708 0
0.266558 0
0.266417 0
0.266276 0
0.26613 0
0.265985 0
0.265833 0
0.265684 0
0.265537 0
0.265386 0
0.265246 0
0.265093 0
0.26496 0
0.264808 0
0.264659 0
0.264511 0
0.264363 0
0.264218 0
0.264059 0
0.263904 0
0.263759 0
0.263635 0
0.263483 0
0.263337 0
0.263197 0
0.263064 0
0.262915 0
0.262763 0
0.262611 0
0.262472 0
0.262326 0
0.262173 0
0.262043 0
0.261894 0
0.261753 0
0.261616 0
0.261461 0
0.26132 0
0.26117 0
0.261025 0
0.260876 0
0.260732 0
0.260604 0
0.260447 0
0.260305 0
0.26015 0
0.260016 0
0.259865 0
0.259705 0
0.259575 0
0.259429 0
0.259286 0
0.259133 0
0.25899 0
0.258846 0
0.258695 0
0.258551 0
0.258397 0
0.258244 0
0.258103 0
0.257956 0
0.257819 0
0.257681 0
0.257523 0
0.257369 0
0.257229 0
0.257113 0
0.25698 0
0.256823 0
0.256669 0
0.256535 0
0.256388 0
0.256235 0
0.256099 0
0.25595 0
0.255803 0
0.25566 0
0.255515 0
0.255367 0
0.255223 0
0.255092 0
0.25495 0
0.254823 0
0.254675 0
0.254525 0
0.254383 0
0.254236 0
0.254092 0
0.253938 0
0.253798 0
0.253649 0
0.2535 0
0.253358 0
0.25322 0
0.253076 0
0.252943 0
0.25279 0
0.252644 0
0.252379 0
0.252243 0
0.252106 0
0.251962 0
0.251809 0
0.251666 0
0.251537 0
0.251388 0
0.251237 0
0.251097 0
0.250973 0
0.250833 0
0.250688 0
0.25054 0
0.250392 0
0.250265 0
0.250117 0
0.24997 0
0.249834 0
0.249694 0
0.249547 0
0.249403 0
0.249251 0
0.249112 0
0.248979 0
0.248843 0
0.248695 0
0.248542 0
0.248398 0
0.248256 0
0.248104 0
0.247961 0
0.247814 0
0.247676 0
0.247533 0
0.247395 0
0.247247 0
0.247112 0
0.246956 0
0.246815 0
0.246662 0
0.246533 0
0.246385 0
0.24624 0
0.246086 0
0.245945 0
0.245789 0
0.245639 0
0.245503 0
0.245347 0
0.245215 0
0.245071 0
0.244944 0
0.244806 0
0.244677 0
0.244528 0
0.244392 0
0.244246 0
0.244101 0
0.243947 0
0.243825 0
0.24367 0
0.243532 0
0.243385 0
0.243231 0
0.243088 0
0.242941 0
0.242798 0
0.242648 0
0.242509 0
0.242361 0
0.242222 0
0.242062 0
0.241919 0
0.241766 0
0.241614 0
0.24148 0
0.24133 0
0.241181 0
0.241035 0
0.240885 0
0.240747 0
0.240592 0
0.240459 0
0.240307 0
0.240157 0
0.240019 0
0.239877 0
0.239729 0
0.239583 0
0.239438 0
0.239291 0
0.239141 0
0.239 0
0.238863 0
0.238715 0
0.238573 0
0.238429 0
0.238297 0
0.238146 0
0.238006 0
0.237861 0
0.23773 0
0.237577 0
0.237422 0
0.237278 0
0.237133 0
0.236986 0
0.236839 0
0.236695 0
0.236551 0
0.236411 0
0.23626 0
0.236097 0
0.235945 0
0.235655 0
0.235523 0
0.23538 0
0.235232 0
0.235085 0
0.234928 0
0.234793 0
0.234648 0
0.234498 0
0.234356 0
0.234222 0
0.234072 0
0.233923 0
0.233789 0
0.233641 0
0.233499 0
0.233357 0
0.23321 0
0.233061 0
0.232925 0
0.232773 0
0.232632 0
0.232489 0
0.232364 0
0.232217 0
0.232067 0
0.231925 0
0.231782 0
0.231649 0
0.231517 0
0.231375 0
0.231224 0
0.231084 0
0.230946 0
0.230792 0
0.23064 0
0.230495 0
0.230342 0
0.230203 0
0.23007 0
0.229921 0
0.229789 0
0.229648 0
0.229502 0
0.229357 0
0.229211 0
0.229065 0
0.228921 0
0.228771 0
0.228621 0
0.228473 0
0.228336 0
0.228199 0
0.228061 0
0.227904 0
0.227762 0
0.227618 0
0.227475 0
0.227329 0
0.227178 0
0.22703 0
0.226887 0
0.226742 0
0.226594 0
0.226439 0
0.226303 0
0.226159 0
0.226019 0
0.225874 0
0.225726 0
0.225589 0
0.225442 0
0.225299 0
0.225149 0
0.225001 0
0.224852 0
0.2247 0
0.224545 0
0.224403 0
0.224262 0
0.224143 0
0.224002 0
0.223854 0
0.223706 0
0.223561 0
0.223429 0
0.223282 0
0.223137 0
0.222989 0
0.222843 0
0.222694 0
0.222553 0
0.222407 0
0.222251 0
0.222104 0
0.221948 0
0.2218 0
0.221644 0
0.22149 0
0.221342 0
0.221208 0
0.221055 0
0.22091 0
0.220765 0
0.220619 0
0.220316 0
0.220168 0
0.220017 0
0.219876 0
0.219731 0
0.219599 0
0.219448 0
0.219292 0
0.219156 0
0.219014 0
0.21887 0
0.218719 0
0.21857 0
0.218429 0
0.218281 0
0.218146 0
0.217995 0
0.217857 0
0.217713 0
0.217566 0
0.217424 0
0.217269 0
0.217124 0
0.21698 0
0.216842 0
0.216695 0
0.216544 0
0.216413 0
0.216266 0
0.216127 0
0.215981 0
0.215833 0
0.215677 0
0.215538 0
0.215389 0
0.215251 0
0.215107 0
0.21496 0
0.214806 0
0.214663 0
0.214519 0
0.214369 0
0.214217 0
0.214072 0
0.21395 0
0.213812 0
0.213662 0
0.213505 0
0.213366 0
0.213224 0
0.213085 0
0.212948 0
0.212794 0
0.212653 0
0.212505 0
0.212352 0
0.212212 0
0.212065 0
0.211934 0
0.211782 0
0.211625 0
0.211473 0
0.211329 0
0.21118 0
0.211029 0
0.210883 0
0.210733 0
0.210587 0
0.210437 0
0.210293 0
0.210134 0
0.209974 0
0.20982 0
0.209677 0
0.209527 0
0.209389 0
0.209235 0
0.209094 0
0.208939 0
0.208787 0
0.208644 0
0.208508 0
0.208361 0
0.208219 0
0.208071 0
0.207925 0
0.207793 0
0.20765 0
0.207492 0
0.207356 0
0.207205 0
0.207051 0
0.206898 0
0.206747 0
0.206612 0
0.20647 0
0.206346 0
0.206222 0
0.206073 0
0.205926 0
0.205774 0
0.20564 0
0.205483 0
0.205343 0
0.205195 0
0.20504 0
0.204882 0
0.20475 0
0.204609 0
0.204473 0
0.204178 0
0.204028 0
0.20389 0
0.203742 0
0.203618 0
0.203472 0
0.203333 0
0.203181 0
0.203038 0
0.202892 0
0.202738 0
0.20259 0
0.20244 0
0.202303 0
0.202153 0
0.202015 0
0.201871 0
0.201731 0
0.201578 0
0.201423 0
0.201282 0
0.20113 0
0.200984 0
0.200827 0
0.200688 0
0.200571 0
0.200433 0
0.200281 0
0.200131 0
0.199978 0
0.19984 0
0.199692 0
0.199548 0
0.199409 0
0.199255 0
0.199108 0
0.198968 0
0.198827 0
0.198683 0
0.198535 0
0.198376 0
0.198227 0
0.198083 0
0.197938 0
0.197784 0
0.197637 0
0.19749 0
0.197347 0
0.197205 0
0.197056 0
0.196911 0
0.196765 0
0.196619 0
0.196466 0
0.196316 0
0.196167 0
0.196022 0
0.195874 0
0.195727 0
0.195581 0
0.195442 0
0.19529 0
0.19514 0
0.194982 0
0.194833 0
0.19469 0
0.194545 0
0.194401 0
0.194264 0
0.194125 0
0.19397 0
0.193818 0
0.193681 0
0.193528 0
0.193385 0
0.193232 0
0.193094 0
0.192954 0
0.192804 0
0.192652 0
0.192505 0
0.192355 0
0.192198 0
0.192053 0
0.191909 0
0.191773 0
0.191626 0
0.191486 0
0.191347 0
0.191206 0
0.191054 0
0.190901 0
0.19075 0
0.190601 0
0.190453 0
0.190297 0
0.190144 0
0.189989 0
0.18984 0
0.189695 0
0.189553 0
0.189408 0
0.189262 0
0.189123 0
0.188973 0
0.188821 0
0.188672 0
0.188536 0
0.188386 0
0.18824 0
0.188089 0
0.187941 0
0.187799 0
0.187655 0
0.187497 0
0.187352 0
0.187196 0
0.187058 0
0.186911 0
0.186762 0
0.186629 0
0.186473 0
0.186328 0
0.186191 0
0.18604 0
0.185894 0
0.185761 0
0.185617 0
0.185478 0
0.185348 0
0.185207 0
0.185067 0
0.18493 0
0.184787 0
0.184645 0
0.1845 0
0.184343 0
0.184199 0
0.184047 0
0.183915 0
0.183776 0
0.183634 0
0.183496 0
0.183352 0
0.183205 0
0.183049 0
0.182899 0
0.182745 0
0.182596 0
0.182461 0
0.182312 0
0.182155 0
0.182007 0
0.181857 0
0.181712 0
0.181565 0
0.181412 0
0.181267 0
0.181118 0
0.180972 0
0.180824 0
0.180685 0
0.180535 0
0.180391 0
0.180251 0
0.180103 0
0.179958 0
0.179804 0
0.179657 0
0.179512 0
0.179368 0
0.179218 0
0.179068 0
0.178915 0
0.178764 0
0.178628 0
0.178488 0
0.178341 0
0.178199 0
0.17806 0
0.177916 0
0.177768 0
0.177619 0
0.177473 0
0.177335 0
0.17719 0
0.17706 0
0.176915 0
0.176763 0
0.176619 0
0.176471 0
0.176334 0
0.176186 0
0.176036 0
0.17588 0
0.175725 0
0.175581 0
0.175435 0
0.175292 0
0.175143 0
0.175003 0
0.174867 0
0.174717 0
0.174586 0
0.174448 0
0.1743 0
0.174153 0
0.17402 0
0.173888 0
0.173733 0
0.173583 0
0.173436 0
0.173283 0
0.173145 0
0.172994 0
0.172845 0
0.172703 0
0.172554 0
0.172415 0
0.172267 0
0.172113 0
0.17197 0
0.171817 0
0.171673 0
0.171524 0
0.171374 0
0.171234 0
0.171094 0
0.170952 0
0.170821 0
0.170668 0
0.170511 0
0.17036 0
0.170208 0
0.170065 0
0.169912 0
0.169769 0
0.169616 0
0.16947 0
0.169326 0
0.169173 0
0.169049 0
0.168895 0
0.168762 0
0.168612 0
0.168457 0
0.168311 0
0.168161 0
0.168007 0
0.167863 0
0.167717 0
0.167576 0
0.167434 0
0.167279 0
0.167125 0
0.166974 0
0.166828 0
0.166693 0
0.166566 0
0.166424 0
0.166279 0
0.16613 0
0.165989 0
0.165856 0
0.165712 0
0.165565 0
0.165404 0
0.165257 0
0.165116 0
0.164971 0
0.164825 0
0.16468 0
0.164527 0
0.164374 0
0.164218 0
0.164083 0
0.163935 0
0.163793 0
0.163648 0
0.163504 0
0.163359 0
0.163211 0
0.163058 0
0.162907 0
0.162756 0
0.162603 0
0.162453 0
0.162306 0
0.162158 0
0.162005 0
0.161866 0
0.16172 0
0.161576 0
0.161433 0
0.161275 0
0.161124 0
0.160976 0
0.160824 0
0.160685 0
0.160547 0
0.160405 0
0.160247 0
0.160106 0
0.159965 0
0.159836 0
0.159691 0
0.15955 0
0.159408 0
0.159265 0
0.159119 0
0.158975 0
0.158828 0
0.15868 0
0.158534 0
0.158402 0
0.158257 0
0.158108 0
0.157966 0
0.157819 0
0.157669 0
0.157517 0
0.15737 0
0.157222 0
0.15708 0
0.156926 0
0.156787 0
0.156637 0
0.156487 0
0.156344 0
0.156199 0
0.156055 0
0.155913 0
0.155763 0
0.155621 0
0.155474 0
0.155319 0
0.155173 0
0.155018 0
0.154873 0
0.154718 0
0.154584 0
0.154433 0
0.154299 0
0.154148 0
0.154007 0
0.153866 0
0.153717 0
0.153577 0
0.153426 0
0.15328 0
0.153126 0
0.152979 0
0.15283 0
0.152675 0
0.152523 0
0.152371 0
0.152232 0
0.152081 0
0.151933 0
0.151787 0
0.151637 0
0.151493 0
0.151374 0
0.151223 0
0.151076 0
0.150915 0
0.150764 0
0.150633 0
0.15048 0
0.150327 0
0.150203 0
0.150047 0
0.149898 0
0.149756 0
0.149619 0
0.149487 0
0.149347 0
0.149197 0
0.149057 0
0.148905 0
0.148757 0
0.148608 0
0.148463 0
0.148317 0
0.148175 0
0.148019 0
0.147868 0
0.147728 0
0.147592 0
0.147444 0
0.147293 0
0.147161 0
0.14701 0
0.146871 0
0.146704 0
0.14658 0
0.146441 0
0.146295 0
0.146146 0
0.146 0
0.145848 0
0.145702 0
0.145543 0
0.145416 0
0.145276 0
0.145134 0
0.144983 0
0.144836 0
0.144688 0
0.144557 0
0.144409 0
0.144258 0
0.144104 0
0.14395 0
0.143806 0
0.143657 0
0.143503 0
0.143363 0
0.143223 0
0.143081 0
0.142928 0
0.142782 0
0.142648 0
0.142505 0
0.14236 0
0.142217 0
0.142074 0
0.14193 0
0.141785 0
0.141636 0
0.141489 0
0.141341 0
0.141184 0
0.141034 0
0.140885 0
0.14074 0
0.140591 0
0.140433 0
0.140294 0
0.140147 0
0.140002 0
0.139854 0
0.139701 0
0.139551 0
0.139397 0
0.139249 0
0.139107 0
0.138953 0
0.13881 0
0.138656 0
0.138508 0
0.138364 0
0.138221 0
0.138077 0
0.137932 0
0.137791 0
0.137648 0
0.137513 0
0.137361 0
0.137214 0
0.137065 0
0.13691 0
0.136763 0
0.136609 0
0.136468 0
0.136315 0
0.136175 0
0.136034 0
0.13588 0
0.135733 0
0.135585 0
0.135433 0
0.135278 0
0.135139 0
0.13499 0
0.134838 0
0.134686 0
0.134528 0
0.134378 0
0.134231 0
0.134081 0
0.133931 0
0.133782 0
0.13364 0
0.133493 0
0.133333 0
0.133176 0
0.133032 0
0.132876 0
0.132753 0
0.132612 0
0.132474 0
0.13232 0
0.132177 0
0.13203 0
0.131893 0
0.131739 0
0.131584 0
0.131438 0
0.131301 0
0.131149 0
0.130999 0
0.130854 0
0.130705 0
0.130561 0
0.13041 0
0.130261 0
0.13011 0
0.129955 0
0.129805 0
0.129663 0
0.129524 0
0.129381 0
0.129229 0
0.129105 0
0.128962 0
0.128816 0
0.128674 0
0.128531 0
0.128375 0
0.128236 0
0.12809 0
0.127931 0
0.127785 0
0.127634 0
0.127488 0
0.127331 0
0.127181 0
0.127033 0
0.126883 0
0.126747 0
0.126607 0
0.126464 0
0.126328 0
0.126176 0
0.126035 0
0.125895 0
0.125766 0
0.125616 0
0.12546 0
0.12532 0
0.125186 0
0.125036 0
0.124891 0
0.124746 0
0.124606 0
0.124463 0
0.12432 0
0.12417 0
0.124024 0
0.123876 0
0.123728 0
0.123576 0
0.12342 0
0.123268 0
0.123123 0
0.122972 0
0.122823 0
0.122677 0
0.122522 0
0.122367 0
0.122209 0
0.122055 0
0.121909 0
0.121757 0
0.121614 0
0.121465 0
0.12132 0
0.121177 0
0.121039 0
0.120907 0
0.120763 0
0.120624 0
0.120485 0
0.120338 0
0.120195 0
0.120045 0
0.119904 0
0.119761 0
0.119618 0
0.119468 0
0.119319 0
0.119176 0
0.119036 0
0.11889 0
0.118737 0
0.118589 0
0.11844 0
0.118292 0
0.118138 0
0.117995 0
0.117846 0
0.117702 0
0.117556 0
0.117414 0
0.11727 0
0.117119 0
0.116971 0
0.116826 0
0.116674 0
0.11652 0
0.116373 0
0.116226 0
0.1161 0
0.115945 0
0.115801 0
0.115649 0
0.115504 0
0.115345 0
0.115197 0
0.115057 0
0.114908 0
0.114765 0
0.114619 0
0.114478 0
0.11432 0
0.114168 0
0.114014 0
0.113875 0
0.113729 0
0.11358 0
0.113436 0
0.11329 0
0.11314 0
0.113002 0
0.112861 0
0.11271 0
0.112565 0
0.112407 0
0.112259 0
0.112116 0
0.111977 0
0.111824 0
0.111539 0
0.111393 0
0.111247 0
0.111093 0
0.110952 0
0.110796 0
0.110656 0
0.110509 0
0.110372 0
0.110223 0
0.110075 0
0.109934 0
0.10978 0
0.109624 0
0.10948 0
0.109333 0
0.109183 0
0.109042 0
0.108892 0
0.108743 0
0.108586 0
0.108438 0
0.108282 0
0.108139 0
0.10799 0
0.107858 0
0.107717 0
0.107577 0
0.107434 0
0.107288 0
0.10714 0
0.106993 0
0.106856 0
0.106704 0
0.106548 0
0.106405 0
0.106255 0
0.106099 0
0.10596 0
0.105811 0
0.10567 0
0.105523 0
0.105369 0
0.105222 0
0.105082 0
0.104939 0
0.104819 0
0.104668 0
0.104522 0
0.104383 0
0.104235 0
0.104084 0
0.103935 0
0.103786 0
0.103649 0
0.103501 0
0.103366 0
0.103226 0
0.103091 0
0.102949 0
0.1028 0
0.102653 0
0.102508 0
0.102357 0
0.102218 0
0.102072 0
0.101921 0
0.101775 0
0.101622 0
0.101483 0
0.101344 0
0.101191 0
0.101039 0
0.100899 0
0.100752 0
0.100608 0
0.10046 0
0.100314 0
0.100175 0
0.100059 0
0.0999124 0
0.0997724 0
0.0996285 0
0.0994759 0
0.0993375 0
0.0991842 0
0.0990464 0
0.0988943 0
0.0987583 0
0.0986108 0
0.0984674 0
0.0983181 0
0.098176 0
0.0980237 0
0.0978733 0
0.097732 0
0.0975868 0
0.0974314 0
0.0972868 0
0.0971418 0
0.0969933 0
0.0968561 0
0.0967177 0
0.0965724 0
0.0964266 0
0.0962793 0
0.0961378 0
0.0960056 0
0.0958563 0
0.0957079 0
0.0955576 0
0.0954148 0
0.0952505 0
0.0951004 0
0.0949576 0
0.0948041 0
0.0946608 0
0.0945135 0
0.0943702 0
0.0942245 0
0.0940723 0
0.0939192 0
0.0937733 0
0.093628 0
0.0934897 0
0.0933453 0
0.0931932 0
0.0930529 0
0.0929095 0
0.0927692 0
0.0926205 0
0.0924605 0
0.0923272 0
0.0921774 0
0.0920309 0
0.0918884 0
0.0917305 0
0.0915867 0
0.0914396 0
0.0912894 0
0.0911443 0
0.0909894 0
0.0908427 0
0.0906955 0
0.0905377 0
0.090384 0
0.0902303 0
0.0900802 0
0.0899459 0
0.0897963 0
0.0896496 0
0.0895107 0
0.0893602 0
0.0892115 0
0.0890571 0
0.0889147 0
0.0887762 0
0.088624 0
0.0884757 0
0.088346 0
0.0882046 0
0.0880571 0
0.087908 0
0.087771 0
0.0876237 0
0.0874801 0
0.0873334 0
0.0871772 0
0.0870349 0
0.0868877 0
0.0867346 0
0.0865793 0
0.0864306 0
0.0862773 0
0.08613 0
0.0859877 0
0.0858531 0
0.0857044 0
0.0855551 0
0.0854075 0
0.085257 0
0.0851059 0
0.0849607 0
0.0848184 0
0.0846647 0
0.0845115 0
0.0843628 0
0.0842194 0
0.0840762 0
0.083921 0
0.0837811 0
0.0836274 0
0.0834789 0
0.0833268 0
0.0831963 0
0.0830626 0
0.0829106 0
0.082766 0
0.0826134 0
0.0824661 0
0.082321 0
0.0821676 0
0.0820219 0
0.0818717 0
0.0817197 0
0.0815592 0
0.0814035 0
0.0812645 0
0.0811113 0
0.0809625 0
0.0808354 0
0.0806917 0
0.080542 0
0.0803955 0
0.0802463 0
0.0800993 0
0.0799526 0
0.0798089 0
0.0796681 0
0.0795312 0
0.0793804 0
0.0792314 0
0.0790904 0
0.0789478 0
0.0788088 0
0.0786569 0
0.0784986 0
0.0783521 0
0.0782075 0
0.07806 0
0.0779143 0
0.0777685 0
0.077622 0
0.07748 0
0.0773279 0
0.0771835 0
0.0770337 0
0.0768874 0
0.0767396 0
0.0765946 0
0.0764509 0
0.0763083 0
0.0761674 0
0.0760188 0
0.075875 0
0.0757262 0
0.0755777 0
0.0754279 0
0.0752836 0
0.0751332 0
0.0749908 0
0.0748434 0
0.0746927 0
0.0745474 0
0.0744113 0
0.0742688 0
0.0741224 0
0.0739678 0
0.0738202 0
0.073686 0
0.073547 0
0.0734062 0
0.0732577 0
0.0731079 0
0.0729582 0
0.072818 0
0.0726661 0
0.072526 0
0.0723804 0
0.072234 0
0.0720909 0
0.0719346 0
0.0717932 0
0.0716478 0
0.0714961 0
0.0713501 0
0.0711993 0
0.0710547 0
0.0709071 0
0.0707572 0
0.0706191 0
0.0704786 0
0.070338 0
0.0701816 0
0.0700415 0
0.0698928 0
0.0697598 0
0.0696144 0
0.0694652 0
0.0693162 0
0.0691703 0
0.0690173 0
0.0688693 0
0.0687308 0
0.0685875 0
0.0684455 0
0.0682995 0
0.0681581 0
0.06801 0
0.0678693 0
0.0677153 0
0.0675707 0
0.0674338 0
0.0672932 0
0.0671456 0
0.0669991 0
0.0668527 0
0.0667109 0
0.0665566 0
0.0664081 0
0.0662612 0
0.0661123 0
0.065966 0
0.0658149 0
0.0656672 0
0.0655098 0
0.0653632 0
0.0652129 0
0.0650583 0
0.0649237 0
0.0647737 0
0.0646335 0
0.0644863 0
0.0643434 0
0.0642013 0
0.0640625 0
0.0639238 0
0.0637678 0
0.0636095 0
0.0634729 0
0.0633258 0
0.0631757 0
0.0630247 0
0.062885 0
0.0627393 0
0.062596 0
0.0624388 0
0.0623113 0
0.0621614 0
0.0620051 0
0.0618709 0
0.0617304 0
0.0615791 0
0.0614324 0
0.0612816 0
0.0611275 0
0.0609876 0
0.0608415 0
0.0606925 0
0.0605459 0
0.0603953 0
0.0602535 0
0.0601078 0
0.0599577 0
0.0598171 0
0.0596651 0
0.0595095 0
0.0593745 0
0.0592278 0
0.0590803 0
0.0589416 0
0.0587903 0
0.0586421 0
0.0585045 0
0.0583465 0
0.0581967 0
0.0580521 0
0.0579045 0
0.0577526 0
0.0576072 0
0.0574632 0
0.0573358 0
0.0571922 0
0.0570494 0
0.0569117 0
0.0567617 0
0.0566111 0
0.0564574 0
0.0563211 0
0.0561755 0
0.0560217 0
0.0558796 0
0.055733 0
0.0555895 0
0.0554467 0
0.0552964 0
0.0551412 0
0.0549966 0
0.0548508 0
0.0546966 0
0.0545539 0
0.0544073 0
0.054252 0
0.0541075 0
0.0539524 0
0.0538103 0
0.0536567 0
0.0535104 0
0.0533711 0
0.0532378 0
0.0530876 0
0.0529388 0
0.0527874 0
0.0526483 0
0.0525041 0
0.0523482 0
0.0522063 0
0.0520621 0
0.0519177 0
0.0517907 0
0.0516417 0
0.0515078 0
0.0513539 0
0.0512037 0
0.0510499 0
0.0509014 0
0.0507466 0
0.0506013 0
0.0504412 0
0.0502917 0
0.0501457 0
0.0499883 0
0.0498414 0
0.0497017 0
0.0494108 0
0.0492626 0
0.0491222 0
0.0489864 0
0.048839 0
0.048694 0
0.0485493 0
0.0484035 0
0.0482546 0
0.0481056 0
0.0479535 0
0.0478037 0
0.0476705 0
0.0475231 0
0.0473787 0
0.0472367 0
0.0470908 0
0.0469419 0
0.046788 0
0.0466478 0
0.0465003 0
0.046355 0
0.0462051 0
0.0460699 0
0.0459169 0
0.0457663 0
0.045626 0
0.0454999 0
0.0453443 0
0.0451887 0
0.0450405 0
0.044893 0
0.0447437 0
0.0445933 0
0.0444676 0
0.0443248 0
0.0441806 0
0.0440384 0
0.0438848 0
0.0437402 0
0.0435964 0
0.0434419 0
0.0432923 0
0.0431479 0
0.0430012 0
0.0428568 0
0.0427058 0
0.042564 0
0.0424092 0
0.0422607 0
0.0421122 0
0.0419643 0
0.0418207 0
0.041667 0
0.0415186 0
0.0413648 0
0.0412154 0
0.0410765 0
0.0409306 0
0.0407791 0
0.0406343 0
0.0404866 0
0.0403402 0
0.0401913 0
0.0400344 0
0.0398946 0
0.0397486 0
0.0395945 0
0.039452 0
0.0392996 0
0.039152 0
0.0390015 0
0.0388608 0
0.038727 0
0.038583 0
0.0384463 0
0.038292 0
0.0381458 0
0.0380015 0
0.037854 0
0.0377092 0
0.037566 0
0.0374134 0
0.0372736 0
0.0371197 0
0.0369823 0
0.0368259 0
0.0366964 0
0.0365557 0
0.0364008 0
0.0362493 0
0.0361039 0
0.035958 0
0.0358223 0
0.035669 0
0.0355199 0
0.0353759 0
0.0352273 0
0.0350767 0
0.034929 0
0.0347859 0
0.0346414 0
0.0344966 0
0.0343497 0
0.0342013 0
0.034056 0
0.0339184 0
0.033766 0
0.0336198 0
0.0334666 0
0.0333165 0
0.0331586 0
0.0330141 0
0.0328786 0
0.0327275 0
0.0325871 0
0.0324431 0
0.0322905 0
0.032148 0
0.031987 0
0.0318384 0
0.0316904 0
0.0315439 0
0.0314002 0
0.0312482 0
0.0311016 0
0.0309528 0
0.0308042 0
0.0306567 0
0.0305139 0
0.0303641 0
0.0302076 0
0.030051 0
0.0299113 0
0.0297619 0
0.0296178 0
0.0294764 0
0.0293227 0
0.0291802 0
0.0290354 0
0.0289 0
0.0287586 0
0.0286093 0
0.0284658 0
0.0283194 0
0.028173 0
0.0280263 0
0.0278926 0
0.0277479 0
0.0276044 0
0.0274538 0
0.0273018 0
0.0271487 0
0.0269932 0
0.0268511 0
0.0267012 0
0.0265674 0
0.0264182 0
0.0262712 0
0.0261289 0
0.0259798 0
0.0258312 0
0.0256931 0
0.0255509 0
0.0254087 0
0.0252578 0
0.0251141 0
0.0249652 0
0.0248255 0
0.0246822 0
0.0245392 0
0.024395 0
0.024238 0
0.0240923 0
0.0239536 0
0.0238006 0
0.0236539 0
0.0235069 0
0.0233587 0
0.0232005 0
0.023055 0
0.0229028 0
0.0227616 0
0.0226104 0
0.0224639 0
0.0223258 0
0.0221882 0
0.0220347 0
0.0218852 0
0.0217457 0
0.0215931 0
0.0214481 0
0.0212994 0
0.0211494 0
0.0209978 0
0.0208474 0
0.0207046 0
0.0205521 0
0.0204026 0
0.0202497 0
0.0201062 0
0.0199665 0
0.0198165 0
0.0196708 0
0.0195306 0
0.019383 0
0.0192364 0
0.0190906 0
0.0189504 0
0.0187954 0
0.01865 0
0.0184999 0
0.0183541 0
0.0182077 0
0.0180514 0
0.0179088 0
0.0177491 0
0.0176041 0
0.0174586 0
0.0173132 0
0.017169 0
0.017022 0
0.0168795 0
0.0167355 0
0.0166014 0
0.0164546 0
0.0162977 0
0.0161567 0
0.0160098 0
0.0158649 0
0.0157197 0
0.0155722 0
0.0154338 0
0.0153003 0
0.0151577 0
0.0150143 0
0.0148664 0
0.0147191 0
0.0145784 0
0.0144439 0
0.0143081 0
0.0141666 0
0.0140065 0
0.0138707 0
0.013721 0
0.0135723 0
0.0134209 0
0.0132743 0
0.0131192 0
0.01297 0
0.0128255 0
0.0126785 0
0.0125246 0
0.0123823 0
0.0122353 0
0.0120774 0
0.0119262 0
0.0117791 0
0.0116318 0
0.0114917 0
0.0113494 0
0.0112016 0
0.0110659 0
0.0109134 0
0.0107822 0
0.0106468 0
0.0105105 0
0.0103706 0
0.0102251 0
0.010073 0
0.0099292 0
0.00977516 0
0.00963167 0
0.00949312 0
0.00934267 0
0.00919549 0
0.00906692 0
0.00891935 0
0.00877532 0
0.00863204 0
0.00848716 0
0.00834166 0
0.00819658 0
0.00804936 0
0.00790075 0
0.00774498 0
0.00759606 0
0.00744376 0
0.00729887 0
0.0071474 0
0.00700316 0
0.00685538 0
0.0067015 0
0.00655527 0
0.00640899 0
0.00626134 0
0.0061147 0
0.00596486 0
0.0058198 0
0.00567167 0
0.00551965 0
0.00537325 0
0.00523241 0
0.00508631 0
0.00493523 0
0.00478576 0
0.00463846 0
0.00449495 0
0.00436399 0
0.00422045 0
0.00407657 0
0.00393026 0
0.00378083 0
0.00364819 0
0.00350877 0
0.00336126 0
0.00321666 0
0.00305798 0
0.00290963 0
0.00277025 0
0.00262098 0
0.00249099 0
0.00233623 0
0.00218391 0
0.00204477 0
0.00189468 0
0.00176642 0
0.00162381 0
0.001474 0
0.0013285 0
0.00118712 0
0.00104476 0
0.000885047 0
0.00073333 0
0.000584909 0
0.000435155 0
0.00029137 0
0.000137694 0
0 0
0 0
0 0
0 0
