0.784181 351 9.05991e-05
0.784181 350 0.000478268
0.784181 349 0.000870228
0.784181 348 0.00197101
0.783988 348 0.00199127
0.783988 347 0.00229836
0.783988 346 0.00285482
0.783794 346 0.00300598
0.783601 346 0.00364637
0.783601 345 0.00428486
0.783407 345 0.00440955
0.783407 344 0.00479317
0.783214 344 0.00585651
0.783214 343 0.0071907
0.783214 342 0.00788641
0.783214 341 0.00827551
0.783214 340 0.00858784
0.783214 339 0.00917435
0.783214 338 0.00986528
0.783214 337 0.0109663
0.783214 336 0.0121756
0.783214 335 0.0130239
0.783214 334 0.0130701
0.783214 333 0.0133743
0.783021 333 0.0138717
0.782827 333 0.0139952
0.782634 333 0.0157599
0.782634 332 0.016201
0.782634 331 0.0164495
0.782634 330 0.01653
0.782634 329 0.0166821
0.782441 329 0.0167394
0.782441 328 0.0170217
0.782441 327 0.0170436
0.782247 327 0.0172954
0.782247 326 0.0178146
0.782247 325 0.0178452
0.782054 325 0.018157
0.782054 324 0.0182247
0.782054 323 0.0186596
0.78186 323 0.0192442
0.78186 322 0.0207701
0.78186 321 0.0223169
0.78186 320 0.0234995
0.78186 319 0.0243301
0.78186 318 0.0248742
0.78186 317 0.026552
0.781667 317 0.0266814
0.781474 317 0.0267568
0.781474 316 0.0273991
0.781474 315 0.0273995
0.781474 314 0.0278697
0.781474 313 0.0278759
0.781474 312 0.0289073
0.781474 311 0.0295858
0.78128 311 0.0303583
0.781087 311 0.0308313
0.780893 311 0.0321681
0.780893 310 0.0325809
0.780893 309 0.0326204
0.780893 308 0.032824
0.780893 307 0.0328541
0.780893 306 0.032887
0.7807 306 0.0329061
0.7807 305 0.0341644
0.7807 304 0.0352006
0.7807 303 0.0365195
0.7807 302 0.0373979
0.7807 301 0.0381126
0.7807 300 0.040441
0.7807 299 0.040803
0.7807 298 0.0411334
0.7807 297 0.0417953
0.780507 297 0.04212
0.780313 297 0.0425153
0.78012 297 0.0429473
0.78012 296 0.0433512
0.78012 295 0.0434642
0.78012 294 0.0442152
0.779927 294 0.0444078
0.779927 293 0.0447698
0.779927 292 0.045908
0.779927 291 0.0468946
0.779733 291 0.0484066
0.77954 291 0.0486872
0.779346 291 0.0497742
0.779153 291 0.0505276
0.779153 290 0.0506673
0.779153 289 0.0507197
0.779153 288 0.0514212
0.779153 287 0.0516527
0.77896 287 0.051806
0.778766 287 0.0520544
0.778766 286 0.0523663
0.778573 286 0.0523891
0.778573 285 0.0524125
0.778573 284 0.0527782
0.778573 283 0.0560408
0.778379 283 0.056736
0.778186 283 0.0584764
0.778186 282 0.0591381
0.777799 282 0.0596023
0.777606 282 0.0597892
0.777606 281 0.0601301
0.777606 280 0.0620797
0.777412 280 0.0626349
0.777412 279 0.0631869
0.777219 279 0.0641313
0.777026 279 0.0650654
0.777026 278 0.0654864
0.776832 278 0.0671933
0.776639 278 0.0672879
0.776639 277 0.0675797
0.776639 276 0.0681934
0.776639 275 0.0690322
0.776446 275 0.0690548
0.776252 275 0.0707836
0.776252 274 0.0708127
0.776252 273 0.0711491
0.776059 273 0.0723958
0.776059 272 0.0737557
0.776059 271 0.0741072
0.775865 271 0.0745492
0.775672 271 0.0747347
0.775672 270 0.0755534
0.775672 269 0.0756204
0.775479 269 0.075624
0.775479 268 0.0758247
0.775479 267 0.0762935
0.775479 266 0.0773673
0.775285 266 0.0778685
0.775092 266 0.0810776
0.775092 265 0.0815048
0.774898 265 0.0818725
0.774898 264 0.0824778
0.774898 263 0.0831249
0.774705 263 0.0839643
0.774705 262 0.084084
0.774512 262 0.0842214
0.774318 262 0.0846252
0.774318 261 0.0856285
0.774318 260 0.0860848
0.774125 260 0.0862122
0.774125 259 0.0865643
0.773932 259 0.0865912
0.773932 258 0.0866785
0.773932 257 0.0867915
0.773932 256 0.0868578
0.773932 255 0.0872169
0.773932 254 0.0882883
0.773932 253 0.0885882
0.773932 252 0.0892928
0.773738 252 0.0898533
0.773545 252 0.0907979
0.773545 251 0.0927894
0.773351 251 0.0933514
0.773351 250 0.0933595
0.773351 249 0.0933728
0.773158 249 0.0934987
0.772965 249 0.0935078
0.772965 247 0.0941324
0.772965 246 0.0944786
0.772965 245 0.0947595
0.772965 244 0.0952325
0.772965 243 0.0960598
0.772965 242 0.096962
0.772965 241 0.0970337
0.772771 241 0.0971389
0.772771 240 0.0981817
0.772771 239 0.099189
0.772771 238 0.0996127
0.772578 238 0.0998077
0.772384 238 0.100144
0.772191 238 0.100295
0.772191 237 0.100378
0.772191 236 0.102059
0.771998 236 0.102077
0.771804 236 0.104386
0.771804 235 0.104402
0.771804 234 0.104602
0.771804 233 0.10525
0.771804 232 0.1054
0.771804 231 0.105499
0.771611 231 0.105571
0.771611 230 0.105652
0.771611 229 0.105949
0.771418 229 0.106154
0.771418 228 0.107162
0.771418 227 0.108057
0.771224 227 0.109063
0.771224 226 0.109456
0.771031 226 0.111212
0.771031 225 0.111683
0.770837 225 0.111711
0.770837 224 0.111748
0.770644 224 0.112108
0.770644 223 0.112278
0.770451 223 0.11238
0.770451 222 0.11283
0.770451 221 0.112917
0.770257 221 0.114187
0.770257 220 0.114759
0.770064 220 0.115303
0.770064 219 0.115587
0.76987 219 0.115982
0.76987 218 0.116593
0.76987 217 0.117224
0.769677 217 0.1179
0.769484 217 0.118763
0.76929 217 0.118932
0.76929 216 0.119131
0.769097 216 0.119473
0.769097 215 0.120912
0.768904 215 0.122044
0.768904 214 0.123473
0.76871 214 0.125184
0.76871 213 0.125185
0.768517 213 0.125603
0.768517 212 0.126624
0.768323 212 0.130062
0.768323 211 0.132046
0.76813 211 0.13295
0.76813 210 0.135214
0.76813 209 0.135301
0.767937 209 0.135932
0.767743 209 0.136577
0.767743 208 0.137144
0.76755 208 0.138649
0.76755 207 0.139619
0.76755 206 0.139894
0.76755 205 0.139963
0.767356 205 0.140234
0.767356 204 0.140447
0.767356 203 0.140668
0.767163 203 0.140766
0.76697 203 0.141244
0.76697 202 0.142876
0.766776 202 0.142924
0.766776 201 0.143239
0.766776 200 0.144194
0.766583 200 0.144334
0.766389 200 0.144439
0.766389 199 0.144492
0.766196 199 0.144768
0.766003 199 0.145379
0.766003 198 0.145827
0.765809 198 0.146065
0.765809 197 0.146683
0.765809 196 0.149254
0.765616 196 0.15009
0.765616 195 0.150208
0.765423 195 0.150483
0.765423 194 0.152285
0.765423 193 0.153007
0.765423 192 0.153249
0.765423 191 0.154837
0.765423 190 0.155732
0.765423 189 0.156224
0.765423 188 0.156788
0.765423 187 0.157526
0.765423 186 0.157942
0.765229 186 0.158291
0.765036 186 0.159875
0.765036 185 0.161377
0.765036 184 0.161481
0.764842 184 0.161809
0.764842 183 0.161886
0.764842 182 0.163446
0.764842 181 0.165351
0.764649 181 0.167738
0.764649 180 0.169061
0.764649 179 0.169436
0.764649 178 0.170575
0.764649 177 0.170761
0.764649 176 0.171499
0.764649 175 0.171894
0.764456 175 0.172417
0.764456 174 0.173123
0.764262 174 0.174484
0.764262 173 0.176777
0.764262 172 0.178974
0.764069 172 0.18036
0.764069 171 0.180465
0.764069 170 0.180969
0.764069 169 0.181751
0.763875 169 0.182136
0.763875 168 0.186307
0.763875 167 0.186548
0.763875 166 0.18735
0.763875 165 0.188181
0.763875 164 0.188383
0.763682 164 0.189012
0.763489 164 0.189398
0.763489 163 0.190193
0.763295 163 0.192575
0.763102 163 0.194981
0.763102 162 0.195126
0.762909 162 0.196663
0.762715 162 0.197281
0.762522 162 0.199145
0.762328 162 0.200102
0.762328 161 0.200341
0.762328 160 0.202143
0.762328 159 0.203521
0.762328 158 0.204509
0.762328 157 0.205306
0.762135 157 0.205461
0.761942 157 0.205613
0.761748 157 0.205936
0.761555 157 0.20772
0.761361 157 0.208921
0.761361 156 0.209247
0.761168 156 0.209765
0.761168 155 0.209982
0.761168 154 0.212196
0.760975 154 0.21308
0.760975 153 0.214856
0.760781 153 0.21719
0.760588 153 0.21741
0.760395 153 0.21751
0.760201 153 0.218145
0.760008 153 0.221384
0.759814 153 0.222389
0.759621 153 0.22308
0.759428 153 0.224193
0.759234 153 0.224213
0.759041 153 0.225228
0.758847 153 0.226179
0.758654 153 0.226283
0.758654 152 0.228981
0.758654 151 0.230259
0.758654 150 0.230659
0.758461 150 0.23198
0.758267 150 0.232954
0.758074 150 0.233658
0.758074 149 0.234033
0.75788 149 0.234041
0.75788 148 0.234612
0.757687 148 0.234695
0.757494 148 0.235211
0.7573 148 0.235304
0.757107 148 0.235391
0.757107 147 0.236054
0.756914 147 0.236445
0.75672 147 0.237294
0.75672 146 0.24083
0.756527 146 0.242199
0.756333 146 0.243274
0.75614 146 0.244148
0.755947 146 0.244352
0.755947 145 0.244556
0.755753 145 0.246155
0.755753 144 0.246212
0.755753 143 0.246402
0.755753 142 0.246521
0.75556 142 0.249455
0.755366 142 0.249857
0.755173 142 0.250252
0.755173 141 0.251319
0.75498 141 0.252312
0.754786 141 0.25254
0.754786 140 0.25286
0.754593 140 0.254458
0.7544 140 0.254893
0.7544 139 0.255998
0.7544 138 0.256416
0.754206 138 0.257194
0.754206 137 0.257224
0.754013 137 0.257316
0.753819 137 0.257557
0.753626 137 0.25876
0.753626 136 0.259113
0.753626 135 0.259222
0.753433 135 0.262007
0.753433 134 0.262197
0.753239 134 0.263277
0.753239 133 0.263628
0.753239 132 0.263717
0.753046 132 0.26458
0.752852 132 0.264608
0.752659 132 0.265553
0.752659 131 0.266507
0.752659 130 0.267004
0.752659 129 0.267511
0.752466 129 0.267816
0.752466 128 0.268393
0.752466 127 0.270759
0.752272 127 0.273892
0.752272 126 0.274462
0.752079 126 0.275736
0.751886 126 0.275866
0.751692 126 0.27743
0.751499 126 0.277432
0.751305 126 0.277461
0.751112 126 0.277703
0.751112 125 0.277836
0.750919 125 0.278085
0.750725 125 0.279573
0.750532 125 0.280448
0.750338 125 0.280544
0.750145 125 0.28079
0.749952 125 0.281858
0.749758 125 0.283149
0.749565 125 0.283787
0.749565 124 0.285474
0.749565 123 0.286145
0.749565 122 0.286383
0.749371 122 0.288162
0.749371 121 0.292125
0.749178 121 0.292149
0.749178 120 0.292283
0.748985 120 0.294605
0.748791 120 0.295066
0.748598 120 0.295125
0.748598 119 0.295261
0.748598 118 0.295893
0.748405 118 0.296462
0.748211 118 0.298005
0.748018 118 0.29819
0.747824 118 0.298277
0.747824 117 0.299527
0.747824 116 0.302951
0.747631 116 0.303686
0.747438 116 0.30404
0.747244 116 0.30531
0.747244 115 0.30551
0.747051 115 0.306613
0.747051 114 0.308511
0.746857 114 0.309241
0.746857 113 0.309458
0.746664 113 0.31072
0.746664 112 0.311796
0.746664 111 0.314251
0.746471 111 0.314751
0.746277 111 0.315916
0.746084 111 0.316598
0.746084 110 0.317019
0.745891 110 0.31775
0.745891 109 0.318267
0.745697 109 0.319034
0.745697 108 0.320243
0.745504 108 0.322933
0.74531 108 0.324282
0.74531 107 0.324369
0.745117 107 0.32474
0.744924 107 0.325144
0.74473 107 0.325317
0.74473 106 0.32638
0.744537 106 0.326729
0.744343 106 0.328156
0.744343 105 0.328494
0.744343 104 0.329061
0.744343 103 0.329285
0.74415 103 0.329467
0.743957 103 0.330405
0.743957 102 0.33099
0.743957 101 0.333391
0.743763 101 0.333472
0.743763 100 0.334596
0.74357 100 0.334742
0.743377 100 0.338136
0.743183 100 0.33918
0.743183 99 0.339256
0.74299 99 0.340033
0.74299 98 0.341749
0.742796 98 0.342665
0.742603 98 0.343383
0.74241 98 0.347279
0.742216 98 0.34752
0.742023 98 0.348902
0.741829 98 0.349216
0.741636 98 0.350596
0.741636 97 0.351917
0.741636 96 0.352508
0.741443 96 0.353022
0.741443 95 0.354467
0.741443 94 0.354636
0.741443 93 0.355053
0.741249 93 0.355396
0.741249 92 0.35639
0.741056 92 0.356573
0.741056 91 0.356988
0.740863 91 0.357596
0.740669 91 0.357992
0.740669 90 0.358738
0.740476 90 0.359641
0.740282 90 0.360099
0.740089 90 0.360881
0.740089 89 0.361275
0.740089 88 0.363353
0.739896 88 0.363441
0.739702 88 0.36432
0.739702 87 0.365282
0.739509 87 0.36546
0.739509 86 0.365819
0.739509 85 0.366813
0.739315 85 0.36744
0.739315 84 0.369074
0.739315 83 0.369181
0.739315 82 0.369527
0.739315 81 0.369737
0.739122 81 0.370438
0.738929 81 0.370597
0.738735 81 0.370608
0.738542 81 0.371716
0.738542 80 0.372382
0.738542 79 0.373099
0.738348 79 0.373207
0.738155 79 0.375096
0.737962 79 0.376201
0.737768 79 0.376537
0.737768 78 0.376783
0.737575 78 0.378937
0.737382 78 0.378969
0.737382 77 0.380595
0.737188 77 0.380812
0.736995 77 0.382085
0.736801 77 0.382714
0.736608 77 0.38476
0.736415 77 0.385739
0.736415 76 0.388266
0.736221 76 0.388718
0.736028 76 0.390427
0.735834 76 0.391053
0.735641 76 0.393529
0.735448 76 0.394117
0.735254 76 0.394941
0.735254 75 0.396582
0.735061 75 0.396746
0.734868 75 0.396865
0.734868 74 0.398443
0.734674 74 0.400816
0.734674 73 0.401371
0.734481 73 0.401606
0.734287 73 0.402186
0.734094 73 0.403826
0.733901 73 0.404277
0.733707 73 0.404834
0.733514 73 0.405313
0.73332 73 0.407626
0.733127 73 0.407835
0.733127 72 0.40788
0.732934 72 0.408009
0.73274 72 0.412912
0.732547 72 0.413527
0.732354 72 0.413762
0.73216 72 0.414207
0.731967 72 0.41443
0.731773 72 0.41575
0.731773 71 0.415775
0.73158 71 0.416225
0.731387 71 0.416967
0.731193 71 0.419418
0.731 71 0.42024
0.730806 71 0.421797
0.730613 71 0.421895
0.730613 70 0.422154
0.73042 70 0.422903
0.73042 69 0.423357
0.73042 68 0.424297
0.730226 68 0.426952
0.730033 68 0.429183
0.730033 67 0.429569
0.729839 67 0.430076
0.729646 67 0.430928
0.729453 67 0.431413
0.729259 67 0.43163
0.729066 67 0.433787
0.729066 66 0.433798
0.728873 66 0.434152
0.728679 66 0.434158
0.728486 66 0.436243
0.728486 65 0.43784
0.728486 64 0.44328
0.728292 64 0.44381
0.728099 64 0.444827
0.727906 64 0.445011
0.727712 64 0.445296
0.727519 64 0.44726
0.727519 63 0.448021
0.727325 63 0.448254
0.727132 63 0.449129
0.727132 62 0.449857
0.727132 61 0.450097
0.726939 61 0.450634
0.726745 61 0.453434
0.726552 61 0.454269
0.726359 61 0.454803
0.726165 61 0.454867
0.725972 61 0.455783
0.725778 61 0.455945
0.725778 60 0.459419
0.725585 60 0.459775
0.725392 60 0.46038
0.725392 59 0.461935
0.725198 59 0.462625
0.725198 58 0.464201
0.725005 58 0.465968
0.724811 58 0.466455
0.724618 58 0.467259
0.724425 58 0.469216
0.724231 58 0.469485
0.724231 57 0.470534
0.724038 57 0.471892
0.723845 57 0.471922
0.723651 57 0.474507
0.723651 56 0.476099
0.723458 56 0.476155
0.723264 56 0.476809
0.723264 55 0.479144
0.723071 55 0.481191
0.723071 54 0.481451
0.722878 54 0.482107
0.722878 53 0.482843
0.722684 53 0.487849
0.722491 53 0.488625
0.722297 53 0.488955
0.722104 53 0.489228
0.721911 53 0.489408
0.721717 53 0.490138
0.721524 53 0.492003
0.721524 52 0.492198
0.72133 52 0.492584
0.721137 52 0.492839
0.720944 52 0.493049
0.72075 52 0.49559
0.72075 51 0.495775
0.720557 51 0.495838
0.720364 51 0.50077
0.72017 51 0.501531
0.719977 51 0.502189
0.719783 51 0.502603
0.71959 51 0.504578
0.719397 51 0.505882
0.719203 51 0.50883
0.71901 51 0.509335
0.718816 51 0.510406
0.718623 51 0.510724
0.71843 51 0.510919
0.718236 51 0.511384
0.718043 51 0.511821
0.71785 51 0.511841
0.717656 51 0.513288
0.717463 51 0.513749
0.717269 51 0.514585
0.717269 50 0.515294
0.717269 49 0.515322
0.717076 49 0.515897
0.716883 49 0.51674
0.716883 48 0.516973
0.716689 48 0.517126
0.716496 48 0.518866
0.716302 48 0.519377
0.716109 48 0.519848
0.715916 48 0.521225
0.715722 48 0.521665
0.715529 48 0.523244
0.715336 48 0.524258
0.715336 47 0.524326
0.715142 47 0.52465
0.714949 47 0.525876
0.714755 47 0.526337
0.714562 47 0.52642
0.714369 47 0.526896
0.714175 47 0.526933
0.713982 47 0.528878
0.713788 47 0.529936
0.713595 47 0.531152
0.713402 47 0.537376
0.713208 47 0.540558
0.713015 47 0.540799
0.712822 47 0.541082
0.712628 47 0.541253
0.712435 47 0.542983
0.712241 47 0.543388
0.712048 47 0.543858
0.711855 47 0.544002
0.711661 47 0.544258
0.711468 47 0.544848
0.711274 47 0.545975
0.711081 47 0.550413
0.711081 46 0.552765
0.710888 46 0.554044
0.710694 46 0.554114
0.710501 46 0.554277
0.710307 46 0.558457
0.710114 46 0.559048
0.709921 46 0.559347
0.709727 46 0.559559
0.709534 46 0.560214
0.709341 46 0.561746
0.709147 46 0.562272
0.708954 46 0.562494
0.70876 46 0.56332
0.708567 46 0.56334
0.708374 46 0.564211
0.70818 46 0.56506
0.707987 46 0.565455
0.707793 46 0.566314
0.7076 46 0.566465
0.707407 46 0.567078
0.707213 46 0.56832
0.707213 45 0.568922
0.70702 45 0.569635
0.70702 44 0.571112
0.706827 44 0.576442
0.706633 44 0.577246
0.70644 44 0.578316
0.706246 44 0.578708
0.706053 44 0.579005
0.70586 44 0.581275
0.705666 44 0.582788
0.705473 44 0.582883
0.705279 44 0.583082
0.705086 44 0.584192
0.704893 44 0.584976
0.704699 44 0.585617
0.704506 44 0.586216
0.704313 44 0.586837
0.704119 44 0.587045
0.703926 44 0.587288
0.703732 44 0.589315
0.703539 44 0.589432
0.703346 44 0.589519
0.703152 44 0.589705
0.703152 43 0.59117
0.702959 43 0.591276
0.702765 43 0.592055
0.702572 43 0.592061
0.702379 43 0.593709
0.702185 43 0.59539
0.702185 42 0.596286
0.701992 42 0.59734
0.701798 42 0.5989
0.701798 41 0.599197
0.701798 40 0.599344
0.701605 40 0.599405
0.701412 40 0.601334
0.701218 40 0.602725
0.701025 40 0.602946
0.700832 40 0.602963
0.700638 40 0.604113
0.700445 40 0.60413
0.700251 40 0.604735
0.700058 40 0.606446
0.699865 40 0.607799
0.699671 40 0.608324
0.699478 40 0.609288
0.699284 40 0.60987
0.699091 40 0.612108
0.698898 40 0.612633
0.698704 40 0.612724
0.698704 39 0.613884
0.698511 39 0.616853
0.698318 39 0.617122
0.698124 39 0.617444
0.697931 39 0.618717
0.697737 39 0.619412
0.697544 39 0.619971
0.697351 39 0.620003
0.697157 39 0.6205
0.696964 39 0.620642
0.69677 39 0.620835
0.696577 39 0.622733
0.696384 39 0.623204
0.69619 39 0.623767
0.695997 39 0.624033
0.695804 39 0.627714
0.69561 39 0.628089
0.695417 39 0.630646
0.695223 39 0.630841
0.695223 38 0.633573
0.695223 37 0.634714
0.69503 37 0.635357
0.69503 36 0.635535
0.69503 35 0.636358
0.694837 35 0.637077
0.694643 35 0.637175
0.69445 35 0.637511
0.694256 35 0.637616
0.694063 35 0.64058
0.69387 35 0.642004
0.693676 35 0.642015
0.693483 35 0.642758
0.693289 35 0.645298
0.693289 34 0.646585
0.693096 34 0.648553
0.692903 34 0.64979
0.692709 34 0.650668
0.692516 34 0.652127
0.692323 34 0.652786
0.692129 34 0.65368
0.691936 34 0.653707
0.691742 34 0.653813
0.691549 34 0.654198
0.691356 34 0.655166
0.691162 34 0.655265
0.690969 34 0.656148
0.690775 34 0.658624
0.690582 34 0.659762
0.690389 34 0.659822
0.690195 34 0.659831
0.690002 34 0.660738
0.689809 34 0.660779
0.689615 34 0.661481
0.689422 34 0.662294
0.689228 34 0.662424
0.689228 33 0.662879
0.689035 33 0.663596
0.688842 33 0.665587
0.688648 33 0.665912
0.688455 33 0.667727
0.688261 33 0.66885
0.688068 33 0.670034
0.687875 33 0.671305
0.687681 33 0.671977
0.687488 33 0.672141
0.687295 33 0.672307
0.687101 33 0.678885
0.687101 32 0.679791
0.686908 32 0.680528
0.686714 32 0.681758
0.686521 32 0.682243
0.686328 32 0.684801
0.686134 32 0.685222
0.685941 32 0.686427
0.685747 32 0.687468
0.685554 32 0.689351
0.685361 32 0.691413
0.685167 32 0.693814
0.684974 32 0.693938
0.684781 32 0.694485
0.684587 32 0.694516
0.684394 32 0.695006
0.6842 32 0.697509
0.684007 32 0.697889
0.683814 32 0.698601
0.68362 32 0.700016
0.683427 32 0.700047
0.683233 32 0.702058
0.68304 32 0.703203
0.682847 32 0.704403
0.682653 32 0.705854
0.68246 32 0.70626
0.682266 32 0.708741
0.682073 32 0.710655
0.68188 32 0.711012
0.681686 32 0.712329
0.681686 31 0.712526
0.681493 31 0.713647
0.6813 31 0.713908
0.681106 31 0.714694
0.680913 31 0.717083
0.680719 31 0.717178
0.680526 31 0.717731
0.680333 31 0.718383
0.680139 31 0.719507
0.679946 31 0.720292
0.679752 31 0.720452
0.679559 31 0.721159
0.679366 31 0.721627
0.679172 31 0.721733
0.678979 31 0.72201
0.678979 30 0.724803
0.678786 30 0.726311
0.678592 30 0.726349
0.678205 30 0.726386
0.678012 30 0.726487
0.677819 30 0.727754
0.677625 30 0.730155
0.677432 30 0.730163
0.677238 30 0.730908
0.677045 30 0.731279
0.676852 30 0.731514
0.676658 30 0.732258
0.676465 30 0.7329
0.676272 30 0.733071
0.676078 30 0.735255
0.675885 30 0.735328
0.675691 30 0.737074
0.675498 30 0.737518
0.675305 30 0.738106
0.675111 30 0.738543
0.674918 30 0.738645
0.674724 30 0.739537
0.674531 30 0.741011
0.674338 30 0.743971
0.674144 30 0.744204
0.673951 30 0.746444
0.673757 30 0.746461
0.673564 30 0.746857
0.673371 30 0.747322
0.673177 30 0.748054
0.672984 30 0.748657
0.672791 30 0.748938
0.672597 30 0.74999
0.672404 30 0.750846
0.672404 29 0.753216
0.67221 29 0.753292
0.672017 29 0.757603
0.671824 29 0.757632
0.67163 29 0.757818
0.671437 29 0.759144
0.671243 29 0.760061
0.67105 29 0.760143
0.670857 29 0.760519
0.670663 29 0.760946
0.67047 29 0.761022
0.670277 29 0.761939
0.670083 29 0.762487
0.66989 29 0.762655
0.669696 29 0.767288
0.669503 29 0.769044
0.66931 29 0.771217
0.669116 29 0.771582
0.668923 29 0.771599
0.668729 29 0.774435
0.668536 29 0.774941
0.668343 29 0.775721
0.668149 29 0.776682
0.667956 29 0.777297
0.667763 29 0.777648
0.667569 29 0.780087
0.667376 29 0.780224
0.667182 29 0.780345
0.666989 29 0.780684
0.666796 29 0.781422
0.666602 29 0.781777
0.666409 29 0.783406
0.666215 29 0.784668
0.666022 29 0.785261
0.665829 29 0.786013
0.665635 29 0.786452
0.665442 29 0.787471
0.665249 29 0.788585
0.665055 29 0.788966
0.664862 29 0.790066
0.664668 29 0.79129
0.664475 29 0.792698
0.664282 29 0.793451
0.664088 29 0.793775
0.663895 29 0.794004
0.663701 29 0.796045
0.663508 29 0.796924
0.663315 29 0.796964
0.663121 29 0.797974
0.662928 29 0.798566
0.662734 29 0.798903
0.662541 29 0.799186
0.662348 29 0.799915
0.662154 29 0.800252
0.661961 29 0.801566
0.661768 29 0.802016
0.661574 29 0.802759
0.661381 29 0.802995
0.661187 29 0.804717
0.660994 29 0.804863
0.660801 29 0.805235
0.660607 29 0.805362
0.660414 29 0.806237
0.66022 29 0.807073
0.660027 29 0.809345
0.659834 29 0.811005
0.65964 29 0.812032
0.659447 29 0.812067
0.659254 29 0.81403
0.65906 29 0.814299
0.658867 29 0.814453
0.658673 29 0.814644
0.65848 29 0.816065
0.658287 29 0.817267
0.658093 29 0.819148
0.6579 29 0.820397
0.657706 29 0.820847
0.657513 29 0.8247
0.65732 29 0.825701
0.657126 29 0.826521
0.656933 29 0.827027
0.65674 29 0.827248
0.656546 29 0.827419
0.656353 29 0.828128
0.656159 29 0.828564
0.655966 29 0.829741
0.655773 29 0.830967
0.655579 29 0.831228
0.655386 29 0.833369
0.655192 29 0.833525
0.654999 29 0.834009
0.654806 29 0.834337
0.654612 29 0.834442
0.654419 29 0.834461
0.654225 29 0.834631
0.654032 29 0.834702
0.653839 29 0.835224
0.653645 29 0.83532
0.653452 29 0.835939
0.653259 29 0.836402
0.653065 29 0.836937
0.652872 29 0.837215
0.652678 29 0.837425
0.652485 29 0.837438
0.652292 29 0.837951
0.652098 29 0.838251
0.651905 29 0.838666
0.651711 29 0.838708
0.651518 29 0.838714
0.651325 29 0.840768
0.651131 29 0.8408
0.650938 29 0.840832
0.650745 29 0.841439
0.650551 29 0.841863
0.650358 29 0.843544
0.650358 28 0.84356
0.650164 28 0.846287
0.649971 28 0.846464
0.649778 28 0.846956
0.649584 28 0.847621
0.649391 28 0.848048
0.649197 28 0.849314
0.649004 28 0.849576
0.648811 28 0.851578
0.648617 28 0.851623
0.648424 28 0.851951
0.648231 28 0.852972
0.648037 28 0.855708
0.647844 28 0.857479
0.64765 28 0.859205
0.647457 28 0.859318
0.647457 27 0.859762
0.647264 27 0.859822
0.64707 27 0.860787
0.646877 27 0.862467
0.646683 27 0.863924
0.64649 27 0.864355
0.646297 27 0.866061
0.646103 27 0.867473
0.64591 27 0.868927
0.645716 27 0.869591
0.645523 27 0.869743
0.64533 27 0.870138
0.645136 27 0.871742
0.644943 27 0.872331
0.64475 27 0.872741
0.644556 27 0.873371
0.644363 27 0.874686
0.644169 27 0.875328
0.643976 27 0.875347
0.643783 27 0.875648
0.643589 27 0.876641
0.643396 27 0.879786
0.643202 27 0.881039
0.643009 27 0.881642
0.642816 27 0.882243
0.642622 27 0.883341
0.642622 26 0.884275
0.642429 26 0.884602
0.642236 26 0.88503
0.642042 26 0.885749
0.641849 26 0.88611
0.641655 26 0.88872
0.641462 26 0.888728
0.641269 26 0.889243
0.641075 26 0.889592
0.640882 26 0.890215
0.640688 26 0.89142
0.640495 26 0.891459
0.640302 26 0.892396
0.640108 26 0.893085
0.639915 26 0.895412
0.639722 26 0.896828
0.639528 26 0.897373
0.639335 26 0.898481
0.639141 26 0.898673
0.638948 26 0.898911
0.638755 26 0.900806
0.638561 26 0.901133
0.638368 26 0.901852
0.638174 26 0.901922
0.638174 25 0.902241
0.637981 25 0.90298
0.637788 25 0.905646
0.637401 25 0.906274
0.637208 25 0.906831
0.637014 25 0.907618
0.636821 25 0.907983
0.636627 25 0.909549
0.636434 25 0.90997
0.636241 25 0.910467
0.636047 25 0.910704
0.635854 25 0.9108
0.63566 25 0.911144
0.635467 25 0.91208
0.635274 25 0.912678
0.63508 25 0.913415
0.634887 25 0.914216
0.634693 25 0.914847
0.6345 25 0.915204
0.6345 24 0.915913
0.634307 24 0.916639
0.634113 24 0.917846
0.63392 24 0.918947
0.633727 24 0.922356
0.633533 24 0.924018
0.63334 24 0.924603
0.633146 24 0.927571
0.632953 24 0.928475
0.63276 24 0.929014
0.632566 24 0.9298
0.632373 24 0.930211
0.632179 24 0.930856
0.631986 24 0.931588
0.631793 24 0.932255
0.631599 24 0.932395
0.631406 24 0.933918
0.631213 24 0.936213
0.631019 24 0.936975
0.630826 24 0.937392
0.630632 24 0.937748
0.630439 24 0.937831
0.630246 24 0.938423
0.630052 24 0.938837
0.629859 24 0.939787
0.629665 24 0.939864
0.629472 24 0.940225
0.629279 24 0.940472
0.629085 24 0.940561
0.628892 24 0.940992
0.628699 24 0.94101
0.628699 23 0.941577
0.628505 23 0.942869
0.628505 22 0.94403
0.628312 22 0.94486
0.628118 22 0.945042
0.627925 22 0.946509
0.627732 22 0.948819
0.627538 22 0.950688
0.627345 22 0.950933
0.627151 22 0.95138
0.626958 22 0.951856
0.626765 22 0.952012
0.626571 22 0.952555
0.626378 22 0.95264
0.626184 22 0.953316
0.625991 22 0.954144
0.625798 22 0.955387
0.625604 22 0.957156
0.625604 21 0.957171
0.625411 21 0.958082
0.625218 21 0.958134
0.625024 21 0.958676
0.624831 21 0.959459
0.624637 21 0.960212
0.624444 21 0.96049
0.624251 21 0.961073
0.624057 21 0.961634
0.623864 21 0.961673
0.62367 21 0.961884
0.62367 20 0.962922
0.623477 20 0.96384
0.623284 20 0.964206
0.62309 20 0.965149
0.622897 20 0.965167
0.622704 20 0.966089
0.62251 20 0.966329
0.62251 19 0.96648
0.622317 19 0.967955
0.622317 18 0.970552
0.622123 18 0.97261
0.62193 18 0.973885
0.621737 18 0.974182
0.621543 18 0.977595
0.62135 18 0.977956
0.621156 18 0.978372
0.620963 18 0.978691
0.62077 18 0.978774
0.620576 18 0.982485
0.620383 18 0.983124
0.62019 18 0.983422
0.619996 18 0.983433
0.619803 18 0.984056
0.619609 18 0.984306
0.619416 18 0.985151
0.619223 18 0.985162
0.619029 18 0.985213
0.618836 18 0.986549
0.618642 18 0.986679
0.618449 18 0.987008
0.618256 18 0.988029
0.618062 18 0.988448
0.617869 18 0.99043
0.617675 18 0.991316
0.617482 18 0.991844
0.617289 18 0.991894
0.617095 18 0.992132
0.616902 18 0.992451
0.616709 18 0.993595
0.616515 18 0.993813
0.616322 18 0.994097
0.616128 18 0.995186
0.615935 18 0.995785
0.615742 18 0.99583
0.615548 18 0.996079
0.615355 18 0.997046
0.615161 18 0.997328
0.614968 18 0.998182
0.614775 18 0.999386
0.614581 18 0.999596
0.614388 18 1.00014
0.614195 18 1.00037
0.614001 18 1.00051
0.613808 18 1.00086
0.613614 18 1.00162
0.613421 18 1.00193
0.613228 18 1.00269
0.613034 18 1.00297
0.612841 18 1.00342
0.612647 18 1.00478
0.612454 18 1.00482
0.612261 18 1.00625
0.612067 18 1.00635
0.611874 18 1.0068
0.611681 18 1.00704
0.611487 18 1.0076
0.611294 18 1.00764
0.6111 18 1.00785
0.610907 18 1.00919
0.610714 18 1.01032
0.61052 18 1.01107
0.610133 18 1.01123
0.60994 18 1.01143
0.609747 18 1.01232
0.609553 18 1.01283
0.60936 18 1.01423
0.609167 18 1.01495
0.608973 18 1.01504
0.60878 18 1.01566
0.608586 18 1.01587
0.608393 18 1.01608
0.6082 18 1.01609
0.608006 18 1.01775
0.607813 18 1.01806
0.607619 18 1.01827
0.607426 18 1.0183
0.607233 18 1.01832
0.607039 18 1.01953
0.606846 18 1.02029
0.606652 18 1.02091
0.606459 18 1.0212
0.606266 18 1.02247
0.606072 18 1.02293
0.605879 18 1.02594
0.605686 18 1.02629
0.605492 18 1.02692
0.605299 18 1.02767
0.605105 18 1.02994
0.604912 18 1.03037
0.604719 18 1.03157
0.604525 18 1.03168
0.604332 18 1.03197
0.604138 18 1.03285
0.603945 18 1.03288
0.603752 18 1.03333
0.603752 17 1.03334
0.603558 16 1.03357
0.603365 16 1.034
0.603365 15 1.03431
0.603172 15 1.03562
0.602978 15 1.03577
0.602785 15 1.03693
0.602591 15 1.03711
0.602398 15 1.03846
0.602205 15 1.03973
0.602011 15 1.03997
0.601818 15 1.04028
0.601624 15 1.0411
0.601431 15 1.04247
0.601238 15 1.04249
0.601044 15 1.04254
0.600851 15 1.04268
0.600658 15 1.04287
0.600464 15 1.04611
0.600271 15 1.04615
0.600077 15 1.04782
0.599884 15 1.04829
0.599691 15 1.04833
0.599497 15 1.04877
0.599304 15 1.05116
0.59911 15 1.0513
0.598917 15 1.05131
0.598724 15 1.05164
0.59853 15 1.05319
0.598337 15 1.05349
0.598143 15 1.05376
0.59795 15 1.05447
0.597757 15 1.0564
0.597563 15 1.05738
0.597563 14 1.0587
0.59737 14 1.05879
0.597177 14 1.05897
0.596983 14 1.05966
0.59679 14 1.06117
0.596596 14 1.06219
0.596403 14 1.06262
0.59621 14 1.0641
0.596016 14 1.06438
0.595823 14 1.06443
0.595629 14 1.06461
0.595436 14 1.06487
0.595243 14 1.0649
0.595049 14 1.06518
0.594856 14 1.06669
0.594663 14 1.06755
0.594469 14 1.06784
0.594276 14 1.06859
0.594082 14 1.06893
0.593889 14 1.06957
0.593696 14 1.06976
0.593502 14 1.06977
0.593309 14 1.07009
0.593115 14 1.0701
0.592922 14 1.07011
0.592729 14 1.07029
0.592535 14 1.07033
0.592342 14 1.0705
0.592149 14 1.07064
0.591955 14 1.07078
0.591762 14 1.07247
0.591568 14 1.07444
0.591375 14 1.07466
0.591182 14 1.07538
0.590988 14 1.07614
0.590795 14 1.07653
0.590601 14 1.07689
0.590408 14 1.07889
0.590215 14 1.07915
0.590021 14 1.07999
0.589828 14 1.08
0.589635 14 1.08006
0.589441 14 1.08008
0.589248 14 1.08013
0.589054 14 1.0802
0.588861 14 1.08094
0.588668 14 1.08256
0.588474 14 1.08258
0.588281 14 1.08376
0.588087 14 1.08418
0.587894 14 1.0849
0.587701 14 1.08494
0.587507 14 1.08539
0.587314 14 1.08549
0.58712 14 1.08581
0.586927 14 1.08645
0.586734 14 1.0899
0.58654 14 1.08994
0.586347 14 1.0915
0.586154 14 1.09319
0.58596 14 1.09509
0.585767 14 1.09553
0.585573 14 1.09631
0.58538 14 1.09752
0.585187 14 1.09753
0.584993 14 1.09812
0.5848 14 1.09854
0.584606 14 1.10005
0.584413 14 1.10172
0.58422 14 1.1019
0.584026 14 1.10208
0.583833 14 1.10252
0.58364 14 1.10257
0.583446 14 1.1026
0.583253 14 1.10329
0.583059 14 1.10403
0.582866 14 1.10427
0.582673 14 1.10508
0.582479 14 1.10571
0.582286 14 1.10591
0.582092 14 1.10631
0.581899 14 1.10648
0.581706 14 1.10655
0.581512 14 1.10723
0.581319 14 1.10767
0.581126 14 1.1096
0.580932 14 1.11065
0.580739 14 1.11196
0.580545 14 1.11258
0.580352 14 1.11361
0.580159 14 1.11454
0.579965 14 1.1147
0.579772 14 1.11471
0.579578 14 1.11605
0.579385 14 1.11809
0.579192 14 1.11842
0.578998 14 1.11873
0.578805 14 1.11881
0.578611 14 1.11898
0.578418 14 1.11901
0.578225 14 1.11905
0.578031 14 1.11944
0.577838 14 1.11954
0.577645 14 1.11969
0.577451 14 1.12132
0.577258 14 1.12203
0.577064 14 1.12523
0.576871 14 1.12529
0.576678 14 1.12591
0.576678 13 1.126
0.576484 13 1.12692
0.576291 13 1.12746
0.576097 13 1.12934
0.575904 13 1.12951
0.575711 13 1.13049
0.575517 13 1.13257
0.575324 13 1.13258
0.575131 13 1.1326
0.574937 13 1.13268
0.574744 13 1.13274
0.57455 13 1.13363
0.574357 13 1.13643
0.574164 13 1.13723
0.574164 12 1.1381
0.57397 12 1.13935
0.573777 12 1.13941
0.573583 12 1.1397
0.57339 12 1.13972
0.573197 12 1.14062
0.573003 12 1.14089
0.57281 12 1.14095
0.572617 12 1.14136
0.572423 12 1.14271
0.57223 12 1.14428
0.572036 12 1.14449
0.571843 12 1.14507
0.57165 12 1.14543
0.571456 12 1.14559
0.571263 12 1.14622
0.571069 12 1.1464
0.570876 12 1.14643
0.570683 12 1.14859
0.570489 12 1.14916
0.570296 12 1.15033
0.570102 12 1.15287
0.569909 12 1.15304
0.569716 12 1.15383
0.569522 12 1.15449
0.569329 12 1.15453
0.569136 12 1.15483
0.568942 12 1.15501
0.568749 12 1.15577
0.568555 12 1.15594
0.568362 12 1.15697
0.568169 12 1.1584
0.567975 12 1.15879
0.567782 12 1.15907
0.567588 12 1.15926
0.567395 12 1.15955
0.567202 12 1.15983
0.567008 12 1.16017
0.566815 12 1.16053
0.566622 12 1.16199
0.566428 12 1.16203
0.566235 12 1.16281
0.566041 12 1.16376
0.565848 12 1.16388
0.565655 12 1.16451
0.565461 12 1.16695
0.565268 12 1.16842
0.565074 12 1.16851
0.564881 12 1.16895
0.564688 12 1.169
0.564494 12 1.1694
0.564301 12 1.17039
0.564108 12 1.1706
0.563914 12 1.17067
0.563721 12 1.17068
0.563527 12 1.17082
0.563334 12 1.17137
0.563141 12 1.17188
0.562947 12 1.17265
0.562754 12 1.17314
0.56256 12 1.17332
0.562367 12 1.17353
0.562174 12 1.17413
0.56198 12 1.17495
0.561787 12 1.17557
0.561594 12 1.1766
0.5614 12 1.17704
0.561207 12 1.17805
0.561013 12 1.17857
0.56082 12 1.17988
0.560627 12 1.18031
0.560433 12 1.18137
0.56024 12 1.18178
0.560046 12 1.18225
0.559853 12 1.18283
0.55966 12 1.18302
0.559466 12 1.18304
0.559273 12 1.18308
0.559079 12 1.1834
0.558886 12 1.18342
0.558693 12 1.18476
0.558499 12 1.18497
0.558306 12 1.18597
0.558113 12 1.18629
0.557919 12 1.18643
0.557726 12 1.18776
0.557532 12 1.18788
0.557339 12 1.18833
0.557146 12 1.18909
0.556952 12 1.18922
0.556759 12 1.19057
0.556565 12 1.19061
0.556372 12 1.19089
0.556179 12 1.19258
0.555985 12 1.19264
0.555792 12 1.19304
0.555599 12 1.19461
0.555405 12 1.19516
0.555212 12 1.19531
0.555018 12 1.19545
0.554825 12 1.19548
0.554632 12 1.19608
0.554438 12 1.19628
0.554245 12 1.19725
0.554051 12 1.19742
0.553858 12 1.19779
0.553665 12 1.19837
0.553471 12 1.19914
0.553278 12 1.19924
0.553085 12 1.20036
0.552891 12 1.20102
0.552698 12 1.20146
0.552504 12 1.20165
0.552311 12 1.20217
0.552118 12 1.20295
0.551924 12 1.20337
0.551731 12 1.20362
0.551537 12 1.2037
0.551344 12 1.20463
0.551151 12 1.20508
0.550957 12 1.20518
0.550764 12 1.2062
0.55057 12 1.2064
0.550377 12 1.20642
0.550184 12 1.20646
0.54999 12 1.20659
0.549797 12 1.20788
0.549604 12 1.20796
0.54941 12 1.20828
0.549217 12 1.20885
0.549023 12 1.20949
0.54883 12 1.21065
0.548637 12 1.21085
0.548443 12 1.21188
0.54825 12 1.21199
0.548056 12 1.21383
0.547863 12 1.21387
0.54767 12 1.21466
0.547476 12 1.21671
0.547283 12 1.21676
0.54709 12 1.21769
0.546896 12 1.21797
0.546703 12 1.21874
0.546509 12 1.21979
0.546316 12 1.22002
0.546123 12 1.22028
0.545929 12 1.22143
0.545736 12 1.2216
0.545542 12 1.22274
0.545349 12 1.22321
0.545156 12 1.2233
0.544962 12 1.22374
0.544769 12 1.22451
0.544576 12 1.22465
0.544382 12 1.22483
0.544189 12 1.22613
0.543995 12 1.22656
0.543802 12 1.22691
0.543415 12 1.22761
0.543222 12 1.22877
0.543028 12 1.22919
0.542835 12 1.23001
0.542642 12 1.23002
0.542448 12 1.23045
0.542255 12 1.2306
0.542061 12 1.23209
0.541868 12 1.23496
0.541675 12 1.23557
0.541481 12 1.23569
0.541288 12 1.23605
0.541095 12 1.23637
0.540901 12 1.23644
0.540708 12 1.23656
0.540514 12 1.23705
0.540321 12 1.23733
0.540128 12 1.23811
0.539934 12 1.23887
0.539741 12 1.23946
0.539547 12 1.24042
0.539354 12 1.24056
0.539161 12 1.24087
0.538967 12 1.24091
0.538774 12 1.24101
0.538581 12 1.2411
0.538387 12 1.24192
0.538194 12 1.24204
0.538 12 1.24252
0.537807 12 1.24267
0.537614 12 1.24362
0.53742 12 1.2454
0.537227 12 1.24585
0.537033 12 1.24602
0.53684 12 1.24673
0.536647 12 1.24713
0.536453 12 1.24888
0.53626 12 1.24971
0.536067 12 1.25045
0.535873 12 1.2507
0.53568 12 1.25127
0.535486 12 1.25243
0.535293 12 1.25248
0.5351 12 1.25327
0.534906 12 1.25331
0.534713 12 1.25359
0.534519 12 1.2544
0.534326 12 1.25442
0.534133 12 1.2547
0.533939 12 1.25561
0.533746 12 1.25584
0.533553 12 1.2563
0.533359 12 1.25662
0.533166 12 1.25849
0.532972 12 1.2591
0.532779 12 1.25998
0.532586 12 1.2601
0.532392 12 1.26027
0.532199 12 1.26039
0.532005 12 1.26093
0.531812 12 1.26275
0.531619 12 1.26337
0.531425 12 1.26403
0.531232 12 1.26577
0.531232 11 1.26645
0.531038 11 1.26649
0.530845 11 1.26682
0.530652 11 1.26694
0.530458 11 1.26713
0.530265 11 1.26732
0.530072 11 1.26737
0.529878 11 1.26766
0.529685 11 1.26834
0.529491 11 1.26875
0.529298 11 1.26924
0.528911 11 1.27033
0.528718 11 1.2706
0.528524 11 1.27063
0.528331 11 1.27091
0.528138 11 1.27142
0.527944 11 1.27403
0.527751 11 1.27423
0.527558 11 1.2743
0.527364 11 1.27536
0.527171 11 1.27587
0.526977 11 1.27597
0.526784 11 1.27613
0.526591 11 1.27866
0.526397 11 1.27892
0.526204 11 1.27895
0.52601 11 1.2797
0.525817 11 1.28048
0.525624 11 1.28116
0.52543 11 1.28207
0.525237 11 1.28358
0.525044 11 1.28439
0.52485 11 1.28617
0.524657 11 1.28635
0.524463 11 1.28672
0.52427 11 1.28695
0.524077 11 1.28871
0.523883 11 1.28874
0.52369 11 1.28949
0.523496 11 1.28974
0.523303 11 1.29006
0.52311 11 1.29012
0.522916 11 1.29052
0.522723 11 1.29147
0.522529 11 1.29153
0.522336 11 1.29242
0.522143 11 1.29263
0.521949 11 1.29301
0.521756 11 1.29388
0.521563 11 1.29419
0.521369 11 1.29557
0.521176 11 1.29591
0.520982 11 1.29621
0.520789 11 1.29725
0.520596 11 1.29728
0.520402 11 1.29785
0.520209 11 1.2981
0.520015 11 1.29838
0.519822 11 1.29841
0.519629 11 1.29845
0.519435 11 1.29974
0.519242 11 1.30032
0.519049 11 1.30044
0.518855 11 1.30127
0.518662 11 1.30143
0.518468 11 1.30204
0.518275 11 1.30212
0.518082 11 1.30255
0.517888 11 1.30475
0.517695 11 1.30541
0.517501 11 1.30542
0.517308 11 1.3055
0.517115 11 1.30567
0.516921 11 1.30617
0.516728 11 1.30626
0.516535 11 1.30635
0.516341 11 1.30646
0.516148 11 1.30719
0.515954 11 1.30731
0.515761 11 1.30774
0.515568 11 1.30804
0.515374 11 1.30915
0.515181 11 1.30947
0.514987 11 1.30993
0.514794 11 1.31046
0.514601 11 1.31214
0.514407 11 1.31225
0.514214 11 1.31311
0.51402 11 1.31427
0.513827 11 1.31509
0.513634 11 1.31529
0.51344 11 1.3154
0.513247 11 1.31564
0.513054 11 1.31568
0.51286 11 1.31707
0.512667 11 1.31714
0.512473 11 1.31758
0.51228 11 1.31772
0.512087 11 1.31866
0.511893 11 1.31919
0.5117 11 1.31924
0.511506 11 1.31929
0.511313 11 1.31951
0.51112 11 1.32059
0.510926 11 1.32066
0.51054 11 1.32186
0.510346 11 1.32264
0.510153 11 1.32307
0.509959 11 1.32328
0.509766 11 1.32337
0.509573 11 1.32416
0.509379 11 1.32446
0.509186 11 1.32457
0.508992 11 1.3255
0.508799 11 1.32637
0.508606 11 1.32664
0.508412 11 1.32685
0.508219 11 1.32715
0.508026 11 1.32724
0.507832 11 1.32794
0.507639 11 1.32817
0.507445 11 1.32871
0.507252 11 1.33042
0.507059 11 1.33069
0.506865 11 1.33101
0.506672 11 1.33107
0.506478 11 1.33136
0.506285 11 1.33209
0.506092 11 1.33267
0.505898 11 1.33497
0.505705 11 1.33515
0.505512 11 1.33548
0.505318 11 1.33581
0.505125 11 1.33615
0.504931 11 1.33696
0.504738 11 1.33805
0.504545 11 1.33883
0.504351 11 1.33896
0.504158 11 1.33949
0.503964 11 1.34123
0.503771 11 1.34131
0.503578 11 1.34146
0.503384 11 1.34181
0.503191 11 1.34197
0.502997 11 1.34324
0.502804 11 1.34448
0.502611 11 1.34457
0.502417 11 1.34501
0.502224 11 1.34522
0.502031 11 1.34636
0.501837 11 1.34663
0.501644 11 1.34678
0.50145 11 1.34738
0.501257 11 1.34752
0.501064 11 1.34869
0.50087 11 1.34907
0.500677 11 1.3497
0.500483 11 1.35052
0.50029 11 1.35058
0.500097 11 1.35084
0.499903 11 1.35207
0.49971 11 1.35238
0.499517 11 1.35243
0.499323 11 1.35263
0.49913 11 1.35287
0.498936 11 1.35295
0.498743 11 1.35479
0.49855 11 1.35578
0.498356 11 1.35604
0.498163 11 1.35621
0.497969 11 1.35658
0.497776 11 1.35722
0.497583 11 1.35792
0.497389 11 1.35824
0.497196 11 1.35842
0.497003 11 1.35979
0.496809 11 1.3611
0.496616 11 1.36128
0.496422 11 1.3619
0.496229 11 1.36355
0.496036 11 1.36426
0.495842 11 1.36487
0.495649 11 1.36488
0.495455 11 1.36589
0.495262 11 1.36613
0.495069 11 1.36734
0.494875 11 1.36848
0.494682 11 1.36866
0.494488 11 1.36878
0.494295 11 1.36886
0.494102 11 1.36941
0.493908 11 1.36971
0.493715 11 1.36991
0.493522 11 1.37007
0.493328 11 1.37079
0.493135 11 1.37294
0.492941 11 1.3735
0.492748 11 1.37571
0.492555 11 1.37579
0.492361 11 1.37597
0.491974 11 1.37795
0.491781 11 1.37831
0.491588 11 1.37926
0.491394 11 1.38008
0.491201 11 1.38025
0.491008 11 1.38107
0.490814 11 1.3814
0.490621 11 1.38194
0.490427 11 1.38202
0.490234 11 1.38207
0.490041 11 1.38254
0.489847 11 1.38264
0.489654 11 1.38357
0.48946 11 1.38366
0.489267 11 1.38437
0.489074 11 1.38523
0.48888 11 1.38574
0.488687 11 1.38599
0.488494 11 1.38717
0.4883 11 1.38776
0.488107 11 1.38832
0.487913 11 1.38882
0.48772 11 1.38952
0.487527 11 1.39015
0.487333 11 1.39169
0.48714 11 1.39318
0.486946 11 1.39325
0.486753 11 1.39341
0.48656 11 1.39386
0.486366 11 1.39394
0.486173 11 1.39445
0.48598 11 1.39483
0.485786 11 1.39496
0.485593 11 1.39524
0.485399 11 1.39702
0.485206 11 1.39835
0.485013 11 1.39915
0.484819 11 1.39959
0.484626 11 1.40038
0.484432 11 1.40078
0.484239 11 1.40222
0.484046 11 1.40235
0.483852 11 1.40277
0.483659 11 1.40409
0.483465 11 1.40415
0.483272 11 1.40452
0.483079 11 1.40481
0.482885 11 1.40503
0.482692 11 1.40512
0.482499 11 1.40575
0.482305 11 1.40687
0.482112 11 1.40745
0.481918 11 1.40919
0.481725 11 1.40931
0.481532 11 1.4107
0.481338 11 1.41107
0.481145 11 1.41116
0.480951 11 1.41164
0.480758 11 1.4119
0.480565 11 1.41258
0.480371 11 1.41282
0.480178 11 1.41483
0.479985 11 1.41522
0.479791 11 1.4154
0.479598 11 1.41544
0.479404 11 1.41556
0.479211 11 1.41622
0.479018 11 1.41661
0.478824 11 1.41696
0.478631 11 1.41718
0.478437 11 1.41744
0.478244 11 1.4191
0.478051 11 1.4196
0.477857 11 1.41998
0.477664 11 1.42004
0.477471 11 1.42018
0.477277 11 1.42069
0.477084 11 1.42077
0.47689 11 1.42084
0.476697 11 1.42119
0.476504 11 1.42125
0.47631 11 1.42131
0.476117 11 1.42201
0.475923 11 1.42327
0.475537 11 1.42387
0.475343 11 1.4241
0.47515 11 1.42441
0.474956 11 1.42444
0.474763 11 1.42517
0.47457 11 1.42557
0.474376 11 1.42611
0.474183 11 1.42643
0.47399 11 1.42702
0.473796 11 1.42721
0.473603 11 1.42752
0.473409 11 1.42771
0.473216 11 1.42773
0.473023 11 1.42824
0.472829 11 1.42923
0.472636 11 1.4309
0.472249 11 1.43099
0.472056 11 1.43149
0.471862 11 1.43357
0.471669 11 1.43361
0.471476 11 1.43539
0.471282 11 1.43548
0.471089 11 1.43555
0.470895 11 1.43577
0.470702 11 1.43578
0.470509 11 1.43648
0.470315 11 1.43788
0.470122 11 1.43833
0.469928 11 1.43842
0.469735 11 1.43853
0.469542 11 1.43859
0.469348 11 1.43925
0.469155 11 1.43937
0.468962 11 1.44065
0.468768 11 1.44154
0.468575 11 1.44187
0.468381 11 1.44193
0.468188 11 1.44332
0.467995 11 1.4442
0.467801 11 1.44493
0.467608 11 1.44509
0.467414 11 1.44522
0.467221 11 1.44531
0.467028 11 1.44546
0.466834 11 1.44562
0.466641 11 1.44579
0.466447 11 1.44698
0.466254 11 1.44719
0.466061 11 1.44732
0.465867 11 1.44743
0.465674 11 1.44782
0.465481 11 1.44863
0.465094 11 1.44883
0.4649 11 1.44893
0.464707 11 1.44902
0.464514 11 1.44906
0.46432 11 1.45085
0.463933 11 1.45103
0.46374 11 1.4512
0.463547 11 1.45126
0.463353 11 1.45143
0.46316 11 1.4518
0.462967 11 1.45182
0.462773 11 1.45212
0.46258 11 1.45248
0.462386 11 1.45257
0.462193 11 1.45277
0.462 11 1.45325
0.461806 11 1.4535
0.461613 11 1.45428
0.461419 11 1.45431
0.461226 11 1.45456
0.461033 11 1.45467
0.460839 11 1.45474
0.460646 11 1.4548
0.460453 11 1.45511
0.460259 11 1.45535
0.460066 11 1.45565
0.459872 11 1.45568
0.459679 11 1.45602
0.459486 11 1.45628
0.459292 11 1.45649
0.459099 11 1.45679
0.458905 11 1.45721
0.458712 11 1.45781
0.458519 11 1.45826
0.458325 11 1.45841
0.458132 11 1.45885
0.457939 11 1.45909
0.457745 11 1.45934
0.457552 11 1.45951
0.457358 11 1.46012
0.457165 11 1.46033
0.456972 11 1.46188
0.456778 11 1.46232
0.456585 11 1.46265
0.456391 11 1.46342
0.456198 11 1.46352
0.456005 11 1.46355
0.455811 11 1.46469
0.455618 11 1.46481
0.455424 11 1.46516
0.455231 11 1.46519
0.455038 11 1.46558
0.454844 11 1.46565
0.454651 11 1.46573
0.454458 11 1.466
0.454264 11 1.46607
0.454071 11 1.46614
0.453877 11 1.46655
0.453684 11 1.46669
0.453491 11 1.46743
0.453297 11 1.46763
0.453104 11 1.46819
0.45291 11 1.46971
0.452717 11 1.47004
0.452524 11 1.47074
0.45233 11 1.47222
0.452137 11 1.47225
0.451944 11 1.47288
0.45175 11 1.47435
0.451557 11 1.47495
0.451363 11 1.47562
0.45117 11 1.47589
0.450977 11 1.47601
0.450783 11 1.47625
0.45059 11 1.47654
0.450396 11 1.47694
0.450203 11 1.47697
0.45001 11 1.47714
0.449816 11 1.47731
0.449623 11 1.47736
0.44943 11 1.47768
0.449236 11 1.47813
0.449043 11 1.47871
0.448849 11 1.47874
0.448656 11 1.47881
0.448463 11 1.47927
0.448269 11 1.47964
0.448076 11 1.47993
0.447882 11 1.48035
0.447689 11 1.48067
0.447496 11 1.48111
0.447302 11 1.48196
0.447109 11 1.48321
0.446915 11 1.48528
0.446722 11 1.4882
0.446529 11 1.48844
0.446335 11 1.48874
0.446142 11 1.48969
0.445949 11 1.48976
0.445755 11 1.49024
0.445562 11 1.49061
0.445368 11 1.49095
0.445175 11 1.49109
0.444982 11 1.4922
0.444788 11 1.49227
0.444595 11 1.4924
0.444401 11 1.49243
0.444208 11 1.49315
0.444015 11 1.49332
0.443821 11 1.49362
0.443628 11 1.49478
0.443435 11 1.49484
0.443241 11 1.49567
0.443048 11 1.49624
0.442854 11 1.49639
0.442661 11 1.49659
0.442468 11 1.49665
0.442274 11 1.49679
0.442081 11 1.49745
0.441887 11 1.49763
0.441694 11 1.49806
0.441501 11 1.49808
0.441307 11 1.4987
0.441114 11 1.49874
0.440921 11 1.4989
0.440727 11 1.49936
0.440534 11 1.50011
0.44034 11 1.50033
0.440147 11 1.50096
0.439954 11 1.50133
0.43976 11 1.50144
0.439567 11 1.50209
0.439373 11 1.50282
0.43918 11 1.50335
0.438987 11 1.50428
0.438793 11 1.50438
0.4386 11 1.50522
0.438406 11 1.50601
0.438213 11 1.50736
0.43802 11 1.50744
0.437826 11 1.50767
0.437633 11 1.50865
0.43744 11 1.51039
0.437246 11 1.51047
0.437053 11 1.5114
0.436859 11 1.51315
0.436666 11 1.51384
0.436473 11 1.514
0.436279 11 1.51446
0.436086 11 1.51677
0.435892 11 1.51683
0.435699 11 1.51816
0.435506 11 1.51866
0.435312 11 1.51958
0.435119 11 1.52
0.434926 11 1.52002
0.434732 11 1.52083
0.434539 11 1.52113
0.434345 11 1.52183
0.434152 11 1.52213
0.433959 11 1.52282
0.433765 11 1.52298
0.433572 11 1.52306
0.433378 11 1.52313
0.433185 11 1.52383
0.432992 11 1.52409
0.432798 11 1.52455
0.432605 11 1.52532
0.432412 11 1.52583
0.432218 11 1.52639
0.432025 11 1.52747
0.431831 11 1.52868
0.431638 11 1.5288
0.431445 11 1.53042
0.431251 11 1.53091
0.431058 11 1.53193
0.430864 11 1.53196
0.430671 11 1.53277
0.430478 11 1.53298
0.430284 11 1.53369
0.430091 11 1.5337
0.429898 11 1.53382
0.429704 11 1.53477
0.429511 11 1.53522
0.429317 11 1.53557
0.429124 11 1.53568
0.428931 11 1.53624
0.428737 11 1.53695
0.428544 11 1.53732
0.42835 11 1.53765
0.428157 11 1.53785
0.427964 11 1.53815
0.42777 11 1.53865
0.427577 11 1.53916
0.427383 11 1.53961
0.42719 11 1.54105
0.426997 11 1.54143
0.426803 11 1.54181
0.42661 11 1.54213
0.426417 11 1.54217
0.426223 11 1.54267
0.42603 11 1.54348
0.425836 11 1.54354
0.425643 11 1.54378
0.42545 11 1.54422
0.425256 11 1.54458
0.425063 11 1.54505
0.424869 11 1.5454
0.424676 11 1.54586
0.424483 11 1.54608
0.424289 11 1.54624
0.424096 11 1.54677
0.423903 11 1.54684
0.423709 11 1.54701
0.423516 11 1.54731
0.423322 11 1.5486
0.423129 11 1.54865
0.422742 11 1.54952
0.422549 11 1.54954
0.422355 11 1.54965
0.422162 11 1.54972
0.421969 11 1.54983
0.421775 11 1.55022
0.421582 11 1.55055
0.421389 11 1.5508
0.421195 11 1.55083
0.420808 11 1.55088
0.420615 11 1.55124
0.420422 11 1.5525
0.420228 11 1.55259
0.420035 11 1.5534
0.419841 11 1.55349
0.419648 11 1.55372
0.419455 11 1.55421
0.419261 11 1.5549
0.419068 11 1.55646
0.418874 11 1.55654
0.418681 11 1.55706
0.418488 11 1.55711
0.418294 11 1.55852
0.418101 11 1.55962
0.417908 11 1.55991
0.417714 11 1.56057
0.417521 11 1.56181
0.417327 11 1.56214
0.417134 11 1.56219
0.416941 11 1.56287
0.416747 11 1.56362
0.416554 11 1.56419
0.41636 11 1.56468
0.416167 11 1.56483
0.415974 11 1.56665
0.41578 11 1.56691
0.415587 11 1.56692
0.415394 11 1.56697
0.4152 11 1.56722
0.415007 11 1.56747
0.414813 11 1.56765
0.41462 11 1.56814
0.414427 11 1.56865
0.414233 11 1.56898
0.41404 11 1.5691
0.413846 11 1.56919
0.413653 11 1.56937
0.41346 11 1.56965
0.413266 11 1.5698
0.413073 11 1.57076
0.41288 11 1.57092
0.412686 11 1.57154
0.412299 11 1.57182
0.412106 11 1.57295
0.411913 11 1.57399
0.411719 11 1.57474
0.411526 11 1.57535
0.411332 11 1.57536
0.411139 11 1.5756
0.410946 11 1.5762
0.410752 11 1.57642
0.410559 11 1.57674
0.410365 11 1.57686
0.410172 11 1.5774
0.409979 11 1.57773
0.409592 11 1.57784
0.409399 11 1.57826
0.409205 11 1.5787
0.409012 11 1.57882
0.408818 11 1.57963
0.408625 11 1.5801
0.408432 11 1.58012
0.408238 11 1.58056
0.408045 11 1.58069
0.407851 11 1.5807
0.407658 11 1.58074
0.407465 11 1.58194
0.407271 11 1.58263
0.407078 11 1.5829
0.406885 11 1.58334
0.406691 11 1.58422
0.406498 11 1.58462
0.406304 11 1.58469
0.406111 11 1.58491
0.405918 11 1.58528
0.405724 11 1.58706
0.405531 11 1.58735
0.405337 11 1.58741
0.405144 11 1.58759
0.404951 11 1.58792
0.404757 11 1.58799
0.404564 11 1.58872
0.404371 11 1.58892
0.404177 11 1.59
0.403984 11 1.59056
0.40379 11 1.59179
0.403597 11 1.59264
0.403404 11 1.59402
0.40321 11 1.59478
0.403017 11 1.59493
0.402823 11 1.59502
0.40263 11 1.59529
0.402437 11 1.5957
0.402243 11 1.59592
0.40205 11 1.59615
0.401857 11 1.59717
0.401663 11 1.59801
0.40147 11 1.59846
0.401276 11 1.59866
0.401083 11 1.59875
0.40089 11 1.59904
0.400696 11 1.59911
0.400503 11 1.59923
0.400309 11 1.59955
0.400116 11 1.59966
0.399923 11 1.59991
0.399729 11 1.59998
0.399536 11 1.60091
0.399342 11 1.60104
0.399149 11 1.60236
0.398956 11 1.60299
0.398762 11 1.60429
0.398569 11 1.6051
0.398376 11 1.60622
0.398376 10 1.60629
0.398182 10 1.6065
0.397989 10 1.60656
0.397795 10 1.60686
0.397602 10 1.6071
0.397409 10 1.60772
0.397215 10 1.60841
0.397022 10 1.60865
0.396828 10 1.609
0.396635 10 1.60921
0.396442 10 1.60926
0.396248 10 1.6097
0.396055 10 1.61042
0.395862 10 1.61142
0.395668 10 1.61345
0.395475 10 1.61393
0.395281 10 1.61411
0.395088 10 1.61429
0.394895 10 1.61436
0.394701 10 1.61462
0.394508 10 1.61463
0.394314 10 1.61486
0.394121 10 1.61616
0.393928 10 1.61626
0.393734 10 1.61669
0.393541 10 1.61673
0.393348 10 1.61708
0.393154 10 1.61712
0.392961 10 1.61776
0.392767 10 1.61786
0.392574 10 1.619
0.392381 10 1.62058
0.392187 10 1.62126
0.391994 10 1.62151
0.391607 10 1.62167
0.391414 10 1.6222
0.39122 10 1.62244
0.391027 10 1.62272
0.390833 10 1.62396
0.39064 10 1.62419
0.390447 10 1.6246
0.390253 10 1.62607
0.39006 10 1.62673
0.389867 10 1.62767
0.389673 10 1.62846
0.38948 10 1.6286
0.389286 10 1.62926
0.389093 10 1.63028
0.3889 10 1.63081
0.388706 10 1.63092
0.388513 10 1.63117
0.388319 10 1.63119
0.388126 10 1.63137
0.388126 9 1.63162
0.387933 9 1.63176
0.387739 9 1.63207
0.387546 9 1.63221
0.387353 9 1.63352
0.387159 9 1.63357
0.386966 9 1.63403
0.386772 9 1.63435
0.386579 9 1.63453
0.386386 9 1.63469
0.386192 9 1.63488
0.385999 9 1.635
0.385805 9 1.63508
0.385612 9 1.63522
0.385419 9 1.63584
0.385225 9 1.63614
0.385032 9 1.63628
0.384839 9 1.63792
0.384645 9 1.63815
0.384452 9 1.6383
0.384258 9 1.63898
0.384065 9 1.63952
0.383872 9 1.63956
0.383678 9 1.63972
0.383485 9 1.64027
0.383291 9 1.64057
0.383098 9 1.64062
0.382905 9 1.64125
0.382711 9 1.6418
0.382518 9 1.64195
0.382325 9 1.64214
0.382131 9 1.64295
0.381938 9 1.64305
0.381744 9 1.64308
0.381551 9 1.64319
0.381358 9 1.64348
0.381164 9 1.64355
0.380971 9 1.64413
0.380971 8 1.64415
0.380777 8 1.64585
0.380584 8 1.64613
0.380391 8 1.64682
0.380197 8 1.64688
0.380004 8 1.64749
0.37981 8 1.64797
0.379617 8 1.64839
0.379424 8 1.64901
0.37923 8 1.64908
0.379037 8 1.64986
0.378844 8 1.65018
0.37865 8 1.65044
0.378457 8 1.65265
0.378263 8 1.65355
0.37807 8 1.65361
0.377877 8 1.65418
0.377683 8 1.65422
0.37749 8 1.65455
0.377296 8 1.6547
0.377103 8 1.65499
0.37691 8 1.65522
0.376716 8 1.65536
0.376523 8 1.65545
0.37633 8 1.65564
0.376136 8 1.6559
0.375749 8 1.65743
0.375556 8 1.65821
0.375363 8 1.65823
0.375169 8 1.65848
0.374976 8 1.65859
0.374782 8 1.65876
0.374396 8 1.65949
0.374202 8 1.65989
0.374009 8 1.66037
0.373816 8 1.6624
0.373622 8 1.66265
0.373429 8 1.66432
0.373235 8 1.6652
0.373042 8 1.66557
0.372849 8 1.66561
0.372655 8 1.66564
0.372462 8 1.66604
0.372268 8 1.6661
0.372075 8 1.66627
0.371882 8 1.66634
0.371688 8 1.66667
0.371495 8 1.66674
0.371301 8 1.66715
0.371108 8 1.66734
0.370915 8 1.66738
0.370721 8 1.66817
0.370528 8 1.66818
0.370335 8 1.66864
0.370141 8 1.66888
0.369948 8 1.66892
0.369754 8 1.66918
0.369561 8 1.66923
0.369368 8 1.66925
0.369174 8 1.66977
0.368981 8 1.67027
0.368787 8 1.67065
0.368594 8 1.67104
0.368401 8 1.67147
0.368207 8 1.67178
0.368014 8 1.67197
0.367821 8 1.6733
0.367627 8 1.67386
0.367434 8 1.67498
0.36724 8 1.67538
0.367047 8 1.6756
0.366854 8 1.67644
0.36666 8 1.67662
0.366467 8 1.67678
0.366273 8 1.67701
0.36608 8 1.6775
0.365887 8 1.67767
0.365693 8 1.6778
0.3655 8 1.67805
0.365307 8 1.6785
0.365113 8 1.67926
0.36492 8 1.67991
0.364726 8 1.68027
0.364533 8 1.68035
0.36434 8 1.6804
0.364146 8 1.68235
0.363953 8 1.68266
0.363759 8 1.68287
0.363566 8 1.68331
0.363566 7 1.68391
0.363373 7 1.68514
0.363179 7 1.68529
0.362986 7 1.68552
0.362792 7 1.68584
0.362792 6 1.68611
0.362599 6 1.68613
0.362406 6 1.68723
0.362212 6 1.68769
0.362019 6 1.68772
0.361826 6 1.68852
0.361632 6 1.68857
0.361439 6 1.68873
0.361245 6 1.68888
0.360859 6 1.68906
0.360665 6 1.69015
0.360472 6 1.69051
0.360278 6 1.69062
0.360085 6 1.69097
0.359892 6 1.69229
0.359698 6 1.69266
0.359505 6 1.6932
0.359312 6 1.69357
0.359118 6 1.69419
0.358925 6 1.69466
0.358731 6 1.69564
0.358538 6 1.69684
0.358345 6 1.69698
0.358151 6 1.69782
0.357958 6 1.69872
0.357764 6 1.6989
0.357571 6 1.69891
0.357378 6 1.69914
0.357184 6 1.69926
0.356991 6 1.70022
0.356798 6 1.70088
0.356604 6 1.70098
0.356411 6 1.7015
0.356217 6 1.70196
0.355831 6 1.7021
0.355637 6 1.70211
0.355444 6 1.70243
0.35525 6 1.70279
0.355057 6 1.70317
0.354864 6 1.70334
0.35467 6 1.70384
0.354477 6 1.70461
0.354284 6 1.70503
0.35409 6 1.70568
0.353897 6 1.70581
0.353703 6 1.70619
0.35351 6 1.70667
0.353317 6 1.70685
0.353123 6 1.70699
0.35293 6 1.7072
0.352736 6 1.70749
0.352543 6 1.70763
0.35235 6 1.70865
0.352156 6 1.70877
0.351963 6 1.70933
0.351769 6 1.71151
0.351576 6 1.71174
0.351383 6 1.71194
0.351189 6 1.71218
0.350996 6 1.71245
0.350803 6 1.71256
0.350609 6 1.71269
0.350416 6 1.71289
0.350222 6 1.71316
0.350029 6 1.71383
0.349836 6 1.7145
0.349642 6 1.7154
0.349449 6 1.71569
0.349255 6 1.71629
0.349062 6 1.71674
0.348869 6 1.7174
0.348675 6 1.71785
0.348482 6 1.71802
0.348289 6 1.71828
0.348095 6 1.71894
0.347902 6 1.71907
0.347708 6 1.7192
0.347515 6 1.71936
0.347322 6 1.71943
0.347128 6 1.71949
0.346935 6 1.71982
0.346741 6 1.72034
0.346548 6 1.7205
0.346355 6 1.7213
0.346161 6 1.72145
0.345968 6 1.72175
0.345775 6 1.72209
0.345581 6 1.72265
0.345388 6 1.72273
0.345194 6 1.72321
0.345001 6 1.72323
0.344808 6 1.72348
0.344614 6 1.72467
0.344421 6 1.72531
0.344227 6 1.72535
0.344034 6 1.72618
0.343841 6 1.72623
0.343647 6 1.72644
0.343454 6 1.72764
0.34326 6 1.72862
0.343067 6 1.72875
0.342874 6 1.72879
0.34268 6 1.72881
0.342487 6 1.7295
0.342294 6 1.72956
0.3421 6 1.72997
0.341907 6 1.73072
0.341713 6 1.73153
0.34152 6 1.7324
0.341327 6 1.73267
0.341133 6 1.73272
0.34094 6 1.73311
0.340746 6 1.73457
0.340553 6 1.73481
0.34036 6 1.73492
0.340166 6 1.73496
0.339973 6 1.73502
0.33978 6 1.73535
0.339586 6 1.73554
0.339393 6 1.73603
0.339199 6 1.73733
0.339006 6 1.73764
0.338813 6 1.73903
0.338619 6 1.73954
0.338426 6 1.73978
0.338232 6 1.73986
0.338039 6 1.74017
0.337846 6 1.74128
0.337652 6 1.74164
0.337459 6 1.74165
0.337266 6 1.74171
0.337072 6 1.7421
0.336879 6 1.74286
0.336685 6 1.74391
0.336492 6 1.74402
0.336299 6 1.74427
0.336105 6 1.74462
0.335912 6 1.74591
0.335718 6 1.74715
0.335525 6 1.74881
0.335332 6 1.74887
0.335138 6 1.7489
0.334945 6 1.74947
0.334558 6 1.74951
0.334365 6 1.75009
0.334171 6 1.75039
0.333978 6 1.75063
0.333785 6 1.75064
0.333591 6 1.75126
0.333398 6 1.7513
0.333204 6 1.75173
0.333011 6 1.75206
0.332818 6 1.75243
0.332624 6 1.7527
0.332431 6 1.75314
0.332237 6 1.75382
0.332044 6 1.75476
0.331851 6 1.75513
0.331657 6 1.75541
0.331464 6 1.7565
0.331271 6 1.75736
0.331077 6 1.75757
0.330884 6 1.75866
0.33069 6 1.7587
0.330497 6 1.75889
0.330304 6 1.75919
0.33011 6 1.75961
0.329917 6 1.75974
0.329723 6 1.76002
0.32953 6 1.76176
0.329337 6 1.76204
0.329143 6 1.76306
0.32895 6 1.7632
0.328757 6 1.76364
0.328563 6 1.76365
0.32837 6 1.76457
0.328176 6 1.76471
0.327983 6 1.76501
0.32779 6 1.76512
0.327596 6 1.7653
0.327403 6 1.76532
0.327209 6 1.76566
0.327016 6 1.76633
0.326823 6 1.76764
0.326629 6 1.76798
0.326436 6 1.76883
0.326243 6 1.76928
0.326049 6 1.76931
0.325856 6 1.7699
0.325662 6 1.77027
0.325469 6 1.77036
0.325276 6 1.77054
0.325082 6 1.77083
0.324889 6 1.77131
0.324695 6 1.77196
0.324502 6 1.77202
0.324309 6 1.77206
0.324115 6 1.77303
0.323922 6 1.77323
0.323728 6 1.77387
0.323535 6 1.77467
0.323148 6 1.77482
0.322955 6 1.77624
0.322762 6 1.77662
0.322568 6 1.77688
0.322375 6 1.77809
0.321988 6 1.77819
0.321795 6 1.77878
0.321601 6 1.77919
0.321408 6 1.77925
0.321214 6 1.77961
0.321021 6 1.77987
0.320828 6 1.78015
0.320634 6 1.78052
0.320441 6 1.78143
0.320248 6 1.78172
0.320054 6 1.78178
0.319861 6 1.78195
0.319667 6 1.78245
0.319474 6 1.78271
0.319281 6 1.78294
0.319087 6 1.78404
0.318894 6 1.7841
0.3187 6 1.78416
0.318507 6 1.78437
0.318314 6 1.78458
0.31812 6 1.7853
0.317927 6 1.78567
0.317734 6 1.78623
0.31754 6 1.78635
0.317347 6 1.78658
0.317153 6 1.78725
0.31696 6 1.78768
0.316767 6 1.78773
0.316573 6 1.7881
0.31638 6 1.78853
0.316186 6 1.78872
0.315993 6 1.78884
0.3158 6 1.78933
0.315606 6 1.78988
0.315413 6 1.78994
0.315219 6 1.79008
0.315026 6 1.79028
0.314833 6 1.79037
0.314639 6 1.79047
0.314446 6 1.79062
0.314253 6 1.79094
0.314059 6 1.79112
0.313866 6 1.79154
0.313672 6 1.7919
0.313479 6 1.79222
0.313286 6 1.79289
0.313092 6 1.7929
0.312899 6 1.79301
0.312705 6 1.79379
0.312512 6 1.79384
0.312319 6 1.79405
0.312125 6 1.79468
0.311932 6 1.79517
0.311739 6 1.79574
0.311545 6 1.79592
0.311352 6 1.79633
0.311158 6 1.79653
0.310965 6 1.79718
0.310772 6 1.7972
0.310578 6 1.79754
0.310385 6 1.79758
0.310191 6 1.79773
0.309998 6 1.79787
0.309805 6 1.79889
0.309611 6 1.79901
0.309418 6 1.79972
0.309225 6 1.80003
0.309031 6 1.80013
0.308838 6 1.80026
0.308644 6 1.80125
0.308451 6 1.80244
0.308258 6 1.80317
0.308064 6 1.8038
0.307871 6 1.80396
0.307677 6 1.80496
0.307484 6 1.80499
0.307291 6 1.805
0.307097 6 1.80567
0.306904 6 1.80572
0.306711 6 1.80597
0.306517 6 1.80637
0.306324 6 1.80639
0.30613 6 1.80745
0.305937 6 1.80859
0.305744 6 1.80874
0.30555 6 1.80912
0.305357 6 1.8093
0.305163 6 1.81058
0.30497 6 1.8107
0.304777 6 1.81077
0.304583 6 1.81139
0.30439 6 1.81141
0.304196 6 1.81159
0.304003 6 1.81207
0.30381 6 1.81351
0.303616 6 1.81387
0.303423 6 1.814
0.30323 6 1.8141
0.303036 6 1.81423
0.302843 6 1.81424
0.302649 6 1.81451
0.302456 6 1.81489
0.302263 6 1.81526
0.302069 6 1.81551
0.301876 6 1.81567
0.301682 6 1.81578
0.301489 6 1.81631
0.301296 6 1.81776
0.301102 6 1.81793
0.300909 6 1.81872
0.300716 6 1.81873
0.300522 6 1.81917
0.300329 6 1.81955
0.300135 6 1.82003
0.299942 6 1.82098
0.299749 6 1.82108
0.299555 6 1.82133
0.299362 6 1.82177
0.299168 6 1.82239
0.298975 6 1.82278
0.298782 6 1.82337
0.298588 6 1.82357
0.298395 6 1.8242
0.298202 6 1.8249
0.298008 6 1.82574
0.297815 6 1.82589
0.297621 6 1.82667
0.297428 6 1.82676
0.297235 6 1.82717
0.297041 6 1.82726
0.296848 6 1.82734
0.296654 6 1.82743
0.296461 6 1.82776
0.296268 6 1.82822
0.296074 6 1.82909
0.295881 6 1.82927
0.295687 6 1.82978
0.295494 6 1.83168
0.295301 6 1.8318
0.295107 6 1.83365
0.294914 6 1.83406
0.294527 6 1.83427
0.294334 6 1.83516
0.29414 6 1.83625
0.293947 6 1.83654
0.293754 6 1.83722
0.29356 6 1.83733
0.293367 6 1.8375
0.293173 6 1.83754
0.29298 6 1.83796
0.292787 6 1.83881
0.292593 6 1.83918
0.2924 6 1.83954
0.292207 6 1.84022
0.292013 6 1.84085
0.29182 6 1.84086
0.291626 6 1.84138
0.291433 6 1.84148
0.29124 6 1.84246
0.291046 6 1.8425
0.290853 6 1.84266
0.290659 6 1.84326
0.290466 6 1.84426
0.290273 6 1.84464
0.290079 6 1.845
0.289886 6 1.84549
0.289693 6 1.84663
0.289306 6 1.8467
0.289112 6 1.84721
0.288919 6 1.84725
0.288726 6 1.8473
0.288532 6 1.84751
0.288339 6 1.84857
0.288145 6 1.84895
0.287952 6 1.85081
0.287759 6 1.85099
0.287565 6 1.85313
0.287372 6 1.8534
0.287178 6 1.85382
0.286985 6 1.85389
0.286792 6 1.85456
0.286598 6 1.85516
0.286405 6 1.85533
0.286212 6 1.85628
0.286018 6 1.85705
0.285825 6 1.85708
0.285631 6 1.85792
0.285438 6 1.8582
0.285245 6 1.85904
0.285051 6 1.85925
0.284858 6 1.86011
0.284664 6 1.8604
0.284471 6 1.8612
0.284278 6 1.86159
0.284084 6 1.86194
0.283891 6 1.86323
0.283698 6 1.86358
0.283504 6 1.86418
0.283311 6 1.86425
0.283117 6 1.86426
0.283117 5 1.86487
0.282924 5 1.86567
0.282731 5 1.86604
0.282537 5 1.86652
0.282344 5 1.86695
0.28215 5 1.86721
0.281957 5 1.86759
0.281764 5 1.86769
0.28157 5 1.86783
0.281377 5 1.86834
0.281184 5 1.86865
0.28099 5 1.86905
0.280797 5 1.86907
0.280603 5 1.86915
0.28041 5 1.86957
0.280217 5 1.87201
0.280023 5 1.8731
0.27983 5 1.87331
0.279636 5 1.87398
0.279443 5 1.87402
0.27925 5 1.87455
0.279056 5 1.87521
0.278863 5 1.87539
0.27867 5 1.8762
0.278476 5 1.8772
0.278476 4 1.87826
0.278283 4 1.87862
0.278089 4 1.87898
0.277896 4 1.88143
0.277703 4 1.88144
0.277509 4 1.8815
0.277316 4 1.88269
0.277122 4 1.88285
0.276929 4 1.88349
0.276736 4 1.88358
0.276542 4 1.88639
0.276349 4 1.88642
0.276155 4 1.88661
0.275962 4 1.88681
0.275769 4 1.88769
0.275575 4 1.88803
0.275382 4 1.89019
0.275189 4 1.89112
0.274995 4 1.89135
0.274802 4 1.89157
0.274608 4 1.89183
0.274415 4 1.89248
0.274222 4 1.89294
0.274028 4 1.89327
0.273835 4 1.89351
0.273641 4 1.89366
0.273448 4 1.8947
0.273255 4 1.89474
0.273061 4 1.89492
0.272868 4 1.895
0.272675 4 1.89519
0.272481 4 1.89541
0.272288 4 1.89553
0.272094 4 1.89609
0.271901 4 1.89624
0.271708 4 1.89692
0.271514 4 1.89726
0.271321 4 1.89743
0.271127 4 1.89785
0.270934 4 1.89789
0.270741 4 1.89799
0.270547 4 1.89864
0.270354 4 1.89949
0.270161 4 1.8996
0.269967 4 1.89962
0.269774 4 1.89984
0.26958 4 1.90005
0.269387 4 1.90105
0.269194 4 1.90121
0.269 4 1.90137
0.268807 4 1.90139
0.268613 4 1.90149
0.26842 4 1.90214
0.268227 4 1.90278
0.268033 4 1.90397
0.26784 4 1.90426
0.267646 4 1.90492
0.267453 4 1.90504
0.26726 4 1.90562
0.267066 4 1.90641
0.266873 4 1.90664
0.26668 4 1.90673
0.266486 4 1.90723
0.266293 4 1.90758
0.266099 4 1.90807
0.265906 4 1.90855
0.265713 4 1.90985
0.265519 4 1.9105
0.265326 4 1.91158
0.265132 4 1.91161
0.264939 4 1.913
0.264746 4 1.91311
0.264552 4 1.91461
0.264359 4 1.91478
0.264166 4 1.9149
0.263972 4 1.91534
0.263779 4 1.91682
0.263585 4 1.91708
0.263392 4 1.91773
0.263199 4 1.91811
0.263005 4 1.91824
0.262812 4 1.91859
0.262618 4 1.91868
0.262425 4 1.91927
0.262232 4 1.91972
0.262038 4 1.92045
0.261845 4 1.9206
0.261652 4 1.92137
0.261458 4 1.92151
0.261265 4 1.92203
0.261071 4 1.92231
0.260878 4 1.92284
0.260685 4 1.92308
0.260491 4 1.92462
0.260298 4 1.92603
0.260104 4 1.92618
0.259911 4 1.92701
0.259718 4 1.92771
0.259524 4 1.92777
0.259331 4 1.92836
0.259137 4 1.92874
0.258944 4 1.9288
0.258751 4 1.92918
0.258557 4 1.92964
0.258364 4 1.92988
0.258171 4 1.93012
0.257977 4 1.93014
0.257784 4 1.93045
0.25759 4 1.93132
0.257397 4 1.93161
0.257204 4 1.93305
0.25701 4 1.93388
0.256817 4 1.9339
0.256623 4 1.93425
0.25643 4 1.93579
0.256237 4 1.93606
0.256043 4 1.93639
0.25585 4 1.93687
0.255657 4 1.93727
0.255463 4 1.93761
0.25527 4 1.93777
0.255076 4 1.93792
0.254883 4 1.93802
0.25469 4 1.93831
0.254496 4 1.93886
0.254303 4 1.93921
0.254109 4 1.93922
0.253916 4 1.93949
0.253723 4 1.93976
0.253529 4 1.94011
0.253336 4 1.94017
0.253143 4 1.94063
0.252949 4 1.94084
0.252756 4 1.94089
0.252562 4 1.94099
0.252369 4 1.94124
0.252176 4 1.94214
0.251982 4 1.94258
0.251789 4 1.94331
0.251595 4 1.94494
0.251402 4 1.94516
0.251209 4 1.94566
0.251015 4 1.94568
0.250822 4 1.94581
0.250822 3 1.94613
0.250629 3 1.94673
0.250435 3 1.94701
0.250242 3 1.94793
0.250048 3 1.94795
0.249855 3 1.94868
0.249662 3 1.94923
0.249468 3 1.95005
0.249275 3 1.95196
0.249081 3 1.95306
0.248888 3 1.95327
0.248695 3 1.95345
0.248501 3 1.95398
0.248308 3 1.95496
0.248114 3 1.95556
0.247921 3 1.95652
0.247728 3 1.95674
0.247534 3 1.95694
0.247341 3 1.95789
0.247148 3 1.95879
0.246954 3 1.95913
0.246761 3 1.95922
0.246567 3 1.95935
0.246374 3 1.9599
0.246181 3 1.95993
0.245987 3 1.96075
0.245794 3 1.96101
0.2456 3 1.96107
0.245407 3 1.96173
0.245214 3 1.96193
0.24502 3 1.96207
0.244827 3 1.96209
0.244634 3 1.96217
0.24444 3 1.96286
0.244247 3 1.96463
0.244053 3 1.96562
0.24386 3 1.96577
0.243667 3 1.96585
0.243473 3 1.9659
0.24328 3 1.96622
0.243086 3 1.96627
0.242893 3 1.96637
0.2427 3 1.96678
0.242506 3 1.96696
0.242313 3 1.96887
0.24212 3 1.96892
0.241926 3 1.96901
0.241733 3 1.96949
0.241539 3 1.96993
0.241346 3 1.9703
0.241153 3 1.97033
0.240959 3 1.97077
0.240766 3 1.97103
0.240572 3 1.97116
0.240379 3 1.97145
0.240186 3 1.97245
0.239992 3 1.97328
0.239799 3 1.97338
0.239605 3 1.97365
0.239412 3 1.97418
0.239219 3 1.9742
0.239025 3 1.97544
0.238832 3 1.97548
0.238639 3 1.97552
0.238445 3 1.97557
0.238252 3 1.97615
0.238058 3 1.97626
0.237865 3 1.97825
0.237672 3 1.97893
0.237478 3 1.97923
0.237091 3 1.97937
0.236898 3 1.97974
0.236705 3 1.98132
0.236511 3 1.98143
0.236318 3 1.98191
0.236125 3 1.98239
0.235931 3 1.9825
0.235738 3 1.9826
0.235544 3 1.98278
0.235351 3 1.98329
0.235158 3 1.98367
0.234964 3 1.98469
0.234771 3 1.98477
0.234577 3 1.98591
0.234384 3 1.98597
0.234191 3 1.98624
0.233997 3 1.98632
0.233804 3 1.98679
0.233611 3 1.98685
0.233417 3 1.98698
0.233224 3 1.98797
0.23303 3 1.98921
0.232837 3 1.98934
0.232644 3 1.99098
0.23245 3 1.99108
0.232257 3 1.99113
0.232063 3 1.99117
0.23187 3 1.99172
0.231677 3 1.99191
0.231483 3 1.99437
0.23129 3 1.99477
0.231096 3 1.99498
0.23071 3 1.99709
0.230516 3 1.99733
0.230323 3 1.99748
0.23013 3 1.99967
0.229936 3 1.99984
0.229743 3 2.00028
0.229549 3 2.00051
0.229356 3 2.00057
0.229163 3 2.00182
0.228969 3 2.00213
0.228776 3 2.00219
0.228582 3 2.00244
0.228389 3 2.00247
0.228196 3 2.00254
0.228002 3 2.00261
0.227809 3 2.0036
0.227616 3 2.00377
0.227422 3 2.00419
0.227229 3 2.00588
0.227035 3 2.0061
0.226842 3 2.0066
0.226649 3 2.00715
0.226455 3 2.00718
0.226262 3 2.00786
0.226068 3 2.00824
0.225875 3 2.01036
0.225682 3 2.01043
0.225488 3 2.01055
0.225295 3 2.01136
0.225102 3 2.01209
0.224908 3 2.01229
0.224715 3 2.01251
0.224521 3 2.01342
0.224328 3 2.01407
0.224135 3 2.01519
0.223941 3 2.01638
0.223748 3 2.01819
0.223554 3 2.01844
0.223361 3 2.01946
0.223168 3 2.0195
0.222974 3 2.01966
0.222781 3 2.01971
0.222588 3 2.01989
0.222394 3 2.02005
0.222201 3 2.02066
0.222007 3 2.02077
0.221814 3 2.02091
0.221621 3 2.02096
0.221427 3 2.02103
0.221234 3 2.02108
0.22104 3 2.02124
0.220847 3 2.02125
0.220654 3 2.02126
0.22046 3 2.02198
0.220267 3 2.0229
0.220073 3 2.02343
0.21988 3 2.02514
0.219687 3 2.0253
0.219493 3 2.0257
0.2193 3 2.02572
0.219107 3 2.02657
0.218913 3 2.02682
0.21872 3 2.02741
0.218526 3 2.02743
0.218333 3 2.02775
0.21814 3 2.02778
0.217946 3 2.02816
0.217753 3 2.02896
0.217559 3 2.02954
0.217366 3 2.02976
0.217173 3 2.03017
0.216979 3 2.03051
0.216786 3 2.03056
0.216593 3 2.03205
0.216399 3 2.03223
0.216206 3 2.03278
0.216012 3 2.0334
0.215819 3 2.03433
0.215626 3 2.03465
0.215432 3 2.03566
0.215239 3 2.03572
0.215045 3 2.0364
0.214852 3 2.0369
0.214659 3 2.03719
0.214465 3 2.03758
0.214272 3 2.04085
0.214079 3 2.0409
0.213885 3 2.04147
0.213692 3 2.04198
0.213498 3 2.0458
0.213305 3 2.04642
0.213112 3 2.04665
0.212918 3 2.04697
0.212725 3 2.04706
0.212531 3 2.04713
0.212338 3 2.04744
0.212145 3 2.04756
0.211951 3 2.04805
0.211758 3 2.04812
0.211564 3 2.04849
0.211371 3 2.04957
0.211178 3 2.05047
0.210984 3 2.05131
0.210791 3 2.0517
0.210598 3 2.05185
0.210404 3 2.05219
0.210211 3 2.05467
0.210017 3 2.05522
0.209824 3 2.05573
0.209631 3 2.05595
0.209437 3 2.05609
0.209244 3 2.05653
0.20905 3 2.05709
0.208857 3 2.05745
0.208664 3 2.05755
0.20847 3 2.05827
0.208084 3 2.0618
0.20789 3 2.06226
0.207697 3 2.0623
0.207503 3 2.06249
0.20731 3 2.0628
0.207117 3 2.06483
0.206923 3 2.06536
0.20673 3 2.06595
0.206536 3 2.0681
0.206343 3 2.06816
0.20615 3 2.0684
0.205956 3 2.07
0.205763 3 2.07081
0.20557 3 2.07275
0.205376 3 2.07383
0.205183 3 2.07456
0.204989 3 2.07518
0.204796 3 2.07533
0.204603 3 2.07551
0.204409 3 2.07588
0.204216 3 2.07707
0.204022 3 2.07727
0.203829 3 2.07729
0.203636 3 2.07805
0.203442 3 2.07843
0.203249 3 2.07853
0.203056 3 2.07856
0.202862 3 2.07903
0.202669 3 2.07997
0.202475 3 2.08015
0.202282 3 2.08026
0.202089 3 2.08058
0.201895 3 2.08139
0.201702 3 2.0814
0.201508 3 2.08194
0.201315 3 2.08238
0.201122 3 2.08251
0.200928 3 2.08275
0.200735 3 2.08291
0.200541 3 2.08316
0.200348 3 2.08398
0.200155 3 2.08424
0.199961 3 2.08549
0.199768 3 2.08574
0.199575 3 2.08646
0.199381 3 2.08674
0.199188 3 2.08725
0.198801 3 2.08835
0.198608 3 2.08857
0.198414 3 2.08864
0.198221 3 2.08884
0.198027 3 2.08979
0.197834 3 2.08993
0.197641 3 2.0908
0.197447 3 2.09083
0.197254 3 2.09099
0.197061 3 2.09143
0.196867 3 2.09221
0.196674 3 2.0927
0.19648 3 2.09292
0.196287 3 2.09321
0.196094 3 2.09346
0.1959 3 2.09364
0.195707 3 2.09404
0.195513 3 2.09455
0.19532 3 2.09467
0.195127 3 2.09468
0.194933 3 2.09507
0.19474 3 2.09592
0.194547 3 2.09666
0.194353 3 2.09667
0.19416 3 2.09672
0.193966 3 2.09774
0.193773 3 2.09777
0.19358 3 2.09812
0.193386 3 2.09844
0.193193 3 2.09908
0.192999 3 2.0998
0.192806 3 2.10031
0.192613 3 2.10173
0.192419 3 2.10199
0.192226 3 2.10203
0.192032 3 2.10492
0.191839 3 2.105
0.191646 3 2.10514
0.191452 3 2.10622
0.191259 3 2.10733
0.191066 3 2.1074
0.190872 3 2.10787
0.190679 3 2.1083
0.190485 3 2.1098
0.190292 3 2.11038
0.190099 3 2.11043
0.189905 3 2.11058
0.189712 3 2.11062
0.189518 3 2.11182
0.189325 3 2.11187
0.189132 3 2.11259
0.188938 3 2.11317
0.188745 3 2.11353
0.188552 3 2.11372
0.188358 3 2.11534
0.188165 3 2.11588
0.187971 3 2.11592
0.187778 3 2.11687
0.187585 3 2.11734
0.187391 3 2.11881
0.187198 3 2.11909
0.187004 3 2.11974
0.186811 3 2.11978
0.186618 3 2.12013
0.186424 3 2.12104
0.186231 3 2.1213
0.186038 3 2.12232
0.185844 3 2.12239
0.185651 3 2.1232
0.185457 3 2.12443
0.185264 3 2.12579
0.185071 3 2.1258
0.184877 3 2.126
0.184684 3 2.12606
0.18449 3 2.12643
0.184297 3 2.12738
0.184104 3 2.12805
0.18391 3 2.12845
0.183717 3 2.12872
0.183523 3 2.12943
0.18333 3 2.1304
0.183137 3 2.13055
0.182943 3 2.13081
0.18275 3 2.1319
0.182557 3 2.13232
0.182363 3 2.13344
0.18217 3 2.13345
0.181976 3 2.13354
0.181783 3 2.13491
0.18159 3 2.1358
0.181396 3 2.1367
0.181203 3 2.13761
0.181009 3 2.13782
0.180816 3 2.14004
0.180623 3 2.14034
0.180429 3 2.14049
0.180236 3 2.14058
0.180043 3 2.14087
0.179849 3 2.14108
0.179656 3 2.14132
0.179462 3 2.14364
0.179269 3 2.1441
0.179076 3 2.14434
0.178882 3 2.14469
0.178689 3 2.14566
0.178495 3 2.14621
0.178302 3 2.14674
0.178109 3 2.14686
0.177915 3 2.14806
0.177722 3 2.14808
0.177529 3 2.14844
0.177335 3 2.14862
0.177142 3 2.15017
0.176948 3 2.15233
0.176755 3 2.15274
0.176562 3 2.15294
0.176368 3 2.15307
0.176175 3 2.15425
0.175981 3 2.15437
0.175788 3 2.15448
0.175595 3 2.15465
0.175401 3 2.15551
0.175208 3 2.15615
0.175015 3 2.15626
0.174821 3 2.15835
0.174628 3 2.15895
0.174434 3 2.15989
0.174241 3 2.16033
0.174048 3 2.16061
0.173854 3 2.16196
0.173661 3 2.16259
0.173467 3 2.16437
0.173274 3 2.16446
0.173081 3 2.16459
0.172887 3 2.16464
0.172694 3 2.16499
0.1725 3 2.16672
0.172307 3 2.16717
0.172114 3 2.1674
0.17192 3 2.16751
0.171727 3 2.16766
0.171534 3 2.16802
0.17134 3 2.16833
0.171147 3 2.16991
0.170953 3 2.17031
0.17076 3 2.17037
0.170567 3 2.17113
0.170373 3 2.17129
0.17018 3 2.17139
0.169986 3 2.1714
0.169793 3 2.17237
0.1696 3 2.17311
0.169406 3 2.17313
0.169213 3 2.17323
0.16902 3 2.17416
0.168826 3 2.17606
0.168633 3 2.17665
0.168439 3 2.1776
0.168246 3 2.17889
0.167859 3 2.18086
0.167666 3 2.1817
0.167472 3 2.18189
0.167279 3 2.18203
0.167086 3 2.18277
0.166892 3 2.18285
0.166699 3 2.18326
0.166506 3 2.1836
0.166312 3 2.18398
0.166119 3 2.18457
0.165925 3 2.1855
0.165732 3 2.18553
0.165539 3 2.18602
0.165345 3 2.18652
0.165152 3 2.1867
0.164958 3 2.18824
0.164765 3 2.18852
0.164572 3 2.18873
0.164378 3 2.18883
0.164185 3 2.19046
0.163991 3 2.19149
0.163991 2 2.19298
0.163798 2 2.19371
0.163605 2 2.19514
0.163411 2 2.19558
0.163218 2 2.19567
0.163025 2 2.1959
0.162831 2 2.19658
0.162638 2 2.19743
0.162444 2 2.19785
0.162251 2 2.19836
0.162058 2 2.19913
0.161864 2 2.19953
0.161671 2 2.19961
0.161477 2 2.20148
0.161284 2 2.2023
0.161091 2 2.2027
0.160897 2 2.20291
0.160704 2 2.20344
0.160511 2 2.20499
0.160317 2 2.20549
0.160124 2 2.20717
0.15993 2 2.20753
0.159737 2 2.20853
0.159544 2 2.21184
0.15935 2 2.21261
0.15935 1 2.21284
0.159157 1 2.21392
0.158963 1 2.21565
0.15877 1 2.21599
0.158577 1 2.21701
0.158383 1 2.21763
0.15819 1 2.2179
0.157997 1 2.2183
0.157803 1 2.2186
0.15761 1 2.22045
0.157416 1 2.22096
0.157223 1 2.22124
0.15703 1 2.22132
0.156836 1 2.22196
0.156643 1 2.222
0.156449 1 2.22203
0.156256 1 2.22533
0.156063 1 2.22534
0.155869 1 2.22701
0.155676 1 2.22778
0.155482 1 2.22782
0.155289 1 2.22802
0.155096 1 2.22833
0.154902 1 2.22902
0.154709 1 2.23047
0.154516 1 2.23187
0.154322 1 2.23223
0.154129 1 2.23286
0.153935 1 2.23326
0.153742 1 2.23382
0.153549 1 2.23504
0.153355 1 2.23537
0.153162 1 2.23557
0.152968 1 2.23566
0.152775 1 2.23668
0.152582 1 2.2376
0.152388 1 2.23913
0.152195 1 2.23996
0.152002 1 2.2407
0.151808 1 2.24088
0.151615 1 2.24106
0.151421 1 2.24134
0.151228 1 2.24141
0.151035 1 2.24147
0.150841 1 2.24149
0.150648 1 2.24219
0.150454 1 2.24247
0.150261 1 2.24258
0.150068 1 2.24337
0.149874 1 2.2435
0.149681 1 2.24402
0.149488 1 2.245
0.149294 1 2.25067
0.149101 1 2.25104
0.148907 1 2.25118
0.148714 1 2.25177
0.148521 1 2.25214
0.148327 1 2.25242
0.148134 1 2.25318
0.14794 1 2.25386
0.147747 1 2.25464
0.147554 1 2.25494
0.14736 1 2.25534
0.147167 1 2.25544
0.146974 1 2.25631
0.14678 1 2.25654
0.146587 1 2.25832
0.146393 1 2.25915
0.1462 1 2.25938
0.146007 1 2.25972
0.145813 1 2.2601
0.14562 1 2.26039
0.145426 1 2.26127
0.145233 1 2.26176
0.14504 1 2.26294
0.144846 1 2.26578
0.144653 1 2.26596
0.144459 1 2.26621
0.144266 1 2.26746
0.144073 1 2.26765
0.143879 1 2.26973
0.143686 1 2.26976
0.143493 1 2.27098
0.143299 1 2.27119
0.143106 1 2.27181
0.142912 1 2.27187
0.142719 1 2.27233
0.142526 1 2.27263
0.142332 1 2.27365
0.142139 1 2.2742
0.141945 1 2.27625
0.141752 1 2.27657
0.141559 1 2.27735
0.141365 1 2.27877
0.141172 1 2.27932
0.140979 1 2.28102
0.140785 1 2.28157
0.140592 1 2.28393
0.140398 1 2.28454
0.140205 1 2.28695
0.140012 1 2.28696
0.139818 1 2.2873
0.139625 1 2.28759
0.139431 1 2.28815
0.139238 1 2.28857
0.139045 1 2.28861
0.138851 1 2.28906
0.138658 1 2.28937
0.138465 1 2.29125
0.138271 1 2.29217
0.138078 1 2.29283
0.137884 1 2.29294
0.137691 1 2.29359
0.137498 1 2.2954
0.137304 1 2.29543
0.137111 1 2.29608
0.136917 1 2.29632
0.136724 1 2.29652
0.136531 1 2.29656
0.136337 1 2.29823
0.136144 1 2.30002
0.13595 1 2.30125
0.135757 1 2.3014
0.135564 1 2.30318
0.13537 1 2.30405
0.135177 1 2.30422
0.134984 1 2.30428
0.13479 1 2.30442
0.134597 1 2.30448
0.134403 1 2.3055
0.13421 1 2.3059
0.134017 1 2.30618
0.133823 1 2.30674
0.13363 1 2.30727
0.133436 1 2.30828
0.133243 1 2.30845
0.13305 1 2.30892
0.132856 1 2.30927
0.132663 1 2.30944
0.13247 1 2.31055
0.132276 1 2.31081
0.132083 1 2.31097
0.131889 1 2.31144
0.131696 1 2.31232
0.131503 1 2.31278
0.131309 1 2.31294
0.131116 1 2.31298
0.130922 1 2.31331
0.130729 1 2.31416
0.130536 1 2.3151
0.130342 1 2.31555
0.130149 1 2.31561
0.129956 1 2.31637
0.129762 1 2.31728
0.129569 1 2.31841
0.129375 1 2.31868
0.129182 1 2.31974
0.128989 1 2.32022
0.128795 1 2.32074
0.128602 1 2.32144
0.128408 1 2.32182
0.128215 1 2.32192
0.128022 1 2.32232
0.127828 1 2.32293
0.127635 1 2.32294
0.127442 1 2.32349
0.127248 1 2.32419
0.127055 1 2.32512
0.126861 1 2.3262
0.126668 1 2.32651
0.126475 1 2.3272
0.126281 1 2.32727
0.126088 1 2.32728
0.125894 1 2.32736
0.125701 1 2.3274
0.125508 1 2.32786
0.125314 1 2.32907
0.125121 1 2.32909
0.124927 1 2.3292
0.124734 1 2.32935
0.124541 1 2.331
0.124347 1 2.33187
0.124154 1 2.33273
0.123961 1 2.33319
0.123767 1 2.33396
0.123574 1 2.3342
0.12338 1 2.33452
0.123187 1 2.33462
0.122994 1 2.33528
0.1228 1 2.33716
0.122607 1 2.33732
0.122413 1 2.33824
0.12222 1 2.3389
0.122027 1 2.33895
0.121833 1 2.33898
0.12164 1 2.33904
0.121447 1 2.33949
0.121253 1 2.33959
0.12106 1 2.33972
0.120866 1 2.3412
0.120673 1 2.34143
0.12048 1 2.34172
0.120286 1 2.34173
0.120093 1 2.3443
0.119899 1 2.34437
0.119706 1 2.34533
0.119513 1 2.34583
0.119319 1 2.34597
0.119126 1 2.3465
0.118933 1 2.34744
0.118739 1 2.349
0.118546 1 2.34961
0.118352 1 2.34962
0.118159 1 2.34973
0.117966 1 2.35045
0.117772 1 2.35071
0.117579 1 2.35155
0.117385 1 2.35353
0.117192 1 2.35389
0.116999 1 2.35502
0.116805 1 2.35529
0.116612 1 2.35561
0.116418 1 2.35609
0.116225 1 2.35753
0.116032 1 2.35884
0.115838 1 2.36147
0.115645 1 2.36193
0.115452 1 2.36243
0.115258 1 2.36277
0.115065 1 2.3644
0.114871 1 2.36475
0.114678 1 2.36573
0.114485 1 2.36663
0.114291 1 2.36782
0.114098 1 2.36785
0.113904 1 2.36789
0.113711 1 2.36815
0.113518 1 2.36833
0.113324 1 2.36864
0.113131 1 2.36929
0.112938 1 2.37105
0.112744 1 2.37108
0.112551 1 2.37201
0.112357 1 2.37337
0.112164 1 2.37357
0.111971 1 2.37369
0.111777 1 2.37439
0.111584 1 2.37488
0.11139 1 2.37537
0.111197 1 2.37545
0.111004 1 2.37592
0.11081 1 2.37635
0.110617 1 2.37804
0.110424 1 2.37952
0.11023 1 2.37957
0.110037 1 2.38174
0.109843 1 2.38181
0.109457 1 2.38396
0.109263 1 2.3842
0.10907 1 2.38467
0.108876 1 2.38592
0.108683 1 2.38596
0.10849 1 2.38653
0.108296 1 2.38692
0.108103 1 2.38844
0.107909 1 2.38849
0.107716 1 2.39045
0.107523 1 2.39058
0.107329 1 2.39197
0.107136 1 2.39208
0.106943 1 2.39282
0.106749 1 2.393
0.106556 1 2.39352
0.106362 1 2.39439
0.106169 1 2.39452
0.105976 1 2.39715
0.105782 1 2.39945
0.105589 1 2.3999
0.105395 1 2.40172
0.105202 1 2.40181
0.105009 1 2.40197
0.104815 1 2.40275
0.104622 1 2.40277
0.104429 1 2.40329
0.104235 1 2.40402
0.104042 1 2.40613
0.103848 1 2.4065
0.103655 1 2.40729
0.103462 1 2.40768
0.103268 1 2.40823
0.103075 1 2.40844
0.102881 1 2.40865
0.102688 1 2.40912
0.102495 1 2.41008
0.102301 1 2.41031
0.102108 1 2.41043
0.101915 1 2.41218
0.101721 1 2.41335
0.101528 1 2.41567
0.101334 1 2.41586
0.101141 1 2.41602
0.100948 1 2.41644
0.100754 1 2.41649
0.100561 1 2.41825
0.100367 1 2.41828
0.100174 1 2.41849
0.0999807 1 2.41891
0.0997873 1 2.42057
0.0995939 1 2.42112
0.0994005 1 2.42254
0.0992071 1 2.42286
0.0990137 1 2.42643
0.0988203 1 2.42696
0.098627 1 2.42712
0.0984336 1 2.4285
0.0982402 1 2.42981
0.0980468 1 2.43033
0.0978534 1 2.43037
0.09766 1 2.43039
0.0974666 1 2.43094
0.0972733 1 2.43132
0.0970799 1 2.43155
0.0968865 1 2.43189
0.0966931 1 2.43253
0.0964997 1 2.43299
0.0963063 1 2.43358
0.0961129 1 2.43477
0.0959196 1 2.43611
0.0957262 1 2.43671
0.0955328 1 2.43705
0.0953394 1 2.43763
0.095146 1 2.43832
0.0949526 1 2.44008
0.0947592 1 2.44148
0.0945658 1 2.44409
0.0943725 1 2.4441
0.0941791 1 2.44442
0.0939857 1 2.4457
0.0937923 1 2.44595
0.0935989 1 2.44707
0.0934055 1 2.44814
0.0932121 1 2.44957
0.0930188 1 2.45149
0.0928254 1 2.45181
0.092632 1 2.45279
0.0924386 1 2.45342
0.0922452 1 2.45369
0.0920518 1 2.4537
0.0918584 1 2.45382
0.0916651 1 2.45512
0.0914717 1 2.45621
0.0912783 1 2.45774
0.0910849 1 2.45948
0.0908915 1 2.45988
0.0906981 1 2.46008
0.0905047 1 2.46218
0.0903114 1 2.46271
0.090118 1 2.4632
0.0899246 1 2.46354
0.0897312 1 2.46429
0.0895378 1 2.46611
0.0893444 1 2.46624
0.089151 1 2.46974
0.0889576 1 2.46981
0.0887643 1 2.46986
0.0885709 1 2.47027
0.0883775 1 2.4708
0.0881841 1 2.47178
0.0879907 1 2.47184
0.0877973 1 2.4726
0.0876039 1 2.47342
0.0874106 1 2.47384
0.0872172 1 2.47544
0.0870238 1 2.47648
0.0868304 1 2.47803
0.086637 1 2.47864
0.0864436 1 2.47996
0.0862502 1 2.48162
0.0860569 1 2.48203
0.0858635 1 2.48252
0.0856701 1 2.48307
0.0854767 1 2.48355
0.0852833 1 2.48513
0.0850899 1 2.48613
0.0848965 1 2.48889
0.0847032 1 2.489
0.0845098 1 2.48913
0.0843164 1 2.48961
0.084123 1 2.49203
0.0839296 1 2.49351
0.0837362 1 2.49365
0.0835428 1 2.49588
0.0833494 1 2.49661
0.0831561 1 2.49689
0.0829627 1 2.49743
0.0827693 1 2.4977
0.0825759 1 2.49845
0.0823825 1 2.49876
0.0821891 1 2.4989
0.0819957 1 2.49901
0.0818024 1 2.50143
0.081609 1 2.50268
0.0812222 1 2.50324
0.0810288 1 2.50347
0.0808354 1 2.50367
0.080642 1 2.50547
0.0804487 1 2.50565
0.0802553 1 2.50593
0.0800619 1 2.50896
0.0798685 1 2.50922
0.0796751 1 2.51204
0.0794817 1 2.51324
0.0792883 1 2.51384
0.079095 1 2.51478
0.0789016 1 2.51496
0.0787082 1 2.51605
0.0785148 1 2.51658
0.0783214 1 2.51779
0.078128 1 2.51784
0.0779346 1 2.51914
0.0777412 1 2.51991
0.0773545 1 2.52115
0.0771611 1 2.52122
0.0769677 1 2.5213
0.0767743 1 2.52247
0.0765809 1 2.52273
0.0763875 1 2.52807
0.0761942 1 2.52864
0.0760008 1 2.52928
0.0758074 1 2.53083
0.075614 1 2.53295
0.0754206 1 2.53458
0.0752272 1 2.53521
0.0750338 1 2.53687
0.0748405 1 2.53726
0.0746471 1 2.53864
0.0744537 1 2.54051
0.0742603 1 2.54148
0.0740669 1 2.54258
0.0738735 1 2.54418
0.0736801 1 2.54448
0.0734868 1 2.54533
0.0732934 1 2.5477
0.0731 1 2.54896
0.0729066 1 2.55034
0.0727132 1 2.55213
0.0725198 1 2.55236
0.0723264 1 2.55321
0.072133 1 2.55691
0.0719397 1 2.55921
0.0717463 1 2.56108
0.0715529 1 2.56134
0.0713595 1 2.56147
0.0711661 1 2.56192
0.0709727 1 2.56488
0.0707793 1 2.56503
0.070586 1 2.56549
0.0703926 1 2.56665
0.0701992 1 2.56747
0.0700058 1 2.5676
0.0698124 1 2.56844
0.069619 1 2.56902
0.0694256 1 2.57034
0.0692323 1 2.57238
0.0690389 1 2.57447
0.0688455 1 2.57561
0.0686521 1 2.57691
0.0684587 1 2.57792
0.0682653 1 2.58125
0.0680719 1 2.58377
0.0678786 1 2.58739
0.0676852 1 2.58801
0.0674918 1 2.5885
0.0672984 1 2.59088
0.067105 1 2.59236
0.0669116 1 2.5965
0.0667182 1 2.59793
0.0665249 1 2.60082
0.0663315 1 2.60093
0.0661381 1 2.60101
0.0659447 1 2.6014
0.0657513 1 2.60315
0.0655579 1 2.60335
0.0653645 1 2.60351
0.0651711 1 2.60428
0.0649778 1 2.605
0.0647844 1 2.60527
0.064591 1 2.60768
0.0643976 1 2.60923
0.0642042 1 2.60965
0.0640108 1 2.60996
0.0638174 1 2.61204
0.0636241 1 2.61298
0.0634307 1 2.61518
0.0632373 1 2.61543
0.0630439 1 2.61609
0.0628505 1 2.61683
0.0626571 1 2.61774
0.0624637 1 2.61908
0.0622704 1 2.61993
0.062077 1 2.62152
0.0618836 1 2.62194
0.0616902 1 2.62481
0.0614968 1 2.62517
0.0613034 1 2.62531
0.06111 1 2.62624
0.0609167 1 2.62638
0.0607233 1 2.62659
0.0605299 1 2.62717
0.0603365 1 2.62747
0.0601431 1 2.62811
0.0599497 1 2.63061
0.0597563 1 2.6322
0.0595629 1 2.63344
0.0593696 1 2.63369
0.0591762 1 2.63674
0.0589828 1 2.63722
0.0587894 1 2.63919
0.058596 1 2.63978
0.0584026 1 2.64143
0.0582092 1 2.64144
0.0580159 1 2.64207
0.0578225 1 2.64223
0.0576291 1 2.64271
0.0574357 1 2.64476
0.0572423 1 2.64642
0.0570489 1 2.64689
0.0568555 1 2.64709
0.0566622 1 2.64798
0.0564688 1 2.64831
0.0562754 1 2.64931
0.056082 1 2.64957
0.0558886 1 2.64982
0.0556952 1 2.64994
0.0555018 1 2.65033
0.0553085 1 2.65129
0.0551151 1 2.65212
0.0549217 1 2.65228
0.0547283 1 2.65557
0.0545349 1 2.65568
0.0543415 1 2.65574
0.0541481 1 2.65791
0.0539547 1 2.65928
0.0537614 1 2.66259
0.053568 1 2.66364
0.0533746 1 2.66457
0.0531812 1 2.66704
0.0529878 1 2.66756
0.0527944 1 2.6686
0.052601 1 2.66876
0.0524077 1 2.6695
0.0522143 1 2.67238
0.0520209 1 2.67508
0.0518275 1 2.67802
0.0516341 1 2.67824
0.0514407 1 2.67917
0.0512473 1 2.68411
0.051054 1 2.68429
0.0508606 1 2.68561
0.0506672 1 2.68649
0.0504738 1 2.69044
0.0502804 1 2.69196
0.050087 1 2.69469
0.0498936 1 2.69491
0.0497003 1 2.69606
0.0495069 1 2.69737
0.0493135 1 2.69755
0.0491201 1 2.69781
0.0489267 1 2.69933
0.0487333 1 2.69994
0.0485399 1 2.69995
0.0483465 1 2.70327
0.0481532 1 2.70482
0.0479598 1 2.70562
0.0477664 1 2.70625
0.047573 1 2.7076
0.0473796 1 2.70962
0.0471862 1 2.71101
0.0469928 1 2.71168
0.0467995 1 2.71778
0.0466061 1 2.71885
0.0464127 1 2.71907
0.0462193 1 2.71992
0.0460259 1 2.72013
0.0458325 1 2.72046
0.0456391 1 2.7217
0.0454458 1 2.72339
0.0452524 1 2.72405
0.045059 1 2.72736
0.0448656 1 2.73012
0.0446722 1 2.73044
0.0446722 0 2.73167
0.0444788 0 2.73197
0.0442854 0 2.73253
0.0440921 0 2.73395
0.0438987 0 2.73697
0.0437053 0 2.73862
0.0435119 0 2.73929
0.0433185 0 2.74124
0.0431251 0 2.74218
0.0429317 0 2.74395
0.0427383 0 2.75145
0.042545 0 2.75952
0.0423516 0 2.76019
0.0421582 0 2.76142
0.0419648 0 2.76193
0.0417714 0 2.76194
0.041578 0 2.76281
0.0413846 0 2.76598
0.0411913 0 2.76655
0.0409979 0 2.76658
0.0408045 0 2.76696
0.0406111 0 2.76903
0.0404177 0 2.77222
0.0402243 0 2.77453
0.0400309 0 2.77655
0.0398376 0 2.77669
0.0396442 0 2.77675
0.0394508 0 2.77877
0.0392574 0 2.78124
0.039064 0 2.7823
0.0388706 0 2.78926
0.0386772 0 2.7941
0.0384839 0 2.79507
0.0382905 0 2.7955
0.0380971 0 2.79738
0.0379037 0 2.80049
0.0377103 0 2.80069
0.0375169 0 2.80096
0.0373235 0 2.80171
0.0371301 0 2.80471
0.0369368 0 2.80546
0.0367434 0 2.81095
0.03655 0 2.81185
0.0363566 0 2.81549
0.0361632 0 2.8157
0.0359698 0 2.82013
0.0357764 0 2.82062
0.0355831 0 2.82162
0.0353897 0 2.82227
0.0351963 0 2.82322
0.0350029 0 2.82834
0.0348095 0 2.83389
0.0346161 0 2.83431
0.0344227 0 2.83708
0.0342294 0 2.83851
0.034036 0 2.83989
0.0338426 0 2.8422
0.0336492 0 2.84221
0.0334558 0 2.84774
0.0332624 0 2.85332
0.033069 0 2.85383
0.0328757 0 2.86008
0.0326823 0 2.86278
0.0324889 0 2.8633
0.0322955 0 2.86351
0.0321021 0 2.86488
0.0319087 0 2.86827
0.0317153 0 2.86893
0.0315219 0 2.86918
0.0313286 0 2.87074
0.0311352 0 2.87545
0.0309418 0 2.87551
0.0307484 0 2.87769
0.030555 0 2.87913
0.0303616 0 2.87916
0.0301682 0 2.88139
0.0299749 0 2.88259
0.0297815 0 2.88715
0.0295881 0 2.88867
0.0293947 0 2.88946
0.0292013 0 2.89208
0.0290079 0 2.89294
0.0288145 0 2.89625
0.0286212 0 2.89962
0.0284278 0 2.89984
0.0282344 0 2.90007
0.028041 0 2.90037
0.0278476 0 2.90507
0.0276542 0 2.90612
0.0274608 0 2.9085
0.0272675 0 2.90907
0.0270741 0 2.90921
0.0268807 0 2.91071
0.0266873 0 2.91628
0.0264939 0 2.92024
0.0263005 0 2.92125
0.0261071 0 2.92503
0.0259137 0 2.9273
0.0257204 0 2.93064
0.025527 0 2.93214
0.0253336 0 2.93342
0.0251402 0 2.93397
0.0249468 0 2.93848
0.0247534 0 2.94079
0.02456 0 2.94381
0.0243667 0 2.94733
0.0241733 0 2.94779
0.0239799 0 2.9487
0.0237865 0 2.94892
0.0235931 0 2.95244
0.0233997 0 2.95935
0.0232063 0 2.96655
0.023013 0 2.9681
0.0228196 0 2.96945
0.0226262 0 2.97059
0.0224328 0 2.97486
0.0222394 0 2.97893
0.022046 0 2.98233
0.0218526 0 2.98379
0.0216593 0 2.9838
0.0212725 0 2.98642
0.0210791 0 2.9876
0.0208857 0 2.99093
0.0206923 0 3.00139
0.0204989 0 3.00264
0.0203056 0 3.00751
0.0201122 0 3.00929
0.0199188 0 3.0094
0.0197254 0 3.01047
0.019532 0 3.01399
0.0193386 0 3.01752
0.0191452 0 3.01837
0.0189518 0 3.01851
0.0187585 0 3.0212
0.0185651 0 3.02762
0.0183717 0 3.03081
0.0181783 0 3.03202
0.0179849 0 3.03205
0.0177915 0 3.03282
0.0175981 0 3.0343
0.0174048 0 3.03436
0.0172114 0 3.03462
0.017018 0 3.04017
0.0168246 0 3.04132
0.0166312 0 3.06092
0.0164378 0 3.0684
0.0162444 0 3.07276
0.0160511 0 3.07425
0.0158577 0 3.07523
0.0156643 0 3.10155
0.0152775 0 3.10422
0.0150841 0 3.10495
0.0148907 0 3.10826
0.0146974 0 3.12426
0.014504 0 3.12866
0.0143106 0 3.12933
0.0141172 0 3.13215
0.0139238 0 3.13239
0.0137304 0 3.13692
0.013537 0 3.15037
0.0133436 0 3.15361
0.0131503 0 3.15376
0.0129569 0 3.16545
0.0127635 0 3.16592
0.0125701 0 3.17998
0.0123767 0 3.18323
0.0121833 0 3.18474
0.0119899 0 3.20485
0.0117966 0 3.20489
0.0116032 0 3.21238
0.0114098 0 3.21495
0.0112164 0 3.22692
0.011023 0 3.23042
0.0108296 0 3.23317
0.0106362 0 3.23866
0.0104429 0 3.24086
0.0102495 0 3.24337
0.0100561 0 3.2576
0.0098627 0 3.26665
0.00966931 0 3.27206
0.00947592 0 3.27996
0.00928254 0 3.2934
0.00908915 0 3.29591
0.00889576 0 3.29823
0.00870238 0 3.31466
0.00850899 0 3.34881
0.00831561 0 3.35785
0.00812222 0 3.36244
0.00792883 0 3.37261
0.00773545 0 3.38493
0.00754206 0 3.39016
0.00734868 0 3.39713
0.00715529 0 3.40153
0.0069619 0 3.40239
0.00676852 0 3.40657
0.00657513 0 3.40807
0.00618836 0 3.41118
0.00599497 0 3.4162
0.00580159 0 3.42334
0.0056082 0 3.44479
0.00541481 0 3.45635
0.00522143 0 3.4748
0.00502804 0 3.49136
0.00483465 0 3.5455
0.00464127 0 3.54919
0.00444788 0 3.55718
0.0042545 0 3.56344
0.00406111 0 3.57003
0.00386772 0 3.57658
0.00367434 0 3.58875
0.00348095 0 3.59047
0.00328757 0 3.62951
0.00309418 0 3.63362
0.00290079 0 3.63886
0.00270741 0 3.64267
0.00251402 0 3.70461
0.00232063 0 3.71184
0.00212725 0 3.72251
0.00193386 0 3.73403
0.00174048 0 3.74626
0.00154709 0 3.78358
0.0013537 0 3.831
0.00116032 0 3.91206
0.000966931 0 3.95734
0.000773545 0 4.01083
0.000580159 0 4.03763
0.000386772 0 4.30502
0.000193386 0 4.47426
0 0 1.79769e+308
