0.503633 351
0.50354 350
0.50354 349
0.50354 348
0.5034 348
0.5034 347
0.5034 346
0.503295 346
0.503185 346
0.503185 345
0.50308 345
0.502991 344
0.502868 344
0.502868 343
0.502868 342
0.502868 341
0.502868 340
0.502868 339
0.502862 338
0.502862 337
0.502862 336
0.502862 335
0.502862 334
0.502862 333
0.502729 333
0.502586 333
0.502461 333
0.502461 332
0.502461 331
0.502461 330
0.502425 329
0.502325 329
0.502325 328
0.502325 327
0.502193 327
0.502193 326
0.502193 325
0.502085 325
0.502085 324
0.502085 323
0.501983 323
0.501983 322
0.501983 321
0.501983 320
0.501983 319
0.501983 318
0.501983 317
0.501869 317
0.50175 317
0.50175 316
0.50175 315
0.50175 314
0.50175 313
0.50175 312
0.50175 311
0.501622 311
0.501483 311
0.501352 311
0.501352 310
0.501352 309
0.501352 308
0.501352 307
0.501352 306
0.50124 306
0.50124 305
0.50124 304
0.50124 303
0.50124 302
0.50124 301
0.50124 300
0.50124 299
0.50124 298
0.50124 297
0.501096 297
0.500982 297
0.500871 297
0.500871 296
0.500871 295
0.500871 294
0.500774 294
0.500774 293
0.500774 292
0.500772 291
0.50065 291
0.500552 291
0.500415 291
0.500304 291
0.500304 290
0.500304 289
0.500304 288
0.500304 287
0.500149 287
0.50004 287
0.50004 286
0.499898 286
0.499898 285
0.499898 284
0.499898 283
0.499773 283
0.499656 283
0.499656 282
0.499408 282
0.499301 282
0.499301 281
0.499301 280
0.499174 280
0.499174 279
0.499041 279
0.498926 279
0.498926 278
0.498821 278
0.49869 278
0.49869 277
0.49869 276
0.49869 275
0.498571 275
0.498462 275
0.498462 274
0.498462 273
0.498346 273
0.498346 272
0.498346 271
0.498222 271
0.498107 271
0.498107 270
0.49809 269
0.497954 269
0.497954 268
0.497859 267
0.497859 266
0.497713 266
0.497586 266
0.497586 265
0.497484 265
0.497484 264
0.497484 263
0.49734 263
0.49734 262
0.497233 262
0.4971 262
0.4971 261
0.4971 260
0.496982 260
0.496975 259
0.49686 259
0.49686 258
0.49686 257
0.49686 256
0.49686 255
0.49686 254
0.49686 253
0.49686 252
0.496751 252
0.496643 252
0.496643 251
0.496483 251
0.496483 250
0.496483 249
0.496363 249
0.496252 249
0.496252 247
0.496252 246
0.496252 245
0.496252 244
0.496252 243
0.496252 242
0.496252 241
0.496152 241
0.496121 240
0.496121 239
0.496121 238
0.495973 238
0.495868 238
0.495738 238
0.495738 237
0.495738 236
0.495618 236
0.495491 236
0.495491 235
0.495491 234
0.495419 233
0.495419 232
0.495405 231
0.49528 231
0.49528 230
0.49528 229
0.495135 229
0.495135 228
0.495135 227
0.495013 227
0.495013 226
0.494882 226
0.494882 225
0.494781 225
0.494781 224
0.494656 224
0.494656 223
0.494537 223
0.494537 222
0.494537 221
0.494425 221
0.494337 220
0.49419 220
0.49419 219
0.49409 219
0.494012 218
0.493916 217
0.493782 217
0.493667 217
0.493568 217
0.493568 216
0.493419 216
0.493419 215
0.493297 215
0.493297 214
0.493164 214
0.493164 213
0.493046 213
0.493046 212
0.492922 212
0.492922 211
0.492824 211
0.492824 210
0.492824 209
0.492719 209
0.492617 209
0.492617 208
0.492499 208
0.492499 207
0.492499 206
0.492499 205
0.492374 205
0.492374 204
0.492374 203
0.492248 203
0.492139 203
0.492139 202
0.49204 202
0.49204 201
0.49204 200
0.491906 200
0.491782 200
0.491782 199
0.491662 199
0.491548 199
0.491548 198
0.491437 198
0.491437 197
0.491437 196
0.491306 196
0.491306 195
0.491164 195
0.491164 194
0.491164 193
0.491164 192
0.491164 191
0.491164 190
0.491164 189
0.491164 188
0.491164 187
0.491164 186
0.491045 186
0.490923 186
0.490923 185
0.490923 184
0.490783 184
0.490783 183
0.490783 182
0.490783 181
0.490664 181
0.490664 180
0.490664 179
0.490577 178
0.490577 177
0.490577 176
0.490577 175
0.490476 175
0.490476 174
0.490355 174
0.490355 173
0.490291 172
0.490175 172
0.490175 171
0.490175 170
0.490175 169
0.490061 169
0.490061 168
0.490061 167
0.490061 166
0.490061 165
0.490061 164
0.489948 164
0.489838 164
0.489838 163
0.489708 163
0.489579 163
0.489579 162
0.489461 162
0.489326 162
0.489204 162
0.489084 162
0.489084 161
0.489084 160
0.489084 159
0.489084 158
0.489084 157
0.488961 157
0.488846 157
0.488718 157
0.488599 157
0.488475 157
0.488475 156
0.488337 156
0.488337 155
0.488337 154
0.488211 154
0.488211 153
0.488085 153
0.487959 153
0.487816 153
0.487685 153
0.487585 153
0.487472 153
0.487354 153
0.487251 153
0.487138 153
0.487011 153
0.486886 153
0.486742 153
0.486729 152
0.486729 151
0.486729 150
0.486625 150
0.486518 150
0.486413 150
0.486413 149
0.486284 149
0.486284 148
0.486153 148
0.486017 148
0.485897 148
0.485772 148
0.485772 147
0.485669 147
0.485538 147
0.485443 146
0.485335 146
0.485186 146
0.485061 146
0.484947 146
0.484947 145
0.484837 145
0.484837 144
0.484837 143
0.484837 142
0.484713 142
0.484569 142
0.484446 142
0.484446 141
0.484322 141
0.484211 141
0.484211 140
0.484111 140
0.483995 140
0.483906 139
0.483906 138
0.483784 138
0.483784 137
0.483649 137
0.483506 137
0.483402 137
0.483402 136
0.483402 135
0.483286 135
0.483286 134
0.483153 134
0.483153 133
0.483153 132
0.483015 132
0.482902 132
0.482783 132
0.482783 131
0.482783 130
0.482783 129
0.48262 129
0.482618 128
0.482618 127
0.482496 127
0.4824 126
0.482283 126
0.482156 126
0.482045 126
0.481937 126
0.48182 126
0.481694 126
0.481694 125
0.481582 125
0.481446 125
0.481313 125
0.481193 125
0.481055 125
0.480928 125
0.480824 125
0.480707 125
0.480656 124
0.480656 123
0.480656 122
0.480556 122
0.480556 121
0.480441 121
0.480441 120
0.4803 120
0.480191 120
0.480056 120
0.480056 119
0.480056 118
0.479926 118
0.479782 118
0.47965 118
0.479509 118
0.479509 117
0.479509 116
0.479401 116
0.479282 116
0.479159 116
0.479159 115
0.479049 115
0.478959 114
0.478843 114
0.478843 113
0.478715 113
0.478622 112
0.478622 111
0.47852 111
0.478408 111
0.478285 111
0.478285 110
0.478136 110
0.478111 109
0.477993 109
0.477993 108
0.477862 108
0.477719 108
0.477637 107
0.47751 107
0.477383 107
0.477267 107
0.477267 106
0.47715 106
0.477018 106
0.477018 105
0.477018 104
0.477018 103
0.476898 103
0.476776 103
0.476776 102
0.476776 101
0.476662 101
0.476662 100
0.476556 100
0.476459 100
0.476333 100
0.476333 99
0.476234 99
0.476234 98
0.476092 98
0.47596 98
0.475845 98
0.475727 98
0.475596 98
0.475476 98
0.475349 98
0.475349 97
0.475349 96
0.47525 96
0.47525 95
0.47525 94
0.475182 93
0.47506 93
0.47506 92
0.474941 92
0.474846 91
0.474739 91
0.474638 91
0.474638 90
0.474509 90
0.474396 90
0.474294 90
0.474294 89
0.474294 88
0.474154 88
0.474045 88
0.474045 87
0.473941 87
0.473941 86
0.473848 85
0.473739 85
0.473739 84
0.473739 83
0.473739 82
0.473642 81
0.473525 81
0.473398 81
0.473265 81
0.473147 81
0.473147 80
0.473147 79
0.473013 79
0.472869 79
0.472746 79
0.472625 79
0.472625 78
0.47252 78
0.472394 78
0.472394 77
0.472268 77
0.47216 77
0.472029 77
0.47189 77
0.47174 77
0.47174 76
0.471629 76
0.471503 76
0.471364 76
0.471239 76
0.471098 76
0.470956 76
0.470956 75
0.470825 75
0.47069 75
0.470636 74
0.470519 74
0.470519 73
0.470394 73
0.470269 73
0.470136 73
0.469993 73
0.469874 73
0.469765 73
0.469624 73
0.469501 73
0.469501 72
0.469402 72
0.469279 72
0.46917 72
0.469044 72
0.468923 72
0.468798 72
0.468689 72
0.468689 71
0.468581 71
0.46844 71
0.468307 71
0.468181 71
0.468049 71
0.467931 71
0.467931 70
0.467795 70
0.467787 69
0.467787 68
0.467657 68
0.467529 68
0.467529 67
0.467406 67
0.467298 67
0.467191 67
0.467057 67
0.46694 67
0.46694 66
0.466833 66
0.466699 66
0.466561 66
0.466472 65
0.466472 64
0.46636 64
0.466239 64
0.466133 64
0.466006 64
0.46588 64
0.465785 63
0.465665 63
0.465545 63
0.465545 62
0.465545 61
0.465431 61
0.465292 61
0.465178 61
0.465053 61
0.464934 61
0.464819 61
0.46469 61
0.46469 60
0.464542 60
0.464436 60
0.464436 59
0.464314 59
0.464314 58
0.464185 58
0.464075 58
0.463946 58
0.463832 58
0.463704 58
0.463704 57
0.463587 57
0.463458 57
0.463339 57
0.463339 56
0.463223 56
0.463086 56
0.463086 55
0.462961 55
0.462875 54
0.462751 54
0.462751 53
0.462638 53
0.462523 53
0.462395 53
0.462269 53
0.462154 53
0.462023 53
0.461888 53
0.461888 52
0.461762 52
0.461609 52
0.461491 52
0.46138 52
0.46138 51
0.461269 51
0.461139 51
0.461019 51
0.460891 51
0.460777 51
0.460649 51
0.460524 51
0.460409 51
0.460308 51
0.460186 51
0.46005 51
0.459929 51
0.45983 51
0.459717 51
0.4596 51
0.459489 51
0.459381 51
0.459243 51
0.459159 50
0.459077 49
0.458959 49
0.458826 49
0.458826 48
0.458704 48
0.458557 48
0.458425 48
0.458316 48
0.458188 48
0.45809 48
0.45798 48
0.457874 48
0.457874 47
0.457754 47
0.457622 47
0.457491 47
0.457364 47
0.457244 47
0.457125 47
0.457001 47
0.456874 47
0.456767 47
0.456663 47
0.456559 47
0.456428 47
0.456325 47
0.456197 47
0.456097 47
0.455963 47
0.455846 47
0.455724 47
0.45561 47
0.455464 47
0.455359 47
0.455253 47
0.455159 46
0.45504 46
0.454908 46
0.454785 46
0.454655 46
0.454545 46
0.454423 46
0.454304 46
0.454196 46
0.454095 46
0.453961 46
0.453815 46
0.453683 46
0.453564 46
0.453465 46
0.453337 46
0.453211 46
0.453094 46
0.452979 46
0.452865 46
0.452738 46
0.452738 45
0.452607 45
0.45251 44
0.452398 44
0.452273 44
0.452149 44
0.452005 44
0.451881 44
0.451749 44
0.451629 44
0.451501 44
0.451373 44
0.451266 44
0.451154 44
0.451041 44
0.450925 44
0.450815 44
0.45071 44
0.450594 44
0.450492 44
0.450388 44
0.450259 44
0.45011 44
0.450027 43
0.449926 43
0.44979 43
0.449663 43
0.449561 43
0.449431 43
0.449431 42
0.449302 42
0.449204 42
0.449204 41
0.449204 40
0.449074 40
0.448968 40
0.448864 40
0.448736 40
0.448612 40
0.448498 40
0.44838 40
0.448261 40
0.44814 40
0.448035 40
0.447911 40
0.447789 40
0.447669 40
0.44753 40
0.447404 40
0.447288 40
0.447193 39
0.447057 39
0.44695 39
0.446836 39
0.446715 39
0.446592 39
0.446466 39
0.44634 39
0.446214 39
0.446089 39
0.445977 39
0.445858 39
0.445742 39
0.445607 39
0.445484 39
0.445362 39
0.445236 39
0.445103 39
0.44498 39
0.44489 38
0.44489 37
0.444778 37
0.444778 36
0.444778 35
0.444662 35
0.444533 35
0.44442 35
0.44428 35
0.44417 35
0.444046 35
0.44394 35
0.443841 35
0.443714 35
0.443617 34
0.443497 34
0.443355 34
0.443222 34
0.443106 34
0.443005 34
0.442869 34
0.44273 34
0.442615 34
0.442485 34
0.442356 34
0.442259 34
0.442136 34
0.442016 34
0.441887 34
0.441758 34
0.441646 34
0.44152 34
0.441386 34
0.441245 34
0.441113 34
0.440992 34
0.440896 33
0.440762 33
0.44066 33
0.440513 33
0.440395 33
0.440263 33
0.440158 33
0.440044 33
0.43992 33
0.439813 33
0.439701 33
0.439584 33
0.43957 32
0.439444 32
0.439319 32
0.439189 32
0.43906 32
0.438927 32
0.438815 32
0.438697 32
0.438583 32
0.438457 32
0.438338 32
0.438235 32
0.438129 32
0.438004 32
0.43789 32
0.437763 32
0.437635 32
0.437517 32
0.437395 32
0.437281 32
0.437161 32
0.437048 32
0.436941 32
0.436806 32
0.436688 32
0.436566 32
0.436433 32
0.436319 32
0.436187 32
0.436187 31
0.436048 31
0.435921 31
0.435788 31
0.435663 31
0.435554 31
0.435446 31
0.435329 31
0.435211 31
0.435085 31
0.434965 31
0.434848 31
0.434696 31
0.434587 31
0.434459 31
0.434363 30
0.434239 30
0.434116 30
0.433853 30
0.433715 30
0.433581 30
0.433446 30
0.433323 30
0.433179 30
0.433058 30
0.432926 30
0.432796 30
0.432685 30
0.432579 30
0.432456 30
0.432342 30
0.432215 30
0.432091 30
0.431967 30
0.431852 30
0.43174 30
0.431625 30
0.431501 30
0.431371 30
0.431244 30
0.431129 30
0.431011 30
0.430898 30
0.430779 30
0.430666 30
0.430544 30
0.430424 30
0.430292 30
0.430166 30
0.430166 29
0.430017 29
0.429894 29
0.429765 29
0.429646 29
0.429521 29
0.42941 29
0.429281 29
0.429147 29
0.429037 29
0.428909 29
0.428786 29
0.428671 29
0.428539 29
0.428423 29
0.4283 29
0.428163 29
0.42806 29
0.42793 29
0.427808 29
0.427693 29
0.427573 29
0.427455 29
0.427324 29
0.427215 29
0.4271 29
0.42699 29
0.426861 29
0.426735 29
0.426632 29
0.42651 29
0.426392 29
0.426272 29
0.426153 29
0.426008 29
0.425873 29
0.425743 29
0.425604 29
0.425478 29
0.425362 29
0.425234 29
0.425116 29
0.42501 29
0.424904 29
0.42477 29
0.424644 29
0.4245 29
0.424365 29
0.424257 29
0.424128 29
0.424012 29
0.423904 29
0.423791 29
0.423652 29
0.423529 29
0.423396 29
0.42327 29
0.423145 29
0.423025 29
0.422908 29
0.422795 29
0.422694 29
0.422585 29
0.422487 29
0.422373 29
0.422255 29
0.422147 29
0.422029 29
0.421918 29
0.421783 29
0.421656 29
0.421549 29
0.421418 29
0.421291 29
0.421169 29
0.421034 29
0.420898 29
0.420765 29
0.420646 29
0.420518 29
0.420396 29
0.420267 29
0.420146 29
0.420044 29
0.419921 29
0.419815 29
0.41969 29
0.419577 29
0.419463 29
0.419345 29
0.419228 29
0.419104 29
0.418982 29
0.418848 29
0.418732 29
0.418609 29
0.418509 29
0.418375 29
0.418249 29
0.418121 29
0.418003 29
0.417875 29
0.41776 29
0.417644 29
0.417534 29
0.417422 29
0.417314 29
0.417198 29
0.417074 29
0.416959 29
0.416847 29
0.416727 29
0.416606 29
0.416503 29
0.416392 29
0.416302 28
0.416174 28
0.416045 28
0.415934 28
0.415792 28
0.415668 28
0.415551 28
0.415426 28
0.415286 28
0.415163 28
0.415041 28
0.414913 28
0.4148 28
0.41469 28
0.414571 28
0.414449 28
0.414354 27
0.414234 27
0.414124 27
0.414016 27
0.413909 27
0.413787 27
0.413679 27
0.413568 27
0.413433 27
0.413308 27
0.413181 27
0.413046 27
0.412899 27
0.412763 27
0.412637 27
0.412538 27
0.412423 27
0.412291 27
0.412173 27
0.412057 27
0.411946 27
0.411844 27
0.411714 27
0.411606 27
0.411499 27
0.411378 27
0.411378 26
0.41123 26
0.411105 26
0.410971 26
0.41085 26
0.410731 26
0.410601 26
0.410483 26
0.41035 26
0.410251 26
0.410137 26
0.409998 26
0.409881 26
0.409745 26
0.409629 26
0.409496 26
0.409382 26
0.409284 26
0.409167 26
0.409052 26
0.408926 26
0.408805 26
0.408684 26
0.408565 26
0.408565 25
0.408447 25
0.408326 25
0.408086 25
0.407975 25
0.407847 25
0.407727 25
0.407618 25
0.407474 25
0.407348 25
0.407247 25
0.407125 25
0.406998 25
0.406859 25
0.406738 25
0.406608 25
0.406483 25
0.406344 25
0.406213 25
0.406121 24
0.406 24
0.405872 24
0.405733 24
0.405618 24
0.405504 24
0.405389 24
0.40526 24
0.405136 24
0.405013 24
0.404898 24
0.404755 24
0.404638 24
0.404509 24
0.404383 24
0.40425 24
0.404121 24
0.404005 24
0.403883 24
0.40377 24
0.403657 24
0.403536 24
0.403404 24
0.403294 24
0.403174 24
0.403056 24
0.402942 24
0.402815 24
0.402699 24
0.402559 24
0.402427 24
0.402427 23
0.402291 23
0.402198 22
0.402082 22
0.401962 22
0.40184 22
0.40172 22
0.401576 22
0.401459 22
0.401321 22
0.401189 22
0.401059 22
0.400927 22
0.400792 22
0.400664 22
0.400546 22
0.400446 22
0.400315 22
0.400223 21
0.400102 21
0.399968 21
0.399847 21
0.399729 21
0.399616 21
0.399499 21
0.399398 21
0.399251 21
0.399116 21
0.39899 21
0.39899 20
0.398876 20
0.398743 20
0.398607 20
0.398502 20
0.398375 20
0.398247 20
0.398154 19
0.398042 19
0.397949 18
0.397823 18
0.397712 18
0.397594 18
0.397457 18
0.397329 18
0.397194 18
0.397065 18
0.396954 18
0.396841 18
0.39674 18
0.396603 18
0.396469 18
0.396336 18
0.396187 18
0.396057 18
0.395944 18
0.395831 18
0.395713 18
0.395573 18
0.395451 18
0.395323 18
0.395196 18
0.395067 18
0.394935 18
0.394819 18
0.394714 18
0.394592 18
0.394443 18
0.394324 18
0.394211 18
0.394095 18
0.393971 18
0.393831 18
0.3937 18
0.393549 18
0.393452 18
0.393311 18
0.393185 18
0.393049 18
0.392936 18
0.392798 18
0.392675 18
0.392549 18
0.392412 18
0.392275 18
0.392157 18
0.392011 18
0.391897 18
0.391764 18
0.391656 18
0.391555 18
0.391442 18
0.391319 18
0.391196 18
0.391082 18
0.390963 18
0.390835 18
0.390714 18
0.390603 18
0.390481 18
0.39038 18
0.3901 18
0.389963 18
0.389859 18
0.389736 18
0.389636 18
0.389518 18
0.38939 18
0.389279 18
0.389155 18
0.389023 18
0.388897 18
0.388787 18
0.388685 18
0.388553 18
0.388432 18
0.388301 18
0.388181 18
0.388054 18
0.387912 18
0.387805 18
0.387678 18
0.387554 18
0.387431 18
0.387317 18
0.387165 18
0.387054 18
0.386917 18
0.386796 18
0.386657 18
0.386543 18
0.386407 18
0.386297 18
0.386187 18
0.38607 18
0.385974 17
0.38575 16
0.385621 16
0.385527 15
0.385413 15
0.38527 15
0.38517 15
0.385053 15
0.384934 15
0.384811 15
0.384704 15
0.384585 15
0.384471 15
0.384366 15
0.384249 15
0.384115 15
0.383979 15
0.383877 15
0.383755 15
0.383644 15
0.383536 15
0.383422 15
0.383291 15
0.383183 15
0.383054 15
0.382931 15
0.382778 15
0.382652 15
0.382533 15
0.382403 15
0.382267 15
0.382141 15
0.382015 15
0.381878 15
0.381786 14
0.38165 14
0.381523 14
0.381405 14
0.381281 14
0.381159 14
0.381023 14
0.380917 14
0.380792 14
0.380643 14
0.380532 14
0.380415 14
0.380274 14
0.380171 14
0.380053 14
0.379949 14
0.379834 14
0.379708 14
0.379587 14
0.379459 14
0.37933 14
0.379213 14
0.379093 14
0.378959 14
0.378837 14
0.378716 14
0.378604 14
0.378476 14
0.378355 14
0.378237 14
0.378112 14
0.377985 14
0.377882 14
0.377754 14
0.377614 14
0.377487 14
0.377354 14
0.377253 14
0.37713 14
0.377 14
0.376877 14
0.376757 14
0.376629 14
0.376489 14
0.376377 14
0.37625 14
0.376134 14
0.376007 14
0.375877 14
0.375742 14
0.375627 14
0.375503 14
0.375393 14
0.375279 14
0.375141 14
0.375037 14
0.374914 14
0.374791 14
0.374681 14
0.374572 14
0.374441 14
0.374303 14
0.374175 14
0.374038 14
0.373926 14
0.373804 14
0.373673 14
0.37356 14
0.37345 14
0.373325 14
0.373192 14
0.373075 14
0.372966 14
0.372853 14
0.372729 14
0.372616 14
0.372483 14
0.37234 14
0.372222 14
0.372094 14
0.371976 14
0.371845 14
0.371721 14
0.371601 14
0.371483 14
0.371346 14
0.37123 14
0.371109 14
0.371001 14
0.370897 14
0.370772 14
0.37066 14
0.370536 14
0.370416 14
0.370304 14
0.370176 14
0.370052 14
0.36994 14
0.369798 14
0.369678 14
0.369568 14
0.369447 14
0.369333 14
0.369203 14
0.369081 14
0.368953 14
0.368822 14
0.368708 14
0.368598 14
0.368598 13
0.368462 13
0.368335 13
0.368204 13
0.368083 13
0.367958 13
0.367838 13
0.36773 13
0.367614 13
0.367511 13
0.367397 13
0.36729 13
0.367168 13
0.367042 13
0.366954 12
0.366825 12
0.366727 12
0.366602 12
0.366494 12
0.366361 12
0.366242 12
0.366109 12
0.365996 12
0.365872 12
0.365745 12
0.365623 12
0.365493 12
0.365374 12
0.365244 12
0.365119 12
0.364984 12
0.364874 12
0.36476 12
0.364632 12
0.364523 12
0.364416 12
0.364312 12
0.364182 12
0.364079 12
0.363958 12
0.363846 12
0.363702 12
0.363577 12
0.363439 12
0.363328 12
0.363205 12
0.363088 12
0.362967 12
0.362861 12
0.362732 12
0.36261 12
0.362491 12
0.36237 12
0.362256 12
0.362146 12
0.362015 12
0.361892 12
0.361767 12
0.36165 12
0.361534 12
0.361414 12
0.361273 12
0.361148 12
0.361033 12
0.360929 12
0.360795 12
0.360657 12
0.36054 12
0.360413 12
0.360306 12
0.360183 12
0.36007 12
0.359929 12
0.359812 12
0.359684 12
0.359556 12
0.35942 12
0.359294 12
0.359171 12
0.35905 12
0.358914 12
0.358793 12
0.358675 12
0.358559 12
0.358448 12
0.35835 12
0.358215 12
0.358097 12
0.357971 12
0.357837 12
0.357725 12
0.357608 12
0.357479 12
0.357353 12
0.357237 12
0.357107 12
0.356994 12
0.356882 12
0.356756 12
0.356638 12
0.356512 12
0.356373 12
0.356275 12
0.35615 12
0.356026 12
0.355901 12
0.355787 12
0.355655 12
0.355539 12
0.355397 12
0.355292 12
0.355156 12
0.355041 12
0.354934 12
0.354811 12
0.354684 12
0.354549 12
0.354415 12
0.35429 12
0.354154 12
0.354029 12
0.353929 12
0.353818 12
0.353674 12
0.353577 12
0.35344 12
0.353319 12
0.353198 12
0.353063 12
0.35294 12
0.352806 12
0.352694 12
0.352574 12
0.352467 12
0.352344 12
0.352215 12
0.3521 12
0.351961 12
0.351829 12
0.351708 12
0.351572 12
0.351472 12
0.351367 12
0.351268 12
0.351161 12
0.351028 12
0.350916 12
0.350781 12
0.350656 12
0.350543 12
0.350398 12
0.350275 12
0.350143 12
0.35002 12
0.349872 12
0.349732 12
0.349626 12
0.349504 12
0.349373 12
0.349257 12
0.34913 12
0.348997 12
0.348889 12
0.348759 12
0.348646 12
0.348509 12
0.348385 12
0.348265 12
0.348126 12
0.348 12
0.347882 12
0.347775 12
0.347515 12
0.347377 12
0.347244 12
0.347136 12
0.347008 12
0.346872 12
0.346725 12
0.346611 12
0.346512 12
0.346384 12
0.346252 12
0.346123 12
0.345972 12
0.345856 12
0.345741 12
0.345609 12
0.345459 12
0.345331 12
0.345222 12
0.345107 12
0.344985 12
0.344865 12
0.344747 12
0.344617 12
0.344501 12
0.344376 12
0.344259 12
0.344124 12
0.344005 12
0.343892 12
0.343771 12
0.343636 12
0.343526 12
0.343412 12
0.343287 12
0.343149 12
0.343025 12
0.342901 12
0.342795 12
0.342664 12
0.34254 12
0.342425 12
0.342301 12
0.342195 12
0.342065 12
0.34195 12
0.341837 12
0.341712 12
0.34158 12
0.341443 12
0.341322 12
0.341192 12
0.341072 12
0.340943 12
0.340811 12
0.340702 12
0.340574 12
0.34046 12
0.340332 12
0.340213 12
0.340088 12
0.339949 12
0.339818 12
0.339701 12
0.339605 11
0.33947 11
0.339362 11
0.339241 11
0.339126 11
0.339005 11
0.338888 11
0.338769 11
0.338641 11
0.338534 11
0.338409 11
0.338176 11
0.338063 11
0.337953 11
0.337822 11
0.337719 11
0.337612 11
0.337463 11
0.33735 11
0.33723 11
0.337126 11
0.336999 11
0.336852 11
0.336737 11
0.336613 11
0.336482 11
0.33636 11
0.336223 11
0.336105 11
0.335966 11
0.335847 11
0.335716 11
0.335603 11
0.33548 11
0.335352 11
0.335225 11
0.335091 11
0.334968 11
0.334863 11
0.334759 11
0.334637 11
0.334523 11
0.334413 11
0.334314 11
0.334199 11
0.334071 11
0.333932 11
0.333834 11
0.333695 11
0.333566 11
0.333451 11
0.333332 11
0.333213 11
0.3331 11
0.33298 11
0.33284 11
0.332723 11
0.332603 11
0.332485 11
0.332369 11
0.332242 11
0.332128 11
0.331998 11
0.331869 11
0.331728 11
0.331608 11
0.331487 11
0.331351 11
0.331219 11
0.331094 11
0.330951 11
0.330838 11
0.330705 11
0.330584 11
0.330466 11
0.330345 11
0.330239 11
0.330117 11
0.330002 11
0.329886 11
0.329753 11
0.32962 11
0.3295 11
0.32938 11
0.329246 11
0.329143 11
0.329031 11
0.328924 11
0.328799 11
0.328682 11
0.328566 11
0.328465 11
0.328336 11
0.328217 11
0.328102 11
0.327976 11
0.327874 11
0.327758 11
0.327627 11
0.327502 11
0.327391 11
0.327265 11
0.327157 11
0.327024 11
0.326907 11
0.326663 11
0.326556 11
0.326449 11
0.326348 11
0.326216 11
0.326075 11
0.325968 11
0.325841 11
0.325716 11
0.32561 11
0.325463 11
0.325346 11
0.32523 11
0.325113 11
0.324979 11
0.324853 11
0.324727 11
0.324621 11
0.324496 11
0.324372 11
0.324235 11
0.324105 11
0.323971 11
0.323846 11
0.323714 11
0.323595 11
0.32349 11
0.323366 11
0.323233 11
0.323122 11
0.323005 11
0.322886 11
0.322758 11
0.322617 11
0.322494 11
0.322369 11
0.32226 11
0.322133 11
0.321978 11
0.321845 11
0.321707 11
0.32158 11
0.321462 11
0.321324 11
0.321197 11
0.321085 11
0.320965 11
0.320833 11
0.320699 11
0.32059 11
0.32047 11
0.320324 11
0.320214 11
0.320086 11
0.319977 11
0.319874 11
0.319736 11
0.319629 11
0.319513 11
0.319372 11
0.319237 11
0.319106 11
0.318984 11
0.318866 11
0.318752 11
0.318651 11
0.318528 11
0.318411 11
0.3183 11
0.318195 11
0.318082 11
0.317963 11
0.317819 11
0.317691 11
0.317574 11
0.317457 11
0.317348 11
0.317202 11
0.317099 11
0.316959 11
0.316828 11
0.316714 11
0.316594 11
0.316477 11
0.316361 11
0.316238 11
0.316136 11
0.316006 11
0.315887 11
0.315778 11
0.315641 11
0.315524 11
0.315396 11
0.315278 11
0.315158 11
0.314934 11
0.314814 11
0.314693 11
0.314561 11
0.314449 11
0.314313 11
0.314174 11
0.314043 11
0.313923 11
0.313795 11
0.313668 11
0.313539 11
0.313419 11
0.313284 11
0.313158 11
0.313029 11
0.312896 11
0.312772 11
0.312648 11
0.312537 11
0.312411 11
0.312282 11
0.312172 11
0.312062 11
0.311951 11
0.31183 11
0.311699 11
0.311569 11
0.311471 11
0.311353 11
0.311222 11
0.311086 11
0.310952 11
0.310832 11
0.310719 11
0.31059 11
0.31047 11
0.310348 11
0.310221 11
0.310093 11
0.30997 11
0.309844 11
0.309723 11
0.309597 11
0.309472 11
0.30934 11
0.30922 11
0.309093 11
0.308955 11
0.308831 11
0.308721 11
0.308601 11
0.308474 11
0.308341 11
0.308206 11
0.308094 11
0.307977 11
0.30786 11
0.307741 11
0.30761 11
0.307499 11
0.307376 11
0.307268 11
0.307137 11
0.307011 11
0.306895 11
0.30676 11
0.306628 11
0.306506 11
0.306373 11
0.306251 11
0.306123 11
0.305994 11
0.305871 11
0.305749 11
0.305636 11
0.305515 11
0.305392 11
0.30527 11
0.30516 11
0.305051 11
0.304933 11
0.304801 11
0.304659 11
0.304428 11
0.304296 11
0.304174 11
0.304059 11
0.303926 11
0.303827 11
0.303705 11
0.30358 11
0.303457 11
0.303339 11
0.303214 11
0.30309 11
0.302974 11
0.302839 11
0.30271 11
0.302584 11
0.302357 11
0.302233 11
0.302134 11
0.302017 11
0.301887 11
0.301757 11
0.301627 11
0.30152 11
0.301386 11
0.301257 11
0.301118 11
0.300996 11
0.300871 11
0.300746 11
0.300635 11
0.300503 11
0.300395 11
0.300289 11
0.300177 11
0.300043 11
0.29993 11
0.299811 11
0.299692 11
0.299572 11
0.299437 11
0.299303 11
0.299171 11
0.299047 11
0.298912 11
0.298801 11
0.298671 11
0.298541 11
0.298416 11
0.298299 11
0.29818 11
0.298043 11
0.297798 11
0.297675 11
0.297541 11
0.297418 11
0.297306 11
0.297057 11
0.296951 11
0.296832 11
0.296693 11
0.296571 11
0.296439 11
0.296317 11
0.29618 11
0.296073 11
0.295943 11
0.295815 11
0.295681 11
0.295549 11
0.295438 11
0.295302 11
0.295171 11
0.295054 11
0.294929 11
0.294809 11
0.294668 11
0.294529 11
0.294408 11
0.294284 11
0.294162 11
0.29404 11
0.293938 11
0.293804 11
0.293695 11
0.293574 11
0.293443 11
0.293327 11
0.293204 11
0.293076 11
0.292949 11
0.292823 11
0.292687 11
0.292563 11
0.292446 11
0.292321 11
0.292194 11
0.29206 11
0.291925 11
0.291787 11
0.291668 11
0.29156 11
0.291442 11
0.291316 11
0.291194 11
0.291079 11
0.290961 11
0.290824 11
0.290704 11
0.29058 11
0.290446 11
0.290303 11
0.290177 11
0.290053 11
0.289947 11
0.289817 11
0.289696 11
0.289583 11
0.289457 11
0.289345 11
0.289201 11
0.289068 11
0.288961 11
0.288854 11
0.288751 11
0.288638 11
0.288516 11
0.288399 11
0.288268 11
0.288144 11
0.288023 11
0.287918 11
0.287783 11
0.287658 11
0.287536 11
0.287414 11
0.287302 11
0.287185 11
0.287073 11
0.286938 11
0.286802 11
0.286683 11
0.286566 11
0.286446 11
0.286339 11
0.286206 11
0.286091 11
0.28598 11
0.285862 11
0.285741 11
0.285631 11
0.285515 11
0.285377 11
0.285252 11
0.285134 11
0.285024 11
0.284908 11
0.284798 11
0.284689 11
0.28456 11
0.284443 11
0.28431 11
0.284206 11
0.284081 11
0.283953 11
0.283846 11
0.283724 11
0.283613 11
0.283498 11
0.283374 11
0.283246 11
0.283119 11
0.283007 11
0.282888 11
0.282767 11
0.282646 11
0.282509 11
0.282373 11
0.282251 11
0.28213 11
0.282001 11
0.281871 11
0.281751 11
0.281641 11
0.281525 11
0.281401 11
0.281284 11
0.281146 11
0.281019 11
0.280901 11
0.280771 11
0.28064 11
0.280506 11
0.280396 11
0.280269 11
0.280141 11
0.280033 11
0.279917 11
0.279807 11
0.279684 11
0.279553 11
0.279434 11
0.279304 11
0.279178 11
0.279046 11
0.278931 11
0.278819 11
0.278686 11
0.278565 11
0.278436 11
0.278324 11
0.278186 11
0.278056 11
0.27794 11
0.277831 11
0.277698 11
0.277583 11
0.277444 11
0.277327 11
0.277172 11
0.277053 11
0.276927 11
0.276802 11
0.27669 11
0.276566 11
0.276431 11
0.276299 11
0.276175 11
0.276045 11
0.275904 11
0.275776 11
0.275659 11
0.27554 11
0.275418 11
0.275299 11
0.275164 11
0.275065 11
0.27493 11
0.274805 11
0.274683 11
0.274565 11
0.27446 11
0.274323 11
0.274205 11
0.274078 11
0.27396 11
0.273845 11
0.273708 11
0.273593 11
0.273466 11
0.273348 11
0.273236 11
0.273115 11
0.272999 11
0.272877 11
0.272746 11
0.272615 11
0.272499 11
0.272381 11
0.272254 11
0.272126 11
0.272012 11
0.271896 11
0.27176 11
0.271639 11
0.271522 11
0.271403 11
0.271271 11
0.271163 11
0.270923 11
0.270804 11
0.270684 11
0.270576 11
0.270452 11
0.27032 11
0.270205 11
0.270076 11
0.269971 11
0.269741 11
0.269617 11
0.269475 11
0.269353 11
0.269209 11
0.269096 11
0.268969 11
0.268843 11
0.268712 11
0.268607 11
0.26849 11
0.268375 11
0.26827 11
0.268158 11
0.268026 11
0.267897 11
0.267762 11
0.267632 11
0.267529 11
0.26742 11
0.267306 11
0.267168 11
0.267048 11
0.266916 11
0.266791 11
0.266658 11
0.266532 11
0.266414 11
0.266296 11
0.266169 11
0.266045 11
0.265942 11
0.265814 11
0.2657 11
0.265584 11
0.265463 11
0.265335 11
0.265198 11
0.265064 11
0.26493 11
0.264812 11
0.264694 11
0.264578 11
0.264326 11
0.264199 11
0.264074 11
0.26393 11
0.263819 11
0.263703 11
0.263582 11
0.263451 11
0.263317 11
0.263213 11
0.263094 11
0.262968 11
0.262838 11
0.262567 11
0.262437 11
0.262325 11
0.262202 11
0.262086 11
0.261961 11
0.261838 11
0.261719 11
0.261583 11
0.261462 11
0.261349 11
0.261225 11
0.261094 11
0.260992 11
0.260871 11
0.260769 11
0.26065 11
0.260523 11
0.260395 11
0.260279 11
0.260154 11
0.260029 11
0.259902 11
0.259775 11
0.259647 11
0.259543 11
0.259445 11
0.25932 11
0.259182 11
0.259061 11
0.258941 11
0.258803 11
0.258688 11
0.258573 11
0.258443 11
0.258338 11
0.258216 11
0.258093 11
0.25797 11
0.257848 11
0.257724 11
0.257592 11
0.257466 11
0.257342 11
0.257221 11
0.257109 11
0.256971 11
0.256855 11
0.256736 11
0.256616 11
0.256511 11
0.256392 11
0.256281 11
0.256158 11
0.256024 11
0.255908 11
0.255787 11
0.255675 11
0.25555 11
0.255454 10
0.25535 10
0.25523 10
0.255112 10
0.254967 10
0.254858 10
0.254736 10
0.254612 10
0.254488 10
0.254355 10
0.25424 10
0.254103 10
0.253974 10
0.253848 10
0.253724 10
0.253608 10
0.253494 10
0.253366 10
0.253226 10
0.25311 10
0.252968 10
0.252857 10
0.252753 10
0.252631 10
0.252522 10
0.252404 10
0.252274 10
0.252151 10
0.252035 10
0.251911 10
0.25179 10
0.25167 10
0.251554 10
0.251438 10
0.251203 10
0.251077 10
0.250947 10
0.250812 10
0.25071 10
0.25059 10
0.250478 10
0.250357 10
0.250238 10
0.250114 10
0.249989 10
0.249855 10
0.249715 10
0.249597 10
0.249481 10
0.249348 10
0.249216 10
0.249093 10
0.248977 10
0.248888 9
0.248762 9
0.248649 9
0.24852 9
0.248385 9
0.248267 9
0.24814 9
0.248035 9
0.247903 9
0.247788 9
0.247652 9
0.247531 9
0.247407 9
0.247291 9
0.247159 9
0.247043 9
0.246938 9
0.246805 9
0.246686 9
0.246576 9
0.246446 9
0.246331 9
0.246199 9
0.246076 9
0.245956 9
0.245828 9
0.245704 9
0.245587 9
0.245471 9
0.245347 9
0.245231 9
0.245105 9
0.244988 9
0.244861 9
0.244753 9
0.244638 9
0.244521 9
0.244405 9
0.244311 8
0.244182 8
0.244064 8
0.243946 8
0.243831 8
0.243686 8
0.243577 8
0.24346 8
0.243343 8
0.243216 8
0.243099 8
0.24298 8
0.242864 8
0.242745 8
0.242621 8
0.242478 8
0.242365 8
0.242236 8
0.242137 8
0.242026 8
0.241888 8
0.241753 8
0.241622 8
0.241497 8
0.241376 8
0.241255 8
0.241001 8
0.240893 8
0.240772 8
0.240656 8
0.240551 8
0.240416 8
0.240175 8
0.240059 8
0.239924 8
0.239798 8
0.239676 8
0.239553 8
0.239436 8
0.239294 8
0.239171 8
0.239047 8
0.238933 8
0.23879 8
0.238673 8
0.238562 8
0.238445 8
0.238304 8
0.238177 8
0.238045 8
0.237934 8
0.237797 8
0.237681 8
0.237542 8
0.237421 8
0.237279 8
0.237166 8
0.237052 8
0.236938 8
0.236824 8
0.236697 8
0.236561 8
0.236443 8
0.236335 8
0.236218 8
0.236077 8
0.235972 8
0.235848 8
0.235723 8
0.235601 8
0.235474 8
0.235353 8
0.235242 8
0.235121 8
0.235021 8
0.234908 8
0.234797 8
0.234672 8
0.234556 8
0.234431 8
0.234299 8
0.234156 8
0.234017 8
0.233897 8
0.233775 8
0.233646 8
0.233535 8
0.233408 8
0.233274 8
0.233177 7
0.233052 7
0.232942 7
0.23281 7
0.23268 7
0.232584 6
0.232458 6
0.23235 6
0.232238 6
0.232112 6
0.231985 6
0.231874 6
0.231751 6
0.231629 6
0.231363 6
0.231243 6
0.231111 6
0.230985 6
0.230869 6
0.230736 6
0.230615 6
0.230488 6
0.230366 6
0.230237 6
0.230109 6
0.229973 6
0.229865 6
0.22976 6
0.229646 6
0.229514 6
0.22938 6
0.229241 6
0.229116 6
0.228978 6
0.228875 6
0.228757 6
0.228636 6
0.22853 6
0.228404 6
0.228139 6
0.228004 6
0.227883 6
0.227758 6
0.227636 6
0.227492 6
0.227361 6
0.227242 6
0.227111 6
0.226978 6
0.226847 6
0.226733 6
0.226617 6
0.226489 6
0.226378 6
0.226246 6
0.226123 6
0.225997 6
0.225858 6
0.225722 6
0.225591 6
0.225466 6
0.225342 6
0.225216 6
0.225097 6
0.224984 6
0.224871 6
0.224744 6
0.224614 6
0.224487 6
0.224366 6
0.224243 6
0.224109 6
0.223989 6
0.223863 6
0.223758 6
0.223623 6
0.223502 6
0.223361 6
0.223238 6
0.223113 6
0.222997 6
0.222876 6
0.22275 6
0.222635 6
0.222515 6
0.222398 6
0.222274 6
0.222152 6
0.22202 6
0.221902 6
0.221795 6
0.221672 6
0.221543 6
0.221407 6
0.22129 6
0.221168 6
0.221033 6
0.220922 6
0.220793 6
0.220644 6
0.220505 6
0.220372 6
0.220241 6
0.220125 6
0.219998 6
0.219877 6
0.219733 6
0.219613 6
0.219484 6
0.219344 6
0.219211 6
0.219078 6
0.218965 6
0.218857 6
0.218734 6
0.218606 6
0.218496 6
0.218376 6
0.218247 6
0.218112 6
0.218002 6
0.21789 6
0.217758 6
0.217639 6
0.217518 6
0.217394 6
0.217266 6
0.217153 6
0.217024 6
0.216902 6
0.216765 6
0.216639 6
0.216527 6
0.216399 6
0.216258 6
0.216152 6
0.216029 6
0.215908 6
0.215797 6
0.21567 6
0.215548 6
0.215415 6
0.215284 6
0.215155 6
0.215016 6
0.214901 6
0.214778 6
0.214648 6
0.214416 6
0.214292 6
0.214167 6
0.214049 6
0.213905 6
0.213783 6
0.21365 6
0.213526 6
0.213408 6
0.213291 6
0.213153 6
0.213022 6
0.212891 6
0.212769 6
0.212643 6
0.212521 6
0.212398 6
0.212265 6
0.212136 6
0.212027 6
0.211898 6
0.211781 6
0.211661 6
0.21155 6
0.211422 6
0.211303 6
0.211186 6
0.211046 6
0.210907 6
0.210796 6
0.210676 6
0.210545 6
0.210424 6
0.210303 6
0.210187 6
0.210075 6
0.209948 6
0.209813 6
0.209695 6
0.209573 6
0.209456 6
0.209335 6
0.20921 6
0.209096 6
0.208975 6
0.208849 6
0.208727 6
0.208588 6
0.208455 6
0.208313 6
0.208209 6
0.208082 6
0.207958 6
0.207831 6
0.207706 6
0.207574 6
0.207458 6
0.207326 6
0.20708 6
0.206955 6
0.206835 6
0.206712 6
0.206572 6
0.206312 6
0.206187 6
0.206062 6
0.205935 6
0.20579 6
0.205678 6
0.205553 6
0.20544 6
0.205334 6
0.205202 6
0.205079 6
0.204959 6
0.204841 6
0.204721 6
0.204601 6
0.204477 6
0.204364 6
0.204238 6
0.204112 6
0.204003 6
0.203887 6
0.203761 6
0.203645 6
0.203526 6
0.203387 6
0.203256 6
0.203149 6
0.203005 6
0.202886 6
0.202761 6
0.202645 6
0.202517 6
0.202391 6
0.202284 6
0.202173 6
0.202048 6
0.201927 6
0.201795 6
0.201671 6
0.201537 6
0.20141 6
0.201281 6
0.201167 6
0.201029 6
0.20089 6
0.200754 6
0.200628 6
0.200513 6
0.200391 6
0.20027 6
0.200149 6
0.200034 6
0.199905 6
0.199789 6
0.199672 6
0.199557 6
0.199437 6
0.199317 6
0.199193 6
0.19907 6
0.198943 6
0.198822 6
0.198703 6
0.198594 6
0.198471 6
0.198342 6
0.198233 6
0.198122 6
0.197995 6
0.197864 6
0.197741 6
0.197614 6
0.197491 6
0.197371 6
0.197248 6
0.197122 6
0.196987 6
0.196875 6
0.196758 6
0.196601 6
0.196474 6
0.196332 6
0.196198 6
0.19607 6
0.19596 6
0.19581 6
0.195682 6
0.195567 6
0.195453 6
0.195326 6
0.195214 6
0.195086 6
0.194968 6
0.194845 6
0.194708 6
0.194592 6
0.194467 6
0.194343 6
0.194215 6
0.194103 6
0.193989 6
0.193877 6
0.193761 6
0.193648 6
0.193524 6
0.193395 6
0.193286 6
0.193165 6
0.193048 6
0.192905 6
0.192764 6
0.192634 6
0.192497 6
0.192374 6
0.192257 6
0.192139 6
0.192009 6
0.191898 6
0.191775 6
0.191657 6
0.191524 6
0.191401 6
0.191282 6
0.191166 6
0.191037 6
0.190909 6
0.190784 6
0.190652 6
0.190524 6
0.190401 6
0.190267 6
0.190142 6
0.19002 6
0.189885 6
0.189749 6
0.189622 6
0.189505 6
0.189382 6
0.189264 6
0.189143 6
0.189004 6
0.188756 6
0.188646 6
0.188523 6
0.188402 6
0.188276 6
0.188138 6
0.188016 6
0.187889 6
0.187771 6
0.187663 6
0.187534 6
0.187408 6
0.187283 6
0.187133 6
0.186998 6
0.18686 6
0.186757 6
0.186622 6
0.186504 6
0.186379 6
0.18626 6
0.186144 6
0.186003 6
0.185882 6
0.185747 6
0.185625 6
0.185385 6
0.185264 6
0.185149 6
0.185009 6
0.184889 6
0.184766 6
0.184643 6
0.184531 6
0.184414 6
0.184284 6
0.184153 6
0.184049 6
0.183914 6
0.183784 6
0.183648 6
0.183516 6
0.183392 6
0.183276 6
0.183157 6
0.183039 6
0.182917 6
0.182795 6
0.182685 6
0.182548 6
0.18242 6
0.182308 6
0.182176 6
0.182066 6
0.181953 6
0.181826 6
0.181703 6
0.18158 6
0.181458 6
0.181364 5
0.181226 5
0.181105 5
0.180991 5
0.180864 5
0.180745 5
0.180623 5
0.180485 5
0.180356 5
0.180228 5
0.180101 5
0.179988 5
0.179871 5
0.179734 5
0.179616 5
0.179504 5
0.179372 5
0.179262 5
0.179137 5
0.179006 5
0.178876 5
0.178754 5
0.178638 5
0.178518 5
0.178389 5
0.178294 4
0.178179 4
0.178048 4
0.177928 4
0.177823 4
0.177711 4
0.177581 4
0.177467 4
0.177327 4
0.177221 4
0.177099 4
0.176967 4
0.176834 4
0.17672 4
0.176596 4
0.176488 4
0.176361 4
0.17624 4
0.176097 4
0.175975 4
0.175852 4
0.175731 4
0.175622 4
0.175506 4
0.175395 4
0.17527 4
0.175136 4
0.17502 4
0.174891 4
0.174772 4
0.174628 4
0.174499 4
0.174374 4
0.174264 4
0.174155 4
0.17402 4
0.173892 4
0.173768 4
0.173629 4
0.173502 4
0.173383 4
0.173255 4
0.173137 4
0.173006 4
0.172863 4
0.172726 4
0.172593 4
0.172462 4
0.172331 4
0.172195 4
0.172066 4
0.171948 4
0.171829 4
0.171703 4
0.171596 4
0.171462 4
0.171324 4
0.171188 4
0.171053 4
0.170919 4
0.170796 4
0.170679 4
0.170553 4
0.170438 4
0.17031 4
0.170193 4
0.17006 4
0.169941 4
0.169827 4
0.169705 4
0.169579 4
0.169462 4
0.169335 4
0.169219 4
0.16912 4
0.169006 4
0.168892 4
0.168767 4
0.168629 4
0.168513 4
0.168398 4
0.168263 4
0.16814 4
0.168005 4
0.167887 4
0.16776 4
0.167656 4
0.167547 4
0.167424 4
0.167304 4
0.167188 4
0.167069 4
0.166944 4
0.166828 4
0.16672 4
0.166587 4
0.166454 4
0.166331 4
0.166208 4
0.166088 4
0.165973 4
0.165876 4
0.165741 4
0.165633 4
0.165495 4
0.165369 4
0.165244 4
0.165129 4
0.16501 4
0.164886 4
0.164755 4
0.164632 4
0.164513 4
0.164382 4
0.164263 4
0.164136 4
0.16401 4
0.163879 4
0.163746 4
0.163619 4
0.163487 4
0.163355 4
0.163238 4
0.163125 4
0.162993 4
0.162891 4
0.162788 4
0.162672 4
0.162557 4
0.16244 4
0.162318 4
0.162188 4
0.162043 4
0.161916 4
0.161773 4
0.161653 4
0.161543 4
0.161427 4
0.161315 4
0.161189 4
0.161059 4
0.160936 4
0.160798 4
0.160695 4
0.160603 3
0.160485 3
0.16036 3
0.160236 3
0.160105 3
0.160007 3
0.15987 3
0.159765 3
0.159641 3
0.159514 3
0.15939 3
0.159252 3
0.159117 3
0.159003 3
0.158876 3
0.158747 3
0.158622 3
0.158498 3
0.15838 3
0.158269 3
0.158138 3
0.158024 3
0.157902 3
0.1578 3
0.157682 3
0.157554 3
0.157435 3
0.157319 3
0.157204 3
0.157078 3
0.156949 3
0.156821 3
0.156713 3
0.156597 3
0.156465 3
0.156353 3
0.156231 3
0.156117 3
0.155991 3
0.155858 3
0.155721 3
0.155597 3
0.155476 3
0.155358 3
0.155242 3
0.155081 3
0.154952 3
0.154829 3
0.154711 3
0.154597 3
0.154469 3
0.154358 3
0.15424 3
0.154118 3
0.153992 3
0.153871 3
0.153745 3
0.15361 3
0.153475 3
0.153345 3
0.153229 3
0.153098 3
0.152981 3
0.152841 3
0.152728 3
0.152585 3
0.152465 3
0.152342 3
0.152226 3
0.152115 3
0.151862 3
0.151753 3
0.151636 3
0.151531 3
0.151421 3
0.151283 3
0.151176 3
0.151057 3
0.150927 3
0.150802 3
0.150676 3
0.150546 3
0.15044 3
0.150301 3
0.150169 3
0.150052 3
0.149927 3
0.149788 3
0.149662 3
0.149535 3
0.149417 3
0.149296 3
0.149178 3
0.149071 3
0.148949 3
0.148826 3
0.148707 3
0.14858 3
0.148458 3
0.14833 3
0.14821 3
0.148085 3
0.147843 3
0.147717 3
0.1476 3
0.147476 3
0.147359 3
0.147232 3
0.147112 3
0.14698 3
0.146856 3
0.146718 3
0.146588 3
0.146461 3
0.146322 3
0.146184 3
0.146072 3
0.145958 3
0.145826 3
0.145722 3
0.145605 3
0.145487 3
0.145375 3
0.145235 3
0.145111 3
0.14499 3
0.14486 3
0.144722 3
0.144612 3
0.144492 3
0.144371 3
0.144224 3
0.144082 3
0.143981 3
0.143852 3
0.143734 3
0.143609 3
0.143486 3
0.143373 3
0.14326 3
0.143138 3
0.14303 3
0.142901 3
0.142787 3
0.142665 3
0.142542 3
0.142407 3
0.142297 3
0.142171 3
0.142044 3
0.141933 3
0.141809 3
0.141684 3
0.141553 3
0.141425 3
0.14129 3
0.141165 3
0.141034 3
0.140928 3
0.140824 3
0.140709 3
0.140598 3
0.140479 3
0.140356 3
0.140238 3
0.140114 3
0.139995 3
0.139866 3
0.139749 3
0.13965 3
0.139528 3
0.139408 3
0.13928 3
0.139172 3
0.139065 3
0.138944 3
0.138826 3
0.138698 3
0.138576 3
0.138441 3
0.138321 3
0.138192 3
0.138065 3
0.13794 3
0.137828 3
0.13769 3
0.137563 3
0.137442 3
0.137336 3
0.137221 3
0.137119 3
0.137012 3
0.136885 3
0.136761 3
0.136641 3
0.136522 3
0.136401 3
0.136287 3
0.136164 3
0.136026 3
0.135896 3
0.135748 3
0.135628 3
0.135504 3
0.135389 3
0.135282 3
0.135152 3
0.13503 3
0.134911 3
0.134791 3
0.134668 3
0.134545 3
0.134418 3
0.134299 3
0.134176 3
0.134047 3
0.133925 3
0.133814 3
0.13357 3
0.133466 3
0.133334 3
0.133217 3
0.133075 3
0.132956 3
0.132829 3
0.132714 3
0.132582 3
0.132473 3
0.132345 3
0.132224 3
0.132109 3
0.131985 3
0.131877 3
0.131751 3
0.131624 3
0.131489 3
0.131365 3
0.131235 3
0.131106 3
0.130978 3
0.130844 3
0.130726 3
0.130583 3
0.130479 3
0.130347 3
0.130221 3
0.130104 3
0.129996 3
0.129861 3
0.129714 3
0.129581 3
0.129461 3
0.129341 3
0.129227 3
0.129113 3
0.128988 3
0.128862 3
0.128739 3
0.128599 3
0.128479 3
0.128356 3
0.128233 3
0.128113 3
0.128001 3
0.127877 3
0.12762 3
0.127497 3
0.127368 3
0.127234 3
0.127104 3
0.126983 3
0.126861 3
0.126749 3
0.126624 3
0.126505 3
0.126379 3
0.126238 3
0.126116 3
0.125993 3
0.125859 3
0.125727 3
0.125602 3
0.125479 3
0.125359 3
0.12523 3
0.12511 3
0.124983 3
0.12485 3
0.124729 3
0.124588 3
0.124457 3
0.124326 3
0.124219 3
0.124093 3
0.123972 3
0.123843 3
0.123709 3
0.123595 3
0.123455 3
0.123329 3
0.123207 3
0.123087 3
0.122958 3
0.122819 3
0.122707 3
0.122565 3
0.122435 3
0.122308 3
0.122181 3
0.12204 3
0.121908 3
0.121778 3
0.121657 3
0.121523 3
0.121408 3
0.121294 3
0.121166 3
0.121058 3
0.120935 3
0.120827 3
0.120693 3
0.120563 3
0.120434 3
0.120313 3
0.120186 3
0.120039 3
0.119913 3
0.119792 3
0.119666 3
0.11955 3
0.119424 3
0.119306 3
0.119165 3
0.119057 3
0.118942 3
0.118814 3
0.118689 3
0.118577 3
0.118441 3
0.118316 3
0.118201 3
0.118085 3
0.117968 3
0.117862 3
0.117729 3
0.117614 3
0.117485 3
0.117345 3
0.117212 3
0.117081 3
0.116959 3
0.116834 3
0.116699 3
0.116584 3
0.116474 3
0.116357 3
0.11623 3
0.116115 3
0.116006 3
0.115886 3
0.115754 3
0.115627 3
0.115514 3
0.115376 3
0.115265 3
0.115138 3
0.115022 3
0.114904 3
0.114771 3
0.114638 3
0.114503 3
0.114377 3
0.11424 3
0.114127 3
0.113999 3
0.113877 3
0.113765 3
0.113634 3
0.11352 3
0.113393 3
0.113262 3
0.113131 3
0.113004 3
0.112883 3
0.112754 3
0.112623 3
0.112486 3
0.112374 3
0.112246 3
0.112124 3
0.111998 3
0.111864 3
0.111743 3
0.111611 3
0.111498 3
0.111369 3
0.11124 3
0.111115 3
0.110988 3
0.110858 3
0.11073 3
0.110613 3
0.110486 3
0.110358 3
0.11025 3
0.110116 3
0.10999 3
0.109867 3
0.109753 3
0.10962 3
0.109497 3
0.109368 3
0.109232 3
0.109118 3
0.108978 3
0.108857 3
0.108744 3
0.108621 3
0.108507 3
0.108389 3
0.10828 3
0.108153 3
0.10803 3
0.107899 3
0.107639 3
0.107511 3
0.107386 3
0.107269 3
0.107144 3
0.107022 3
0.106891 3
0.106771 3
0.106653 3
0.106518 3
0.106405 3
0.106273 3
0.10616 3
0.106029 3
0.105906 3
0.105766 3
0.105643 3
0.105522 3
0.105408 3
0.105285 3
0.105154 3
0.10506 2
0.104926 2
0.104802 2
0.104692 2
0.104552 2
0.104442 2
0.104323 2
0.10419 2
0.104063 2
0.103949 2
0.103828 2
0.103719 2
0.103595 2
0.103461 2
0.103338 2
0.103195 2
0.103082 2
0.102951 2
0.102826 2
0.102714 2
0.102591 2
0.102466 2
0.102339 2
0.102208 2
0.102082 2
0.101994 1
0.101879 1
0.101759 1
0.101647 1
0.10155 1
0.101426 1
0.101299 1
0.101158 1
0.101033 1
0.100905 1
0.100781 1
0.100667 1
0.100546 1
0.100432 1
0.10029 1
0.100184 1
0.100065 1
0.0999394 1
0.099813 1
0.0996995 1
0.0995956 1
0.0994869 1
0.0993722 1
0.0992509 1
0.0991307 1
0.0990027 1
0.0988955 1
0.0987874 1
0.0986673 1
0.0985273 1
0.0984055 1
0.0982867 1
0.0981583 1
0.0980334 1
0.0979017 1
0.0977622 1
0.0976353 1
0.0975072 1
0.0973927 1
0.097262 1
0.0971379 1
0.0970024 1
0.0968768 1
0.0967335 1
0.096614 1
0.0964974 1
0.0963788 1
0.0962607 1
0.0961239 1
0.0959927 1
0.0958721 1
0.0957564 1
0.0956436 1
0.095518 1
0.0953883 1
0.0952582 1
0.0951408 1
0.0950079 1
0.0948978 1
0.0947958 1
0.0946702 1
0.0945408 1
0.0944104 1
0.094281 1
0.0941593 1
0.0940328 1
0.0939171 1
0.0937937 1
0.0936648 1
0.0935363 1
0.0934146 1
0.0932806 1
0.0931569 1
0.0930287 1
0.0929162 1
0.0928115 1
0.092694 1
0.0925649 1
0.0924495 1
0.0923349 1
0.0922307 1
0.092093 1
0.0919793 1
0.0918653 1
0.0917317 1
0.0916213 1
0.0915039 1
0.0913825 1
0.091265 1
0.091141 1
0.0910331 1
0.0909206 1
0.0907927 1
0.0906635 1
0.0905562 1
0.0904311 1
0.0903104 1
0.0901924 1
0.0900643 1
0.0899416 1
0.0898093 1
0.0896781 1
0.0895535 1
0.0894259 1
0.0892872 1
0.0891666 1
0.0890434 1
0.0889088 1
0.0887876 1
0.0886439 1
0.088497 1
0.0883775 1
0.0882514 1
0.0881373 1
0.088022 1
0.0879018 1
0.0877665 1
0.087635 1
0.0875006 1
0.087389 1
0.0872605 1
0.0871345 1
0.0870259 1
0.0868946 1
0.086773 1
0.086658 1
0.0865366 1
0.0864227 1
0.0863088 1
0.0861826 1
0.086055 1
0.085943 1
0.0858074 1
0.0856841 1
0.085561 1
0.0854399 1
0.0853257 1
0.0852031 1
0.0850791 1
0.0849598 1
0.0848457 1
0.0847343 1
0.0846205 1
0.0844983 1
0.0843752 1
0.0842468 1
0.0841388 1
0.0840135 1
0.0838817 1
0.0837741 1
0.0836474 1
0.0835254 1
0.0833941 1
0.0832707 1
0.0831422 1
0.0830359 1
0.0829032 1
0.0827672 1
0.0826437 1
0.0825231 1
0.0824044 1
0.0822708 1
0.0821548 1
0.0820333 1
0.0819021 1
0.0817728 1
0.0816454 1
0.0815234 1
0.0813837 1
0.0812575 1
0.081131 1
0.0810132 1
0.0808784 1
0.0807607 1
0.0806418 1
0.0805163 1
0.0804071 1
0.0802831 1
0.0801699 1
0.080053 1
0.0799341 1
0.0798161 1
0.0797022 1
0.0795726 1
0.0794579 1
0.0793318 1
0.079202 1
0.0790751 1
0.0789477 1
0.0788158 1
0.0786956 1
0.0785711 1
0.0784535 1
0.0783416 1
0.0782204 1
0.0780866 1
0.0779554 1
0.0778396 1
0.0777087 1
0.0775855 1
0.0774664 1
0.0773599 1
0.0772315 1
0.0770964 1
0.0769639 1
0.0768364 1
0.076707 1
0.0765853 1
0.0764481 1
0.0763023 1
0.0761835 1
0.0760592 1
0.0759304 1
0.0758097 1
0.0756809 1
0.0755711 1
0.0754471 1
0.0753287 1
0.0752222 1
0.0751032 1
0.0749667 1
0.0748265 1
0.0747035 1
0.0745728 1
0.0744291 1
0.0743176 1
0.0742004 1
0.0740711 1
0.073966 1
0.0738358 1
0.0737073 1
0.0735781 1
0.0734503 1
0.0733392 1
0.0732095 1
0.0730871 1
0.0729641 1
0.0728543 1
0.0727469 1
0.0726169 1
0.0725074 1
0.072399 1
0.0722861 1
0.0721689 1
0.0720423 1
0.071897 1
0.0717627 1
0.0716463 1
0.0715358 1
0.0714171 1
0.0712942 1
0.0711747 1
0.0710598 1
0.070923 1
0.0707994 1
0.0706686 1
0.0705536 1
0.0703217 1
0.0701967 1
0.0700638 1
0.0699415 1
0.0698302 1
0.0697047 1
0.069579 1
0.0694565 1
0.069341 1
0.069206 1
0.0690708 1
0.0689475 1
0.0688131 1
0.068697 1
0.0685904 1
0.0684667 1
0.0683356 1
0.0682134 1
0.0680842 1
0.0679428 1
0.0678244 1
0.0676987 1
0.0675851 1
0.0674592 1
0.0673364 1
0.067205 1
0.0671046 1
0.0669937 1
0.0668813 1
0.0667709 1
0.0666602 1
0.0665199 1
0.0663944 1
0.0662701 1
0.0661301 1
0.0659994 1
0.0658817 1
0.0657631 1
0.0656367 1
0.06552 1
0.0654074 1
0.0652902 1
0.0651654 1
0.0650496 1
0.0649417 1
0.064823 1
0.0646982 1
0.0645745 1
0.0644528 1
0.064326 1
0.0642204 1
0.0640957 1
0.0639731 1
0.0638386 1
0.0637233 1
0.0636128 1
0.0635023 1
0.0633801 1
0.06326 1
0.063137 1
0.0630094 1
0.0628817 1
0.0627563 1
0.0626505 1
0.0625437 1
0.0624176 1
0.0623022 1
0.0621721 1
0.0620466 1
0.0619203 1
0.0617985 1
0.0616641 1
0.0615436 1
0.061422 1
0.0612998 1
0.0611676 1
0.0610361 1
0.0608904 1
0.0607515 1
0.0606235 1
0.0605071 1
0.0603848 1
0.0602668 1
0.060146 1
0.0600161 1
0.0598796 1
0.0597475 1
0.0596213 1
0.0594924 1
0.0593588 1
0.0592245 1
0.0590966 1
0.0589779 1
0.0588533 1
0.0587254 1
0.0586029 1
0.0584983 1
0.0583785 1
0.0582572 1
0.0581341 1
0.0580235 1
0.0578954 1
0.057758 1
0.0576328 1
0.0575244 1
0.0574005 1
0.0572833 1
0.0571629 1
0.0570246 1
0.0568928 1
0.0567619 1
0.0566473 1
0.0565394 1
0.0564029 1
0.0562787 1
0.0561518 1
0.0560207 1
0.0558906 1
0.055749 1
0.0556159 1
0.0554905 1
0.0553694 1
0.0552457 1
0.055126 1
0.0550037 1
0.0548659 1
0.0547457 1
0.0546271 1
0.0545033 1
0.0543841 1
0.0542532 1
0.0541239 1
0.0540119 1
0.0538807 1
0.0537575 1
0.0536319 1
0.0535144 1
0.0533835 1
0.0532576 1
0.0531237 1
0.0530062 1
0.052895 1
0.052773 1
0.0526489 1
0.0525252 1
0.0522655 1
0.0521331 1
0.0520039 1
0.0518655 1
0.0517287 1
0.0515992 1
0.0514667 1
0.051344 1
0.0512111 1
0.0510751 1
0.0509645 1
0.0508555 1
0.0507318 1
0.0506087 1
0.0504866 1
0.0503676 1
0.0502569 1
0.0501357 1
0.050006 1
0.0497636 1
0.0496422 1
0.0495072 1
0.0493773 1
0.049268 1
0.0491433 1
0.0490374 1
0.0489164 1
0.0487979 1
0.0486706 1
0.048541 1
0.0484164 1
0.0482976 1
0.0481749 1
0.0480545 1
0.0479231 1
0.0478033 1
0.0476795 1
0.0475406 1
0.047408 1
0.0472908 1
0.0471664 1
0.0470329 1
0.0469108 1
0.046796 1
0.0466704 1
0.0465392 1
0.0464112 1
0.0462954 1
0.0461761 1
0.0460453 1
0.04592 1
0.045786 1
0.0456661 1
0.0455404 1
0.0454239 1
0.0453054 1
0.0452038 1
0.0450783 1
0.0449471 1
0.0448104 1
0.0446916 1
0.0445816 1
0.0444473 1
0.0443294 1
0.0442002 1
0.0440699 1
0.0439494 1
0.0438264 1
0.0437001 1
0.0435795 1
0.0434545 1
0.0433246 1
0.0431951 1
0.0430707 1
0.0429548 1
0.0428397 1
0.0427147 1
0.0425927 1
0.0424599 1
0.0423442 1
0.0422163 1
0.0420872 1
0.0419517 1
0.0418378 1
0.0417064 1
0.0415816 1
0.041459 1
0.0413317 1
0.0411964 1
0.0410963 1
0.0409786 1
0.0408419 1
0.0407272 1
0.0405873 1
0.0404708 1
0.0403469 1
0.0402206 1
0.0400896 1
0.0399519 1
0.0398264 1
0.0396988 1
0.0395765 1
0.039454 1
0.0393371 1
0.0392131 1
0.0390948 1
0.0389693 1
0.0388376 1
0.0387133 1
0.0385926 1
0.038463 1
0.038337 1
0.0382171 1
0.0380928 1
0.0379713 1
0.0378498 1
0.0377269 1
0.037596 1
0.0374676 1
0.0373457 1
0.0372266 1
0.037103 1
0.0369763 1
0.0368384 1
0.0367114 1
0.0365808 1
0.036452 1
0.0363314 1
0.0362137 1
0.0360946 1
0.0359665 1
0.0358364 1
0.0357187 1
0.0356011 1
0.0354617 1
0.035346 1
0.0352235 1
0.0351082 1
0.0349941 1
0.0348849 1
0.0347668 1
0.0346417 1
0.0345252 1
0.034421 1
0.0342892 1
0.0341622 1
0.0340335 1
0.0339205 1
0.0337985 1
0.0336759 1
0.033545 1
0.0334193 1
0.0332778 1
0.033161 1
0.0330233 1
0.0328972 1
0.0327703 1
0.0326436 1
0.0325315 1
0.0324117 1
0.0322814 1
0.0321638 1
0.0320383 1
0.0319201 1
0.0317983 1
0.0316794 1
0.0315663 1
0.0314394 1
0.0313156 1
0.031205 1
0.031089 1
0.0309769 1
0.0308658 1
0.0307487 1
0.0306196 1
0.0304905 1
0.0303787 1
0.0302481 1
0.0301222 1
0.0299924 1
0.0298847 1
0.0297509 1
0.0296213 1
0.0294808 1
0.0293616 1
0.0292365 1
0.029115 1
0.0289738 1
0.0288496 1
0.0287541 0
0.0286261 0
0.0284938 0
0.0283685 0
0.028267 0
0.0281398 0
0.028005 0
0.0278788 0
0.0277437 0
0.0276144 0
0.0274986 0
0.0273851 0
0.027253 0
0.0271326 0
0.0270004 0
0.0268859 0
0.0267627 0
0.0266349 0
0.0265116 0
0.0263783 0
0.0262798 0
0.0261637 0
0.0260311 0
0.0258971 0
0.0257896 0
0.025666 0
0.0255503 0
0.0254249 0
0.02531 0
0.025176 0
0.025045 0
0.0249345 0
0.024806 0
0.024675 0
0.0245409 0
0.0244069 0
0.0242714 0
0.0241544 0
0.0240295 0
0.0239092 0
0.0238024 0
0.0236795 0
0.0235523 0
0.023413 0
0.0232881 0
0.023163 0
0.0230372 0
0.022912 0
0.0227883 0
0.022664 0
0.0225505 0
0.0224454 0
0.0223256 0
0.0222214 0
0.0221101 0
0.0219762 0
0.021856 0
0.0217472 0
0.0216155 0
0.0214992 0
0.0213636 0
0.021235 0
0.0211254 0
0.0209993 0
0.0208644 0
0.0207583 0
0.0206242 0
0.0204999 0
0.0203664 0
0.0202391 0
0.0201042 0
0.0199721 0
0.0198545 0
0.0197431 0
0.0196265 0
0.0195071 0
0.0193792 0
0.019248 0
0.0191189 0
0.0189938 0
0.0188727 0
0.0187689 0
0.0186476 0
0.0185169 0
0.018389 0
0.0182649 0
0.0181408 0
0.0180134 0
0.0178935 0
0.0177631 0
0.0176355 0
0.0175277 0
0.0173907 0
0.0172648 0
0.0171427 0
0.0170178 0
0.0169088 0
0.0167763 0
0.0166519 0
0.016528 0
0.0163985 0
0.0162773 0
0.0161349 0
0.0160113 0
0.0158806 0
0.0157601 0
0.0156333 0
0.0154988 0
0.0153765 0
0.0152484 0
0.0151291 0
0.0150084 0
0.0148928 0
0.0147713 0
0.0146473 0
0.014516 0
0.0143909 0
0.0142666 0
0.0141292 0
0.0140156 0
0.0137584 0
0.0136399 0
0.0135143 0
0.013373 0
0.0132416 0
0.0131223 0
0.0129882 0
0.0128846 0
0.0127566 0
0.0126272 0
0.0124869 0
0.0123581 0
0.0122434 0
0.0121293 0
0.0120072 0
0.0118705 0
0.0117583 0
0.0116311 0
0.0114896 0
0.0113524 0
0.0112329 0
0.0111191 0
0.0109848 0
0.0108679 0
0.0107379 0
0.0106208 0
0.0105132 0
0.0103863 0
0.0102681 0
0.0101425 0
0.00988555 0
0.00975948 0
0.00962879 0
0.00949555 0
0.00936201 0
0.00924096 0
0.00911722 0
0.00899466 0
0.00885911 0
0.00873189 0
0.00859764 0
0.00846998 0
0.00834706 0
0.00824053 0
0.00812425 0
0.00799447 0
0.00787 0
0.00773677 0
0.00762671 0
0.00750164 0
0.00737574 0
0.00727113 0
0.00714936 0
0.0070158 0
0.00689501 0
0.00676198 0
0.00663935 0
0.0065058 0
0.00638706 0
0.00625527 0
0.00613256 0
0.00601221 0
0.00589525 0
0.00577196 0
0.00563684 0
0.0055271 0
0.00539352 0
0.00527515 0
0.00514368 0
0.00501835 0
0.00488559 0
0.00476447 0
0.00462932 0
0.0045095 0
0.00438249 0
0.00426169 0
0.00403268 0
0.00389946 0
0.0037784 0
0.00365948 0
0.00354186 0
0.00341859 0
0.00330281 0
0.00317709 0
0.0030424 0
0.0029108 0
0.00278658 0
0.002663 0
0.00253139 0
0.00240315 0
0.00227514 0
0.00216023 0
0.00203763 0
0.00190871 0
0.0017726 0
0.00165535 0
0.00151713 0
0.00139266 0
0.00125503 0
0.00111909 0
0.00099098 0
0.000858372 0
0.000732149 0
0.000610015 0
0.000489418 0
0.000363826 0
0.000230312 0
0.000117092 0
0 0
