   9.6766349e-01   2.0100000e+02   1.0214384e-01
   9.6766349e-01   2.0000000e+02   1.0243907e-01
   9.6766349e-01   1.9900000e+02   1.0490967e-01
   9.6764838e-01   1.9800000e+02   1.0614543e-01
   9.6764838e-01   1.9700000e+02   1.0675408e-01
   9.6764838e-01   1.9600000e+02   1.0871812e-01
   9.6764838e-01   1.9500000e+02   1.0944498e-01
   9.6764838e-01   1.9400000e+02   1.1102590e-01
   9.6764838e-01   1.9300000e+02   1.1320321e-01
   9.6764838e-01   1.9200000e+02   1.1468015e-01
   9.6764838e-01   1.9100000e+02   1.1780876e-01
   9.6764838e-01   1.9000000e+02   1.2012325e-01
   9.6764838e-01   1.8900000e+02   1.2101242e-01
   9.6752775e-01   1.8800000e+02   1.2329197e-01
   9.6752775e-01   1.8700000e+02   1.2544579e-01
   9.6656825e-01   1.8700000e+02   1.2622785e-01
   9.6656825e-01   1.8600000e+02   1.2706075e-01
   9.6656825e-01   1.8500000e+02   1.2908192e-01
   9.6656449e-01   1.8400000e+02   1.3057259e-01
   9.6656449e-01   1.8300000e+02   1.3106661e-01
   9.6656449e-01   1.8200000e+02   1.3315736e-01
   9.6656449e-01   1.8100000e+02   1.3389176e-01
   9.6656449e-01   1.8000000e+02   1.3794169e-01
   9.6656449e-01   1.7900000e+02   1.3854965e-01
   9.6656449e-01   1.7800000e+02   1.3934576e-01
   9.6656449e-01   1.7700000e+02   1.4132415e-01
   9.6656449e-01   1.7600000e+02   1.4331206e-01
   9.6656449e-01   1.7500000e+02   1.4531958e-01
   9.6656449e-01   1.7400000e+02   1.4624087e-01
   9.6656449e-01   1.7300000e+02   1.4699162e-01
   9.6656449e-01   1.7200000e+02   1.4771308e-01
   9.6656073e-01   1.7100000e+02   1.4956016e-01
   9.6656073e-01   1.7000000e+02   1.5020709e-01
   9.6656073e-01   1.6900000e+02   1.5174667e-01
   9.6644004e-01   1.6800000e+02   1.5222640e-01
   9.6644004e-01   1.6700000e+02   1.5342113e-01
   9.6644004e-01   1.6600000e+02   1.5595564e-01
   9.6644004e-01   1.6500000e+02   1.5693367e-01
   9.6644004e-01   1.6400000e+02   1.5760956e-01
   9.6643248e-01   1.6300000e+02   1.5896726e-01
   9.6643248e-01   1.6200000e+02   1.5988347e-01
   9.6643248e-01   1.6100000e+02   1.6171810e-01
   9.6642872e-01   1.6000000e+02   1.6241581e-01
   9.6642872e-01   1.5900000e+02   1.6337652e-01
   9.6642872e-01   1.5800000e+02   1.6744662e-01
   9.6618735e-01   1.5700000e+02   1.6946468e-01
   9.6618735e-01   1.5600000e+02   1.7241191e-01
   9.6618735e-01   1.5500000e+02   1.7560170e-01
   9.6618735e-01   1.5400000e+02   1.7711149e-01
   9.6618735e-01   1.5300000e+02   1.7835653e-01
   9.6618735e-01   1.5200000e+02   1.8348192e-01
   9.6618735e-01   1.5100000e+02   1.8559983e-01
   9.6618735e-01   1.5000000e+02   1.9053850e-01
   9.6618359e-01   1.4900000e+02   1.9294643e-01
   9.6618359e-01   1.4800000e+02   1.9427253e-01
   9.6522358e-01   1.4800000e+02   1.9652548e-01
   9.6426408e-01   1.4700000e+02   1.9858981e-01
   9.6426408e-01   1.4600000e+02   1.9991699e-01
   9.6402283e-01   1.4500000e+02   2.0225346e-01
   9.6402283e-01   1.4400000e+02   2.0343992e-01
   9.6402283e-01   1.4300000e+02   2.0782333e-01
   9.6390221e-01   1.4200000e+02   2.0985218e-01
   9.6390221e-01   1.4100000e+02   2.1172241e-01
   9.6390221e-01   1.4000000e+02   2.1422053e-01
   9.6390221e-01   1.3900000e+02   2.1966844e-01
   9.6390221e-01   1.3800000e+02   2.2303307e-01
   9.6390221e-01   1.3700000e+02   2.2518156e-01
   9.6390221e-01   1.3600000e+02   2.2814528e-01
   9.6390221e-01   1.3500000e+02   2.2989729e-01
   9.6384190e-01   1.3400000e+02   2.3318709e-01
   9.6383814e-01   1.3300000e+02   2.3709922e-01
   9.6359676e-01   1.3200000e+02   2.4078406e-01
   9.6359676e-01   1.3100000e+02   2.4402601e-01
   9.6359676e-01   1.3000000e+02   2.5090620e-01
   9.6359676e-01   1.2900000e+02   2.5266716e-01
   9.6359676e-01   1.2800000e+02   2.6320756e-01
   9.6359676e-01   1.2700000e+02   2.6398071e-01
   9.6358921e-01   1.2600000e+02   2.6595000e-01
   9.6358921e-01   1.2500000e+02   2.7052870e-01
   9.6358921e-01   1.2400000e+02   2.7436860e-01
   9.6358921e-01   1.2300000e+02   2.8112531e-01
   9.6358164e-01   1.2200000e+02   2.8294717e-01
   9.6321971e-01   1.2200000e+02   2.8429253e-01
   9.6321971e-01   1.2100000e+02   2.8599940e-01
   9.6321971e-01   1.2000000e+02   2.9253766e-01
   9.6321971e-01   1.1900000e+02   2.9463198e-01
   9.6321971e-01   1.1800000e+02   2.9909229e-01
   9.6321971e-01   1.1700000e+02   3.0283781e-01
   9.6321971e-01   1.1600000e+02   3.0572250e-01
   9.6321216e-01   1.1500000e+02   3.1158498e-01
   9.6321216e-01   1.1400000e+02   3.1639034e-01
   9.6321216e-01   1.1300000e+02   3.3414941e-01
   9.6321216e-01   1.1200000e+02   3.3853950e-01
   9.6297078e-01   1.1100000e+02   3.4278749e-01
   9.6297078e-01   1.1000000e+02   3.5641161e-01
   9.6201128e-01   1.0900000e+02   3.5829637e-01
   9.6201128e-01   1.0800000e+02   3.6103315e-01
   9.6201128e-01   1.0700000e+02   3.6200084e-01
   9.6201128e-01   1.0600000e+02   3.6336751e-01
   9.6195093e-01   1.0500000e+02   3.7181473e-01
   9.6195093e-01   1.0400000e+02   3.8018061e-01
   9.6195093e-01   1.0300000e+02   3.8540883e-01
   9.6195093e-01   1.0200000e+02   3.9520277e-01
   9.6099093e-01   1.0200000e+02   3.9716229e-01
   9.6099093e-01   1.0100000e+02   4.0415224e-01
   9.6099093e-01   1.0000000e+02   4.0868974e-01
   9.5979019e-01   9.9000000e+01   4.1381963e-01
   9.5954881e-01   9.9000000e+01   4.2554909e-01
   9.5954881e-01   9.8000000e+01   4.2778210e-01
   9.5954881e-01   9.7000000e+01   4.3254245e-01
   9.5954881e-01   9.6000000e+01   4.3683237e-01
   9.5948473e-01   9.5000000e+01   4.4286952e-01
   9.5946962e-01   9.4000000e+01   4.4548052e-01
   9.5945452e-01   9.3000000e+01   4.4836536e-01
   9.5945452e-01   9.2000000e+01   4.5436350e-01
   9.5945452e-01   9.1000000e+01   4.6719700e-01
   9.5945452e-01   9.0000000e+01   4.7523775e-01
   9.5945452e-01   8.9000000e+01   4.7742671e-01
   9.5945452e-01   8.8000000e+01   4.8195947e-01
   9.5843418e-01   8.7000000e+01   4.9552462e-01
   9.5843418e-01   8.6000000e+01   5.1448927e-01
   9.5843038e-01   8.5000000e+01   5.2701863e-01
   9.5817401e-01   8.4000000e+01   5.3942807e-01
   9.5814362e-01   8.3000000e+01   5.5382316e-01
   9.5786807e-01   8.2000000e+01   5.5610925e-01
   9.5786807e-01   8.1000000e+01   5.5958666e-01
   9.5786431e-01   8.0000000e+01   5.7909644e-01
   9.5786431e-01   7.9000000e+01   5.8487982e-01
   9.5786431e-01   7.8000000e+01   5.8827401e-01
   9.5786431e-01   7.7000000e+01   5.9120909e-01
   9.5762306e-01   7.7000000e+01   5.9853141e-01
   9.5750244e-01   7.6000000e+01   6.0987002e-01
   9.5750244e-01   7.5000000e+01   6.1672703e-01
   9.5701594e-01   7.4000000e+01   6.2339256e-01
   9.5701594e-01   7.3000000e+01   6.3127245e-01
   9.5701594e-01   7.2000000e+01   6.3839442e-01
   9.5700083e-01   7.1000000e+01   6.4619716e-01
   9.5700083e-01   7.0000000e+01   6.5309540e-01
   9.5700083e-01   6.9000000e+01   6.5744630e-01
   9.5700083e-01   6.8000000e+01   6.6311868e-01
   9.5675946e-01   6.7000000e+01   6.6820478e-01
   9.5675946e-01   6.6000000e+01   6.7065522e-01
   9.5666875e-01   6.5000000e+01   6.7490558e-01
   9.5570925e-01   6.5000000e+01   6.8460122e-01
   9.5570925e-01   6.4000000e+01   6.9140581e-01
   9.5570925e-01   6.3000000e+01   6.9348369e-01
   9.5473465e-01   6.2000000e+01   6.9713680e-01
   9.5473465e-01   6.1000000e+01   7.0437894e-01
   9.5471953e-01   6.0000000e+01   7.0834149e-01
   9.5471953e-01   5.9000000e+01   7.1318167e-01
   9.5471577e-01   5.8000000e+01   7.1706291e-01
   9.5471577e-01   5.7000000e+01   7.2074648e-01
   9.5470065e-01   5.6000000e+01   7.2378213e-01
   9.5445941e-01   5.5000000e+01   7.2726650e-01
   9.5349185e-01   5.5000000e+01   7.3025611e-01
   9.5322007e-01   5.4000000e+01   7.3826916e-01
   9.5266592e-01   5.3000000e+01   7.4286787e-01
   9.5170266e-01   5.3000000e+01   7.4490710e-01
   9.5158197e-01   5.2000000e+01   7.5001249e-01
   9.5059208e-01   5.1000000e+01   7.5699254e-01
   9.4962828e-01   5.1000000e+01   7.6132175e-01
   9.4962452e-01   5.0000000e+01   7.6427753e-01
   9.4962452e-01   4.9000000e+01   7.6689883e-01
   9.4960186e-01   4.8000000e+01   7.6798263e-01
   9.4957145e-01   4.7000000e+01   7.7843632e-01
   9.4957145e-01   4.6000000e+01   7.8185317e-01
   9.4835559e-01   4.5000000e+01   7.8598963e-01
   9.4808382e-01   4.5000000e+01   7.9003196e-01
   9.4806115e-01   4.4000000e+01   7.9476455e-01
   9.4685991e-01   4.3000000e+01   8.0038605e-01
   9.4562863e-01   4.3000000e+01   8.0413777e-01
   9.4562484e-01   4.2000000e+01   8.0536944e-01
   9.4534939e-01   4.1000000e+01   8.0880411e-01
   9.4497983e-01   4.0000000e+01   8.1343260e-01
   9.4421793e-01   4.0000000e+01   8.1854359e-01
   9.4298664e-01   3.9000000e+01   8.2296689e-01
   9.4295626e-01   3.8000000e+01   8.2848207e-01
   9.4169090e-01   3.8000000e+01   8.3121739e-01
   9.4048624e-01   3.7000000e+01   8.3633949e-01
   9.4039169e-01   3.7000000e+01   8.4379835e-01
   9.3929588e-01   3.6000000e+01   8.4841416e-01
   9.3803103e-01   3.6000000e+01   8.5242694e-01
   9.3658528e-01   3.6000000e+01   8.5390009e-01
   9.3619289e-01   3.5000000e+01   8.5556828e-01
   9.3584202e-01   3.4000000e+01   8.6022444e-01
   9.3555890e-01   3.3000000e+01   8.6365790e-01
   9.3454583e-01   3.3000000e+01   8.6576741e-01
   9.3354839e-01   3.2000000e+01   8.7200052e-01
   9.3206393e-01   3.2000000e+01   8.7491460e-01
   9.3185253e-01   3.1000000e+01   8.7656718e-01
   9.3086263e-01   3.0000000e+01   8.7806154e-01
   9.2914147e-01   3.0000000e+01   8.7949424e-01
   9.2870779e-01   3.0000000e+01   8.8046137e-01
   9.2770982e-01   2.9000000e+01   8.8368976e-01
   9.2646356e-01   2.9000000e+01   8.8611894e-01
   9.2549651e-01   2.8000000e+01   8.8827908e-01
   9.2416689e-01   2.8000000e+01   8.9103106e-01
   9.2277009e-01   2.8000000e+01   8.9408098e-01
   9.2156493e-01   2.7000000e+01   8.9551755e-01
   9.2025452e-01   2.7000000e+01   8.9646013e-01
   9.1900815e-01   2.7000000e+01   8.9733484e-01
   9.1795366e-01   2.6000000e+01   9.0061329e-01
   9.1694111e-01   2.6000000e+01   9.0257202e-01
   9.1595070e-01   2.5000000e+01   9.0455051e-01
   9.1464409e-01   2.5000000e+01   9.1042161e-01
   9.1343566e-01   2.5000000e+01   9.1216294e-01
   9.1237361e-01   2.4000000e+01   9.1588600e-01
   9.1125925e-01   2.4000000e+01   9.2491053e-01
   9.1091592e-01   2.3000000e+01   9.3032159e-01
   9.0980538e-01   2.2000000e+01   9.3237744e-01
   9.0879609e-01   2.2000000e+01   9.3350796e-01
   9.0707454e-01   2.2000000e+01   9.3390347e-01
   9.0673504e-01   2.1000000e+01   9.3561655e-01
   9.0535235e-01   2.1000000e+01   9.3772413e-01
   9.0361985e-01   2.1000000e+01   9.4014359e-01
   9.0231691e-01   2.0000000e+01   9.4213930e-01
   9.0126241e-01   2.0000000e+01   9.4265022e-01
   8.9997485e-01   2.0000000e+01   9.4346398e-01
   8.9889391e-01   1.9000000e+01   9.4730007e-01
   8.9729310e-01   1.9000000e+01   9.4885720e-01
   8.9681762e-01   1.8000000e+01   9.4928050e-01
   8.9551483e-01   1.8000000e+01   9.5206937e-01
   8.9360827e-01   1.8000000e+01   9.5292563e-01
   8.9235070e-01   1.7000000e+01   9.5340918e-01
   8.9056504e-01   1.7000000e+01   9.5406018e-01
   8.8948407e-01   1.7000000e+01   9.5511199e-01
   8.8821167e-01   1.7000000e+01   9.5583474e-01
   8.8695344e-01   1.6000000e+01   9.5712383e-01
   8.8565059e-01   1.6000000e+01   9.5768236e-01
   8.8458528e-01   1.6000000e+01   9.5858833e-01
   8.8352697e-01   1.5000000e+01   9.5927953e-01
   8.8317978e-01   1.4000000e+01   9.6082037e-01
   8.8126624e-01   1.4000000e+01   9.6215942e-01
   8.7996660e-01   1.4000000e+01   9.6318642e-01
   8.7866376e-01   1.4000000e+01   9.6368668e-01
   8.7722888e-01   1.3000000e+01   9.6408934e-01
   8.7579729e-01   1.3000000e+01   9.6440940e-01
   8.7424170e-01   1.3000000e+01   9.6583216e-01
   8.7279924e-01   1.3000000e+01   9.6691563e-01
   8.7099836e-01   1.3000000e+01   9.6849268e-01
   8.6957851e-01   1.2000000e+01   9.6908881e-01
   8.6813571e-01   1.2000000e+01   9.6968094e-01
   8.6622177e-01   1.2000000e+01   9.7031051e-01
   8.6430457e-01   1.2000000e+01   9.7061948e-01
   8.6310291e-01   1.2000000e+01   9.7089602e-01
   8.6106249e-01   1.1000000e+01   9.7163998e-01
   8.5975954e-01   1.1000000e+01   9.7219660e-01
   8.5833610e-01   1.1000000e+01   9.7240677e-01
   8.5689309e-01   1.0000000e+01   9.7264218e-01
   8.5605194e-01   1.0000000e+01   9.7313193e-01
   8.5467362e-01   1.0000000e+01   9.7377345e-01
   8.5282017e-01   1.0000000e+01   9.7487404e-01
   8.5113990e-01   9.0000000e+00   9.7502632e-01
   8.4982184e-01   9.0000000e+00   9.7604580e-01
   8.4849964e-01   9.0000000e+00   9.7737685e-01
   8.4706089e-01   9.0000000e+00   9.8099390e-01
   8.4568267e-01   8.0000000e+00   9.8131388e-01
   8.4436787e-01   8.0000000e+00   9.8157445e-01
   8.4294063e-01   8.0000000e+00   9.8165423e-01
   8.4161828e-01   7.0000000e+00   9.8181687e-01
   8.3970835e-01   7.0000000e+00   9.8268019e-01
   8.3873906e-01   7.0000000e+00   9.8329002e-01
   8.3743250e-01   7.0000000e+00   9.8395924e-01
   8.3599329e-01   6.0000000e+00   9.8458663e-01
   8.3418512e-01   6.0000000e+00   9.8535005e-01
   8.3287033e-01   6.0000000e+00   9.8576555e-01
   8.3106238e-01   6.0000000e+00   9.8594947e-01
   8.2913337e-01   6.0000000e+00   9.8603931e-01
   8.2805619e-01   5.0000000e+00   9.8627464e-01
   8.2612760e-01   5.0000000e+00   9.8707516e-01
   8.2468510e-01   5.0000000e+00   9.8732433e-01
   8.2289526e-01   5.0000000e+00   9.8745704e-01
   8.2096657e-01   5.0000000e+00   9.8757785e-01
   8.1952368e-01   5.0000000e+00   9.8813185e-01
   8.1808125e-01   5.0000000e+00   9.8827371e-01
   8.1664262e-01   4.0000000e+00   9.8902378e-01
   8.1471317e-01   4.0000000e+00   9.8963016e-01
   8.1291277e-01   4.0000000e+00   9.8983788e-01
   8.1098326e-01   4.0000000e+00   9.8993256e-01
   8.0918287e-01   4.0000000e+00   9.9082905e-01
   8.0786859e-01   4.0000000e+00   9.9107613e-01
   8.0593927e-01   4.0000000e+00   9.9145129e-01
   8.0413121e-01   4.0000000e+00   9.9191951e-01
   8.0220231e-01   4.0000000e+00   9.9237716e-01
   8.0077069e-01   4.0000000e+00   9.9246766e-01
   7.9884202e-01   4.0000000e+00   9.9261201e-01
   7.9691260e-01   4.0000000e+00   9.9277740e-01
   7.9516849e-01   3.0000000e+00   9.9295768e-01
   7.9323972e-01   3.0000000e+00   9.9319051e-01
   7.9131039e-01   3.0000000e+00   9.9325386e-01
   7.8938163e-01   3.0000000e+00   9.9367454e-01
   7.8745231e-01   3.0000000e+00   9.9377873e-01
   7.8565179e-01   3.0000000e+00   9.9403963e-01
   7.8384360e-01   3.0000000e+00   9.9413388e-01
   7.8191433e-01   3.0000000e+00   9.9417753e-01
   7.7998551e-01   3.0000000e+00   9.9422304e-01
   7.7805674e-01   3.0000000e+00   9.9438872e-01
   7.7612743e-01   3.0000000e+00   9.9447147e-01
   7.7420241e-01   3.0000000e+00   9.9462353e-01
   7.7227310e-01   3.0000000e+00   9.9469973e-01
   7.7080018e-01   3.0000000e+00   9.9475340e-01
   7.6899601e-01   3.0000000e+00   9.9482962e-01
   7.6712685e-01   3.0000000e+00   9.9487720e-01
   7.6519827e-01   3.0000000e+00   9.9503025e-01
   7.6323837e-01   3.0000000e+00   9.9507583e-01
   7.6130978e-01   3.0000000e+00   9.9514628e-01
   7.5938454e-01   3.0000000e+00   9.9533633e-01
   7.5745545e-01   3.0000000e+00   9.9539456e-01
   7.5552646e-01   3.0000000e+00   9.9554527e-01
   7.5359762e-01   3.0000000e+00   9.9560720e-01
   7.5166837e-01   3.0000000e+00   9.9570790e-01
   7.4973954e-01   3.0000000e+00   9.9592616e-01
   7.4829653e-01   3.0000000e+00   9.9599281e-01
   7.4636795e-01   3.0000000e+00   9.9604364e-01
   7.4348274e-01   3.0000000e+00   9.9617060e-01
   7.4155036e-01   3.0000000e+00   9.9624841e-01
   7.3961707e-01   3.0000000e+00   9.9638883e-01
   7.3768849e-01   3.0000000e+00   9.9645041e-01
   7.3624599e-01   2.0000000e+00   9.9649526e-01
   7.3431665e-01   2.0000000e+00   9.9652851e-01
   7.3238790e-01   2.0000000e+00   9.9664683e-01
   7.3057969e-01   2.0000000e+00   9.9668886e-01
   7.2877112e-01   2.0000000e+00   9.9675274e-01
   7.2732501e-01   2.0000000e+00   9.9678499e-01
   7.2588202e-01   2.0000000e+00   9.9683857e-01
   7.2395318e-01   2.0000000e+00   9.9685123e-01
   7.2202444e-01   2.0000000e+00   9.9696227e-01
   7.2052129e-01   2.0000000e+00   9.9702862e-01
   7.1859226e-01   2.0000000e+00   9.9704817e-01
   7.1666319e-01   2.0000000e+00   9.9710768e-01
   7.1473418e-01   2.0000000e+00   9.9718290e-01
   7.1329186e-01   1.0000000e+00   9.9726065e-01
   7.1148327e-01   1.0000000e+00   9.9728215e-01
   7.0955440e-01   1.0000000e+00   9.9730534e-01
   7.0774557e-01   1.0000000e+00   9.9752759e-01
   7.0581700e-01   1.0000000e+00   9.9759161e-01
   7.0437448e-01   1.0000000e+00   9.9762529e-01
   7.0238482e-01   1.0000000e+00   9.9765726e-01
   7.0045609e-01   1.0000000e+00   9.9767350e-01
   6.9852724e-01   1.0000000e+00   9.9769227e-01
   6.9659799e-01   1.0000000e+00   9.9775560e-01
   6.9465404e-01   1.0000000e+00   9.9780128e-01
   6.9272479e-01   1.0000000e+00   9.9789748e-01
   6.9079216e-01   1.0000000e+00   9.9790992e-01
   6.8886340e-01   1.0000000e+00   9.9794128e-01
   6.8687376e-01   1.0000000e+00   9.9795737e-01
   6.8492987e-01   1.0000000e+00   9.9797906e-01
   6.8300056e-01   1.0000000e+00   9.9801383e-01
   6.8119247e-01   1.0000000e+00   9.9804313e-01
   6.7973499e-01   1.0000000e+00   9.9804837e-01
   6.7780551e-01   1.0000000e+00   9.9807489e-01
   6.7587690e-01   1.0000000e+00   9.9812468e-01
   6.7394793e-01   1.0000000e+00   9.9817588e-01
   6.7177745e-01   1.0000000e+00   9.9819413e-01
   6.6984860e-01   1.0000000e+00   9.9820815e-01
   6.6792287e-01   1.0000000e+00   9.9823373e-01
   6.6575290e-01   1.0000000e+00   9.9832506e-01
   6.6382404e-01   1.0000000e+00   9.9835162e-01
   6.6189481e-01   1.0000000e+00   9.9838739e-01
   6.5996595e-01   1.0000000e+00   9.9840606e-01
   6.5800634e-01   1.0000000e+00   9.9843333e-01
   6.5607367e-01   1.0000000e+00   9.9843949e-01
   6.5426558e-01   1.0000000e+00   9.9845191e-01
   6.5137677e-01   1.0000000e+00   9.9846890e-01
   6.4944798e-01   1.0000000e+00   9.9848252e-01
   6.4628740e-01   1.0000000e+00   9.9849820e-01
   6.4435826e-01   1.0000000e+00   9.9852971e-01
   6.4242931e-01   1.0000000e+00   9.9854975e-01
   6.4049688e-01   1.0000000e+00   9.9855392e-01
   6.3856744e-01   1.0000000e+00   9.9856359e-01
   6.3663880e-01   1.0000000e+00   9.9856754e-01
   6.3422293e-01   1.0000000e+00   9.9857517e-01
   6.3229429e-01   1.0000000e+00   9.9859895e-01
   6.3036534e-01   1.0000000e+00   9.9860510e-01
   6.2843621e-01   1.0000000e+00   9.9862009e-01
   6.2662409e-01   0.0000000e+00   9.9863313e-01
   6.2469526e-01   0.0000000e+00   9.9865782e-01
   6.2276601e-01   0.0000000e+00   9.9867373e-01
   6.2083718e-01   0.0000000e+00   9.9868815e-01
   6.1890037e-01   0.0000000e+00   9.9872687e-01
   6.1673015e-01   0.0000000e+00   9.9873068e-01
   6.1449981e-01   0.0000000e+00   9.9873699e-01
   6.1255539e-01   0.0000000e+00   9.9875668e-01
   6.1062662e-01   0.0000000e+00   9.9876506e-01
   6.0869730e-01   0.0000000e+00   9.9877441e-01
   6.0676853e-01   0.0000000e+00   9.9879290e-01
   6.0483971e-01   0.0000000e+00   9.9883957e-01
   6.0195094e-01   0.0000000e+00   9.9885556e-01
   6.0002163e-01   0.0000000e+00   9.9886261e-01
   5.9809286e-01   0.0000000e+00   9.9889851e-01
   5.9616405e-01   0.0000000e+00   9.9890937e-01
   5.9399352e-01   0.0000000e+00   9.9891362e-01
   5.9206458e-01   0.0000000e+00   9.9892132e-01
   5.8986416e-01   0.0000000e+00   9.9894348e-01
   5.8793485e-01   0.0000000e+00   9.9894929e-01
   5.8600206e-01   0.0000000e+00   9.9896776e-01
   5.8407301e-01   0.0000000e+00   9.9897854e-01
   5.8208366e-01   0.0000000e+00   9.9898666e-01
   5.8012467e-01   0.0000000e+00   9.9900777e-01
   5.7813483e-01   0.0000000e+00   9.9902304e-01
   5.7596490e-01   0.0000000e+00   9.9903989e-01
   5.7306089e-01   0.0000000e+00   9.9904750e-01
   5.7013801e-01   0.0000000e+00   9.9909425e-01
   5.6820910e-01   0.0000000e+00   9.9910090e-01
   5.6628042e-01   0.0000000e+00   9.9910704e-01
   5.6429059e-01   0.0000000e+00   9.9911001e-01
   5.6236199e-01   0.0000000e+00   9.9911810e-01
   5.6043250e-01   0.0000000e+00   9.9913607e-01
   5.5850390e-01   0.0000000e+00   9.9913938e-01
   5.5480029e-01   0.0000000e+00   9.9914235e-01
   5.5275096e-01   0.0000000e+00   9.9915501e-01
   5.5082155e-01   0.0000000e+00   9.9916370e-01
   5.4784262e-01   0.0000000e+00   9.9916947e-01
   5.4587150e-01   0.0000000e+00   9.9917772e-01
   5.4391214e-01   0.0000000e+00   9.9919743e-01
   5.4197217e-01   0.0000000e+00   9.9920502e-01
   5.3908321e-01   0.0000000e+00   9.9920871e-01
   5.3709373e-01   0.0000000e+00   9.9921559e-01
   5.3516481e-01   0.0000000e+00   9.9922132e-01
   5.3298722e-01   0.0000000e+00   9.9922553e-01
   5.3006800e-01   0.0000000e+00   9.9923664e-01
   5.2813875e-01   0.0000000e+00   9.9924030e-01
   5.2605123e-01   0.0000000e+00   9.9924411e-01
   5.2412254e-01   0.0000000e+00   9.9924648e-01
   5.2218180e-01   0.0000000e+00   9.9925456e-01
   5.2013242e-01   0.0000000e+00   9.9926241e-01
   5.1724359e-01   0.0000000e+00   9.9926569e-01
   5.1519421e-01   0.0000000e+00   9.9927335e-01
   5.1230531e-01   0.0000000e+00   9.9927794e-01
   5.1037283e-01   0.0000000e+00   9.9929307e-01
   5.0841303e-01   0.0000000e+00   9.9929942e-01
   5.0640889e-01   0.0000000e+00   9.9930202e-01
   5.0419262e-01   0.0000000e+00   9.9931007e-01
   5.0201512e-01   0.0000000e+00   9.9931543e-01
   5.0008245e-01   0.0000000e+00   9.9932372e-01
   4.9809267e-01   0.0000000e+00   9.9932778e-01
   4.9518940e-01   0.0000000e+00   9.9933103e-01
   4.9325997e-01   0.0000000e+00   9.9933355e-01
   4.9133132e-01   0.0000000e+00   9.9933674e-01
   4.8939810e-01   0.0000000e+00   9.9934042e-01
   4.8746944e-01   0.0000000e+00   9.9934501e-01
   4.8426758e-01   0.0000000e+00   9.9934886e-01
   4.8233881e-01   0.0000000e+00   9.9935449e-01
   4.8039438e-01   0.0000000e+00   9.9935947e-01
   4.7845806e-01   0.0000000e+00   9.9936582e-01
   4.7603920e-01   0.0000000e+00   9.9936908e-01
   4.7407930e-01   0.0000000e+00   9.9937472e-01
   4.7213559e-01   0.0000000e+00   9.9938192e-01
   4.6996483e-01   0.0000000e+00   9.9938599e-01
   4.6707663e-01   0.0000000e+00   9.9938909e-01
   4.6394636e-01   0.0000000e+00   9.9939091e-01
   4.6201779e-01   0.0000000e+00   9.9939448e-01
   4.5885715e-01   0.0000000e+00   9.9939917e-01
   4.5656577e-01   0.0000000e+00   9.9940164e-01
   4.5463323e-01   0.0000000e+00   9.9940459e-01
   4.5140872e-01   0.0000000e+00   9.9940688e-01
   4.4827113e-01   0.0000000e+00   9.9940843e-01
   4.4620653e-01   0.0000000e+00   9.9941137e-01
   4.4321954e-01   0.0000000e+00   9.9941952e-01
   4.4128689e-01   0.0000000e+00   9.9942313e-01
   4.3906765e-01   0.0000000e+00   9.9942586e-01
   4.3683656e-01   0.0000000e+00   9.9943021e-01
   4.3442135e-01   0.0000000e+00   9.9943516e-01
   4.3151946e-01   0.0000000e+00   9.9944112e-01
   4.2751615e-01   0.0000000e+00   9.9944660e-01
   4.2548168e-01   0.0000000e+00   9.9945012e-01
   4.2349190e-01   0.0000000e+00   9.9945403e-01
   4.2130680e-01   0.0000000e+00   9.9945571e-01
   4.1783724e-01   0.0000000e+00   9.9946008e-01
   4.1572727e-01   0.0000000e+00   9.9946353e-01
   4.1373757e-01   0.0000000e+00   9.9946709e-01
   4.1168723e-01   0.0000000e+00   9.9946855e-01
   4.0878703e-01   0.0000000e+00   9.9947261e-01
   4.0538585e-01   0.0000000e+00   9.9947663e-01
   4.0204448e-01   0.0000000e+00   9.9947977e-01
   4.0011512e-01   0.0000000e+00   9.9948169e-01
   3.9809568e-01   0.0000000e+00   9.9948316e-01
   3.9610647e-01   0.0000000e+00   9.9948912e-01
   3.9362675e-01   0.0000000e+00   9.9949095e-01
   3.9159598e-01   0.0000000e+00   9.9949374e-01
   3.8932009e-01   0.0000000e+00   9.9949708e-01
   3.8736047e-01   0.0000000e+00   9.9949922e-01
   3.8392494e-01   0.0000000e+00   9.9950250e-01
   3.8168700e-01   0.0000000e+00   9.9950436e-01
   3.7879821e-01   0.0000000e+00   9.9950540e-01
   3.7659779e-01   0.0000000e+00   9.9950690e-01
   3.7343737e-01   0.0000000e+00   9.9950817e-01
   3.6952854e-01   0.0000000e+00   9.9951055e-01
   3.6660576e-01   0.0000000e+00   9.9951321e-01
   3.6467676e-01   0.0000000e+00   9.9951568e-01
   3.6274012e-01   0.0000000e+00   9.9951926e-01
   3.5863146e-01   0.0000000e+00   9.9952140e-01
   3.5572763e-01   0.0000000e+00   9.9952273e-01
   3.5376459e-01   0.0000000e+00   9.9952458e-01
   3.5139852e-01   0.0000000e+00   9.9952656e-01
   3.4743619e-01   0.0000000e+00   9.9953180e-01
   3.4493032e-01   0.0000000e+00   9.9953385e-01
   3.4204159e-01   0.0000000e+00   9.9953503e-01
   3.4004483e-01   0.0000000e+00   9.9953627e-01
   3.3781455e-01   0.0000000e+00   9.9953736e-01
   3.3582471e-01   0.0000000e+00   9.9953903e-01
   3.3382825e-01   0.0000000e+00   9.9954029e-01
   3.3189876e-01   0.0000000e+00   9.9954207e-01
   3.2940397e-01   0.0000000e+00   9.9954500e-01
   3.2693200e-01   0.0000000e+00   9.9954746e-01
   3.2451644e-01   0.0000000e+00   9.9955277e-01
   3.2246321e-01   0.0000000e+00   9.9955563e-01
   3.1993060e-01   0.0000000e+00   9.9955723e-01
   3.1787360e-01   0.0000000e+00   9.9956094e-01
   3.1485279e-01   0.0000000e+00   9.9956362e-01
   3.1249381e-01   0.0000000e+00   9.9956554e-01
   3.0863783e-01   0.0000000e+00   9.9956844e-01
   3.0644839e-01   0.0000000e+00   9.9957071e-01
   3.0298875e-01   0.0000000e+00   9.9957185e-01
   3.0043409e-01   0.0000000e+00   9.9957456e-01
   2.9841021e-01   0.0000000e+00   9.9957770e-01
   2.9579890e-01   0.0000000e+00   9.9958014e-01
   2.9386224e-01   0.0000000e+00   9.9958372e-01
   2.9152963e-01   0.0000000e+00   9.9958582e-01
   2.8908400e-01   0.0000000e+00   9.9958769e-01
   2.8612725e-01   0.0000000e+00   9.9958996e-01
   2.8323476e-01   0.0000000e+00   9.9959283e-01
   2.7931469e-01   0.0000000e+00   9.9959489e-01
   2.7611310e-01   0.0000000e+00   9.9959694e-01
   2.7307193e-01   0.0000000e+00   9.9959820e-01
   2.7016235e-01   0.0000000e+00   9.9960046e-01
   2.6808187e-01   0.0000000e+00   9.9960163e-01
   2.6607728e-01   0.0000000e+00   9.9960316e-01
   2.6335204e-01   0.0000000e+00   9.9960450e-01
   2.6105738e-01   0.0000000e+00   9.9960675e-01
   2.5816505e-01   0.0000000e+00   9.9960801e-01
   2.5598723e-01   0.0000000e+00   9.9960951e-01
   2.5229910e-01   0.0000000e+00   9.9961158e-01
   2.4985732e-01   0.0000000e+00   9.9961400e-01
   2.4792798e-01   0.0000000e+00   9.9961579e-01
   2.4548234e-01   0.0000000e+00   9.9961802e-01
   2.4354544e-01   0.0000000e+00   9.9961980e-01
   2.4151057e-01   0.0000000e+00   9.9962131e-01
   2.3853101e-01   0.0000000e+00   9.9962253e-01
   2.3537832e-01   0.0000000e+00   9.9962458e-01
   2.3344183e-01   0.0000000e+00   9.9962649e-01
   2.2852079e-01   0.0000000e+00   9.9962794e-01
   2.2453981e-01   0.0000000e+00   9.9963078e-01
   2.2253958e-01   0.0000000e+00   9.9963181e-01
   2.1911742e-01   0.0000000e+00   9.9963364e-01
   2.1682223e-01   0.0000000e+00   9.9963480e-01
   2.1476542e-01   0.0000000e+00   9.9963804e-01
   2.1282840e-01   0.0000000e+00   9.9964043e-01
   2.1078636e-01   0.0000000e+00   9.9964250e-01
   2.0787480e-01   0.0000000e+00   9.9964368e-01
   2.0539177e-01   0.0000000e+00   9.9964604e-01
   2.0296897e-01   0.0000000e+00   9.9964784e-01
   2.0074896e-01   0.0000000e+00   9.9964959e-01
   1.9876005e-01   0.0000000e+00   9.9965191e-01
   1.9679637e-01   0.0000000e+00   9.9965403e-01
   1.9416622e-01   0.0000000e+00   9.9965627e-01
   1.8788176e-01   0.0000000e+00   9.9965941e-01
   1.8588884e-01   0.0000000e+00   9.9966271e-01
   1.8394067e-01   0.0000000e+00   9.9966383e-01
   1.8088999e-01   0.0000000e+00   9.9966571e-01
   1.7671173e-01   0.0000000e+00   9.9966729e-01
   1.7419355e-01   0.0000000e+00   9.9966932e-01
   1.7105066e-01   0.0000000e+00   9.9967137e-01
   1.6621961e-01   0.0000000e+00   9.9967312e-01
   1.6316344e-01   0.0000000e+00   9.9967518e-01
   1.5989376e-01   0.0000000e+00   9.9967687e-01
   1.5772357e-01   0.0000000e+00   9.9968016e-01
   1.5457837e-01   0.0000000e+00   9.9968207e-01
   1.5138610e-01   0.0000000e+00   9.9968320e-01
   1.4839009e-01   0.0000000e+00   9.9968462e-01
   1.4451132e-01   0.0000000e+00   9.9968659e-01
   1.4232606e-01   0.0000000e+00   9.9968979e-01
   1.4039692e-01   0.0000000e+00   9.9969109e-01
   1.3809098e-01   0.0000000e+00   9.9969271e-01
   1.3470841e-01   0.0000000e+00   9.9969759e-01
   1.3275666e-01   0.0000000e+00   9.9969927e-01
   1.3078995e-01   0.0000000e+00   9.9970225e-01
   1.2870977e-01   0.0000000e+00   9.9970326e-01
   1.2672035e-01   0.0000000e+00   9.9970454e-01
   1.2428985e-01   0.0000000e+00   9.9970669e-01
   1.1984506e-01   0.0000000e+00   9.9970871e-01
   1.1643576e-01   0.0000000e+00   9.9971214e-01
   1.1400532e-01   0.0000000e+00   9.9971374e-01
   1.1192557e-01   0.0000000e+00   9.9971850e-01
   1.0801674e-01   0.0000000e+00   9.9972022e-01
   1.0595214e-01   0.0000000e+00   9.9972168e-01
   1.0392491e-01   0.0000000e+00   9.9972360e-01
   1.0101192e-01   0.0000000e+00   9.9972652e-01
   9.8581465e-02   0.0000000e+00   9.9972823e-01
   9.6637255e-02   0.0000000e+00   9.9973088e-01
   9.4644300e-02   0.0000000e+00   9.9973506e-01
   9.2647270e-02   0.0000000e+00   9.9973627e-01
   9.0718175e-02   0.0000000e+00   9.9973931e-01
   8.8529065e-02   0.0000000e+00   9.9974145e-01
   8.4676865e-02   0.0000000e+00   9.9974412e-01
   8.2672520e-02   0.0000000e+00   9.9974641e-01
   8.0121390e-02   0.0000000e+00   9.9974800e-01
   9.5655855e-02   0.0000000e+00   9.9971923e-01
   9.3696420e-02   0.0000000e+00   9.9972092e-01
   9.1204930e-02   0.0000000e+00   9.9972865e-01
   8.8031230e-02   0.0000000e+00   9.9973409e-01
   8.5845600e-02   0.0000000e+00   9.9974133e-01
   8.3908605e-02   0.0000000e+00   9.9974564e-01
   8.1851285e-02   0.0000000e+00   9.9975751e-01
   1.5984360e-01   0.0000000e+00   9.9963263e-01
   1.5790482e-01   0.0000000e+00   9.9963595e-01
   1.5595022e-01   0.0000000e+00   9.9963746e-01
   1.5401091e-01   0.0000000e+00   9.9964135e-01
   1.5158937e-01   0.0000000e+00   9.9964442e-01
   1.5366299e-01   0.0000000e+00   9.9963978e-01
   1.5065948e-01   0.0000000e+00   9.9964387e-01
   1.5580500e-01   0.0000000e+00   9.9963191e-01
   1.5216889e-01   0.0000000e+00   9.9963456e-01
   1.4902178e-01   0.0000000e+00   9.9963672e-01
   1.4659996e-01   0.0000000e+00   9.9963803e-01
   1.4344665e-01   0.0000000e+00   9.9964044e-01
   1.4029305e-01   0.0000000e+00   9.9964250e-01
   1.3835448e-01   0.0000000e+00   9.9964509e-01
   1.3593267e-01   0.0000000e+00   9.9964750e-01
   1.3156536e-01   0.0000000e+00   9.9964884e-01
   1.2956634e-01   0.0000000e+00   9.9965153e-01
   1.2756706e-01   0.0000000e+00   9.9965384e-01
   1.2562826e-01   0.0000000e+00   9.9965562e-01
   1.2247492e-01   0.0000000e+00   9.9965850e-01
   1.2252180e-01   0.0000000e+00   9.9965631e-01
   1.1961045e-01   0.0000000e+00   9.9965938e-01
   1.1767236e-01   0.0000000e+00   9.9966062e-01
   1.1464059e-01   0.0000000e+00   9.9966331e-01
   1.1172950e-01   0.0000000e+00   9.9966494e-01
   1.0979066e-01   0.0000000e+00   9.9966818e-01
   1.0664553e-01   0.0000000e+00   9.9967100e-01
   1.0422419e-01   0.0000000e+00   9.9967200e-01
   1.0517415e-01   0.0000000e+00   9.9966850e-01
   1.0323604e-01   0.0000000e+00   9.9967175e-01
   1.0008431e-01   0.0000000e+00   9.9967438e-01
   9.7173675e-02   0.0000000e+00   9.9967675e-01
   9.5235300e-02   0.0000000e+00   9.9967825e-01
   9.3297675e-02   0.0000000e+00   9.9968188e-01
   9.1359300e-02   0.0000000e+00   9.9968425e-01
   8.8448825e-02   0.0000000e+00   9.9968625e-01
   8.6269800e-02   0.0000000e+00   9.9968988e-01
   8.4331912e-02   0.0000000e+00   9.9969162e-01
   8.0455788e-02   0.0000000e+00   9.9969363e-01
   7.7545125e-02   0.0000000e+00   9.9969837e-01
   7.5606988e-02   0.0000000e+00   9.9970063e-01
   7.3186360e-02   0.0000000e+00   9.9970487e-01
   6.9800430e-02   0.0000000e+00   9.9970912e-01
   6.7379826e-02   0.0000000e+00   9.9971150e-01
   6.5441834e-02   0.0000000e+00   9.9971300e-01
   6.2290180e-02   0.0000000e+00   9.9971562e-01
   6.3001500e-02   0.0000000e+00   9.9971225e-01
   6.0582725e-02   0.0000000e+00   9.9971450e-01
   5.7190250e-02   0.0000000e+00   9.9971725e-01
   5.2343350e-02   0.0000000e+00   9.9972050e-01
   4.9433478e-02   0.0000000e+00   9.9972300e-01
   4.7496408e-02   0.0000000e+00   9.9972500e-01
   4.5076713e-02   0.0000000e+00   9.9972950e-01
   4.2656965e-02   0.0000000e+00   9.9973325e-01
   4.0719895e-02   0.0000000e+00   9.9973775e-01
   5.4219350e-02   0.0000000e+00   9.9970800e-01
   5.1308550e-02   0.0000000e+00   9.9971100e-01
   4.9370550e-02   0.0000000e+00   9.9971650e-01
   4.5502050e-02   0.0000000e+00   9.9972100e-01
   4.2598750e-02   0.0000000e+00   9.9972200e-01
   4.0660750e-02   0.0000000e+00   9.9972550e-01
   3.7757450e-02   0.0000000e+00   9.9973050e-01
   3.4846650e-02   0.0000000e+00   9.9973300e-01
   3.0963150e-02   0.0000000e+00   9.9973600e-01
   2.9025100e-02   0.0000000e+00   9.9973750e-01
   2.6114350e-02   0.0000000e+00   9.9974150e-01
   2.4176350e-02   0.0000000e+00   9.9974300e-01
   2.2238315e-02   0.0000000e+00   9.9974450e-01
   2.0300300e-02   0.0000000e+00   9.9975750e-01
   1.8362290e-02   0.0000000e+00   9.9975950e-01
   1.6424275e-02   0.0000000e+00   9.9976400e-01
   1.4486265e-02   0.0000000e+00   9.9976900e-01
   2.5096500e-02   0.0000000e+00   9.9974700e-01
   2.3166000e-02   0.0000000e+00   9.9975100e-01
   2.1235500e-02   0.0000000e+00   9.9975400e-01
   1.9305000e-02   0.0000000e+00   9.9975800e-01
   1.5444000e-02   0.0000000e+00   9.9976200e-01
   9.6525100e-03   0.0000000e+00   9.9977300e-01
   7.7220100e-03   0.0000000e+00   9.9977600e-01
   5.7915100e-03   0.0000000e+00   9.9979100e-01
   3.8610000e-03   0.0000000e+00   9.9980800e-01
   1.9305000e-03   0.0000000e+00   9.9980900e-01
