   7.0854973e-01   2.0100000e+02
   7.0854973e-01   2.0000000e+02
   7.0854973e-01   1.9900000e+02
   7.0854545e-01   1.9800000e+02
   7.0854545e-01   1.9700000e+02
   7.0854545e-01   1.9600000e+02
   7.0854545e-01   1.9500000e+02
   7.0854545e-01   1.9400000e+02
   7.0854545e-01   1.9300000e+02
   7.0854545e-01   1.9200000e+02
   7.0854545e-01   1.9100000e+02
   7.0854545e-01   1.9000000e+02
   7.0854545e-01   1.8900000e+02
   7.0846920e-01   1.8800000e+02
   7.0846898e-01   1.8700000e+02
   7.0787198e-01   1.8700000e+02
   7.0787198e-01   1.8600000e+02
   7.0787198e-01   1.8500000e+02
   7.0787001e-01   1.8400000e+02
   7.0787001e-01   1.8300000e+02
   7.0786882e-01   1.8200000e+02
   7.0786882e-01   1.8100000e+02
   7.0786882e-01   1.8000000e+02
   7.0786882e-01   1.7900000e+02
   7.0786882e-01   1.7800000e+02
   7.0786882e-01   1.7700000e+02
   7.0784860e-01   1.7600000e+02
   7.0784860e-01   1.7500000e+02
   7.0784860e-01   1.7400000e+02
   7.0783029e-01   1.7300000e+02
   7.0783029e-01   1.7200000e+02
   7.0782719e-01   1.7100000e+02
   7.0782719e-01   1.7000000e+02
   7.0782719e-01   1.6900000e+02
   7.0774570e-01   1.6800000e+02
   7.0764110e-01   1.6700000e+02
   7.0764110e-01   1.6600000e+02
   7.0763519e-01   1.6500000e+02
   7.0763519e-01   1.6400000e+02
   7.0763080e-01   1.6300000e+02
   7.0763080e-01   1.6200000e+02
   7.0763080e-01   1.6100000e+02
   7.0762930e-01   1.6000000e+02
   7.0762930e-01   1.5900000e+02
   7.0762930e-01   1.5800000e+02
   7.0748443e-01   1.5700000e+02
   7.0748443e-01   1.5600000e+02
   7.0748443e-01   1.5500000e+02
   7.0748443e-01   1.5400000e+02
   7.0748443e-01   1.5300000e+02
   7.0748443e-01   1.5200000e+02
   7.0748443e-01   1.5100000e+02
   7.0748443e-01   1.5000000e+02
   7.0748233e-01   1.4900000e+02
   7.0748195e-01   1.4800000e+02
   7.0697695e-01   1.4800000e+02
   7.0644745e-01   1.4700000e+02
   7.0644745e-01   1.4600000e+02
   7.0631756e-01   1.4500000e+02
   7.0631581e-01   1.4400000e+02
   7.0631405e-01   1.4300000e+02
   7.0622268e-01   1.4200000e+02
   7.0622268e-01   1.4100000e+02
   7.0622268e-01   1.4000000e+02
   7.0622268e-01   1.3900000e+02
   7.0622268e-01   1.3800000e+02
   7.0622268e-01   1.3700000e+02
   7.0622215e-01   1.3600000e+02
   7.0622215e-01   1.3500000e+02
   7.0617093e-01   1.3400000e+02
   7.0616838e-01   1.3300000e+02
   7.0600688e-01   1.3200000e+02
   7.0600688e-01   1.3100000e+02
   7.0600688e-01   1.3000000e+02
   7.0600688e-01   1.2900000e+02
   7.0600688e-01   1.2800000e+02
   7.0600688e-01   1.2700000e+02
   7.0600254e-01   1.2600000e+02
   7.0600254e-01   1.2500000e+02
   7.0597679e-01   1.2400000e+02
   7.0591428e-01   1.2300000e+02
   7.0590818e-01   1.2200000e+02
   7.0568992e-01   1.2200000e+02
   7.0559543e-01   1.2100000e+02
   7.0559543e-01   1.2000000e+02
   7.0559543e-01   1.1900000e+02
   7.0558102e-01   1.1800000e+02
   7.0558102e-01   1.1700000e+02
   7.0558102e-01   1.1600000e+02
   7.0555093e-01   1.1500000e+02
   7.0554983e-01   1.1400000e+02
   7.0554983e-01   1.1300000e+02
   7.0554983e-01   1.1200000e+02
   7.0535583e-01   1.1100000e+02
   7.0535583e-01   1.1000000e+02
   7.0448171e-01   1.0900000e+02
   7.0448171e-01   1.0800000e+02
   7.0437821e-01   1.0700000e+02
   7.0437821e-01   1.0600000e+02
   7.0434324e-01   1.0500000e+02
   7.0433585e-01   1.0400000e+02
   7.0421110e-01   1.0300000e+02
   7.0421110e-01   1.0200000e+02
   7.0367209e-01   1.0200000e+02
   7.0367055e-01   1.0100000e+02
   7.0357555e-01   1.0000000e+02
   7.0263580e-01   9.9000000e+01
   7.0250793e-01   9.9000000e+01
   7.0250419e-01   9.8000000e+01
   7.0237144e-01   9.7000000e+01
   7.0237144e-01   9.6000000e+01
   7.0233805e-01   9.5000000e+01
   7.0232855e-01   9.4000000e+01
   7.0231928e-01   9.3000000e+01
   7.0231928e-01   9.2000000e+01
   7.0231928e-01   9.1000000e+01
   7.0231928e-01   9.0000000e+01
   7.0231928e-01   8.9000000e+01
   7.0231928e-01   8.8000000e+01
   7.0167438e-01   8.7000000e+01
   7.0167438e-01   8.6000000e+01
   7.0167211e-01   8.5000000e+01
   7.0148360e-01   8.4000000e+01
   7.0143926e-01   8.3000000e+01
   7.0124433e-01   8.2000000e+01
   7.0124433e-01   8.1000000e+01
   7.0124230e-01   8.0000000e+01
   7.0124062e-01   7.9000000e+01
   7.0123888e-01   7.8000000e+01
   7.0123888e-01   7.7000000e+01
   7.0110063e-01   7.7000000e+01
   7.0103195e-01   7.6000000e+01
   7.0103195e-01   7.5000000e+01
   7.0075945e-01   7.4000000e+01
   7.0070151e-01   7.3000000e+01
   7.0070151e-01   7.2000000e+01
   7.0069273e-01   7.1000000e+01
   7.0058048e-01   7.0000000e+01
   7.0058048e-01   6.9000000e+01
   7.0051948e-01   6.8000000e+01
   7.0020448e-01   6.7000000e+01
   7.0020448e-01   6.6000000e+01
   7.0012937e-01   6.5000000e+01
   6.9942831e-01   6.5000000e+01
   6.9942831e-01   6.4000000e+01
   6.9942740e-01   6.3000000e+01
   6.9867992e-01   6.2000000e+01
   6.9867992e-01   6.1000000e+01
   6.9866596e-01   6.0000000e+01
   6.9866468e-01   5.9000000e+01
   6.9866111e-01   5.8000000e+01
   6.9865498e-01   5.7000000e+01
   6.9864375e-01   5.6000000e+01
   6.9849334e-01   5.5000000e+01
   6.9767157e-01   5.5000000e+01
   6.9748031e-01   5.4000000e+01
   6.9705115e-01   5.3000000e+01
   6.9647850e-01   5.3000000e+01
   6.9641244e-01   5.2000000e+01
   6.9561602e-01   5.1000000e+01
   6.9497153e-01   5.1000000e+01
   6.9496857e-01   5.0000000e+01
   6.9496857e-01   4.9000000e+01
   6.9492438e-01   4.8000000e+01
   6.9490116e-01   4.7000000e+01
   6.9457254e-01   4.6000000e+01
   6.9371256e-01   4.5000000e+01
   6.9354767e-01   4.5000000e+01
   6.9310834e-01   4.4000000e+01
   6.9236562e-01   4.3000000e+01
   6.9165815e-01   4.3000000e+01
   6.9165593e-01   4.2000000e+01
   6.9144668e-01   4.1000000e+01
   6.9097879e-01   4.0000000e+01
   6.9049169e-01   4.0000000e+01
   6.8950409e-01   3.9000000e+01
   6.8948023e-01   3.8000000e+01
   6.8855994e-01   3.8000000e+01
   6.8778289e-01   3.7000000e+01
   6.8772070e-01   3.7000000e+01
   6.8698963e-01   3.6000000e+01
   6.8606403e-01   3.6000000e+01
   6.8471090e-01   3.6000000e+01
   6.8447551e-01   3.5000000e+01
   6.8424765e-01   3.4000000e+01
   6.8407394e-01   3.3000000e+01
   6.8321753e-01   3.3000000e+01
   6.8233703e-01   3.2000000e+01
   6.8139890e-01   3.2000000e+01
   6.8126920e-01   3.1000000e+01
   6.8038996e-01   3.0000000e+01
   6.7909487e-01   3.0000000e+01
   6.7865798e-01   3.0000000e+01
   6.7799054e-01   2.9000000e+01
   6.7720959e-01   2.9000000e+01
   6.7640437e-01   2.8000000e+01
   6.7552320e-01   2.8000000e+01
   6.7453253e-01   2.8000000e+01
   6.7367190e-01   2.7000000e+01
   6.7276070e-01   2.7000000e+01
   6.7171577e-01   2.7000000e+01
   6.7090593e-01   2.6000000e+01
   6.7023589e-01   2.6000000e+01
   6.6953034e-01   2.5000000e+01
   6.6847692e-01   2.5000000e+01
   6.6768476e-01   2.5000000e+01
   6.6709621e-01   2.4000000e+01
   6.6634843e-01   2.4000000e+01
   6.6609304e-01   2.3000000e+01
   6.6524487e-01   2.2000000e+01
   6.6460615e-01   2.2000000e+01
   6.6340675e-01   2.2000000e+01
   6.6273051e-01   2.1000000e+01
   6.6175551e-01   2.1000000e+01
   6.6068422e-01   2.1000000e+01
   6.5979936e-01   2.0000000e+01
   6.5893457e-01   2.0000000e+01
   6.5808837e-01   2.0000000e+01
   6.5717783e-01   1.9000000e+01
   6.5609444e-01   1.9000000e+01
   6.5575222e-01   1.8000000e+01
   6.5482690e-01   1.8000000e+01
   6.5352216e-01   1.8000000e+01
   6.5234438e-01   1.7000000e+01
   6.5102568e-01   1.7000000e+01
   6.5009343e-01   1.7000000e+01
   6.4926676e-01   1.7000000e+01
   6.4834088e-01   1.6000000e+01
   6.4719572e-01   1.6000000e+01
   6.4637749e-01   1.6000000e+01
   6.4537088e-01   1.5000000e+01
   6.4510800e-01   1.4000000e+01
   6.4389367e-01   1.4000000e+01
   6.4290937e-01   1.4000000e+01
   6.4181875e-01   1.4000000e+01
   6.4068232e-01   1.3000000e+01
   6.3968524e-01   1.3000000e+01
   6.3847621e-01   1.3000000e+01
   6.3732415e-01   1.3000000e+01
   6.3598595e-01   1.3000000e+01
   6.3498830e-01   1.2000000e+01
   6.3402197e-01   1.2000000e+01
   6.3259629e-01   1.2000000e+01
   6.3110955e-01   1.2000000e+01
   6.3027727e-01   1.2000000e+01
   6.2872024e-01   1.1000000e+01
   6.2768134e-01   1.1000000e+01
   6.2658207e-01   1.1000000e+01
   6.2558670e-01   1.0000000e+01
   6.2500661e-01   1.0000000e+01
   6.2397971e-01   1.0000000e+01
   6.2254279e-01   1.0000000e+01
   6.2128903e-01   9.0000000e+00
   6.2031141e-01   9.0000000e+00
   6.1937464e-01   9.0000000e+00
   6.1824853e-01   9.0000000e+00
   6.1726065e-01   8.0000000e+00
   6.1616764e-01   8.0000000e+00
   6.1521516e-01   8.0000000e+00
   6.1407119e-01   7.0000000e+00
   6.1282502e-01   7.0000000e+00
   6.1213729e-01   7.0000000e+00
   6.1130582e-01   7.0000000e+00
   6.1025006e-01   6.0000000e+00
   6.0890818e-01   6.0000000e+00
   6.0791825e-01   6.0000000e+00
   6.0665146e-01   6.0000000e+00
   6.0542664e-01   6.0000000e+00
   6.0441262e-01   5.0000000e+00
   6.0305323e-01   5.0000000e+00
   6.0204674e-01   5.0000000e+00
   6.0072702e-01   5.0000000e+00
   5.9944164e-01   5.0000000e+00
   5.9835723e-01   5.0000000e+00
   5.9729921e-01   5.0000000e+00
   5.9623589e-01   4.0000000e+00
   5.9472393e-01   4.0000000e+00
   5.9351427e-01   4.0000000e+00
   5.9222027e-01   4.0000000e+00
   5.9091838e-01   4.0000000e+00
   5.8969653e-01   4.0000000e+00
   5.8836924e-01   4.0000000e+00
   5.8711271e-01   4.0000000e+00
   5.8586906e-01   4.0000000e+00
   5.8485287e-01   4.0000000e+00
   5.8338878e-01   4.0000000e+00
   5.8214692e-01   4.0000000e+00
   5.8087825e-01   3.0000000e+00
   5.7953139e-01   3.0000000e+00
   5.7811333e-01   3.0000000e+00
   5.7676171e-01   3.0000000e+00
   5.7545372e-01   3.0000000e+00
   5.7417813e-01   3.0000000e+00
   5.7284830e-01   3.0000000e+00
   5.7164740e-01   3.0000000e+00
   5.7018068e-01   3.0000000e+00
   5.6897003e-01   3.0000000e+00
   5.6755676e-01   3.0000000e+00
   5.6627012e-01   3.0000000e+00
   5.6493604e-01   3.0000000e+00
   5.6389994e-01   3.0000000e+00
   5.6248006e-01   3.0000000e+00
   5.6109396e-01   3.0000000e+00
   5.5972973e-01   3.0000000e+00
   5.5834123e-01   3.0000000e+00
   5.5691349e-01   3.0000000e+00
   5.5548559e-01   3.0000000e+00
   5.5400465e-01   3.0000000e+00
   5.5251626e-01   3.0000000e+00
   5.5114276e-01   3.0000000e+00
   5.4966066e-01   3.0000000e+00
   5.4831462e-01   3.0000000e+00
   5.4700662e-01   3.0000000e+00
   5.4561149e-01   3.0000000e+00
   5.4344400e-01   3.0000000e+00
   5.4204244e-01   3.0000000e+00
   5.4067449e-01   3.0000000e+00
   5.3928562e-01   3.0000000e+00
   5.3803824e-01   2.0000000e+00
   5.3668441e-01   2.0000000e+00
   5.3533470e-01   2.0000000e+00
   5.3414484e-01   2.0000000e+00
   5.3280293e-01   2.0000000e+00
   5.3159197e-01   2.0000000e+00
   5.3050092e-01   2.0000000e+00
   5.2909796e-01   2.0000000e+00
   5.2771997e-01   2.0000000e+00
   5.2657437e-01   2.0000000e+00
   5.2518668e-01   2.0000000e+00
   5.2380022e-01   2.0000000e+00
   5.2254424e-01   2.0000000e+00
   5.2149570e-01   1.0000000e+00
   5.2012178e-01   1.0000000e+00
   5.1870077e-01   1.0000000e+00
   5.1743069e-01   1.0000000e+00
   5.1621494e-01   1.0000000e+00
   5.1506742e-01   1.0000000e+00
   5.1370189e-01   1.0000000e+00
   5.1241148e-01   1.0000000e+00
   5.1095605e-01   1.0000000e+00
   5.0959706e-01   1.0000000e+00
   5.0819120e-01   1.0000000e+00
   5.0672218e-01   1.0000000e+00
   5.0528911e-01   1.0000000e+00
   5.0385271e-01   1.0000000e+00
   5.0240437e-01   1.0000000e+00
   5.0105587e-01   1.0000000e+00
   4.9959419e-01   1.0000000e+00
   4.9821295e-01   1.0000000e+00
   4.9711073e-01   1.0000000e+00
   4.9561606e-01   1.0000000e+00
   4.9424168e-01   1.0000000e+00
   4.9294251e-01   1.0000000e+00
   4.9142111e-01   1.0000000e+00
   4.9001948e-01   1.0000000e+00
   4.8862541e-01   1.0000000e+00
   4.8718057e-01   1.0000000e+00
   4.8578705e-01   1.0000000e+00
   4.8454221e-01   1.0000000e+00
   4.8321141e-01   1.0000000e+00
   4.8191266e-01   1.0000000e+00
   4.8060965e-01   1.0000000e+00
   4.7935931e-01   1.0000000e+00
   4.7727380e-01   1.0000000e+00
   4.7586263e-01   1.0000000e+00
   4.7340392e-01   1.0000000e+00
   4.7217756e-01   1.0000000e+00
   4.7085456e-01   1.0000000e+00
   4.6949805e-01   1.0000000e+00
   4.6803935e-01   1.0000000e+00
   4.6660071e-01   1.0000000e+00
   4.6477321e-01   1.0000000e+00
   4.6331656e-01   1.0000000e+00
   4.6192669e-01   1.0000000e+00
   4.6057107e-01   1.0000000e+00
   4.5917257e-01   0.0000000e+00
   4.5772447e-01   0.0000000e+00
   4.5641356e-01   0.0000000e+00
   4.5502166e-01   0.0000000e+00
   4.5361624e-01   0.0000000e+00
   4.5198895e-01   0.0000000e+00
   4.5044560e-01   0.0000000e+00
   4.4905165e-01   0.0000000e+00
   4.4772695e-01   0.0000000e+00
   4.4641027e-01   0.0000000e+00
   4.4506400e-01   0.0000000e+00
   4.4363728e-01   0.0000000e+00
   4.4156719e-01   0.0000000e+00
   4.4005264e-01   0.0000000e+00
   4.3878534e-01   0.0000000e+00
   4.3742358e-01   0.0000000e+00
   4.3576389e-01   0.0000000e+00
   4.3449629e-01   0.0000000e+00
   4.3288025e-01   0.0000000e+00
   4.3139222e-01   0.0000000e+00
   4.3000304e-01   0.0000000e+00
   4.2863199e-01   0.0000000e+00
   4.2717920e-01   0.0000000e+00
   4.2566383e-01   0.0000000e+00
   4.2414975e-01   0.0000000e+00
   4.2257117e-01   0.0000000e+00
   4.2041126e-01   0.0000000e+00
   4.1811741e-01   0.0000000e+00
   4.1681101e-01   0.0000000e+00
   4.1542205e-01   0.0000000e+00
   4.1395744e-01   0.0000000e+00
   4.1255962e-01   0.0000000e+00
   4.1122512e-01   0.0000000e+00
   4.0984139e-01   0.0000000e+00
   4.0718836e-01   0.0000000e+00
   4.0567588e-01   0.0000000e+00
   4.0427346e-01   0.0000000e+00
   4.0202794e-01   0.0000000e+00
   4.0058508e-01   0.0000000e+00
   3.9913878e-01   0.0000000e+00
   3.9773802e-01   0.0000000e+00
   3.9560516e-01   0.0000000e+00
   3.9415008e-01   0.0000000e+00
   3.9282947e-01   0.0000000e+00
   3.9124750e-01   0.0000000e+00
   3.8901464e-01   0.0000000e+00
   3.8759384e-01   0.0000000e+00
   3.8606014e-01   0.0000000e+00
   3.8466131e-01   0.0000000e+00
   3.8322104e-01   0.0000000e+00
   3.8175594e-01   0.0000000e+00
   3.7964007e-01   0.0000000e+00
   3.7808598e-01   0.0000000e+00
   3.7586637e-01   0.0000000e+00
   3.7445032e-01   0.0000000e+00
   3.7300301e-01   0.0000000e+00
   3.7149182e-01   0.0000000e+00
   3.6981575e-01   0.0000000e+00
   3.6827288e-01   0.0000000e+00
   3.6681089e-01   0.0000000e+00
   3.6530632e-01   0.0000000e+00
   3.6321270e-01   0.0000000e+00
   3.6188681e-01   0.0000000e+00
   3.6048020e-01   0.0000000e+00
   3.5905348e-01   0.0000000e+00
   3.5754902e-01   0.0000000e+00
   3.5539869e-01   0.0000000e+00
   3.5387932e-01   0.0000000e+00
   3.5243148e-01   0.0000000e+00
   3.5095510e-01   0.0000000e+00
   3.4916537e-01   0.0000000e+00
   3.4772590e-01   0.0000000e+00
   3.4630761e-01   0.0000000e+00
   3.4468382e-01   0.0000000e+00
   3.4262485e-01   0.0000000e+00
   3.4032157e-01   0.0000000e+00
   3.3899260e-01   0.0000000e+00
   3.3664352e-01   0.0000000e+00
   3.3487796e-01   0.0000000e+00
   3.3346036e-01   0.0000000e+00
   3.3115894e-01   0.0000000e+00
   3.2889911e-01   0.0000000e+00
   3.2745897e-01   0.0000000e+00
   3.2525798e-01   0.0000000e+00
   3.2384817e-01   0.0000000e+00
   3.2230226e-01   0.0000000e+00
   3.2058503e-01   0.0000000e+00
   3.1879915e-01   0.0000000e+00
   3.1664837e-01   0.0000000e+00
   3.1370554e-01   0.0000000e+00
   3.1226149e-01   0.0000000e+00
   3.1084151e-01   0.0000000e+00
   3.0931585e-01   0.0000000e+00
   3.0677005e-01   0.0000000e+00
   3.0523600e-01   0.0000000e+00
   3.0393276e-01   0.0000000e+00
   3.0244725e-01   0.0000000e+00
   3.0024145e-01   0.0000000e+00
   2.9767953e-01   0.0000000e+00
   2.9516858e-01   0.0000000e+00
   2.9379968e-01   0.0000000e+00
   2.9228630e-01   0.0000000e+00
   2.9073954e-01   0.0000000e+00
   2.8897385e-01   0.0000000e+00
   2.8744346e-01   0.0000000e+00
   2.8574476e-01   0.0000000e+00
   2.8436469e-01   0.0000000e+00
   2.8186625e-01   0.0000000e+00
   2.8018491e-01   0.0000000e+00
   2.7794499e-01   0.0000000e+00
   2.7630848e-01   0.0000000e+00
   2.7396495e-01   0.0000000e+00
   2.7100213e-01   0.0000000e+00
   2.6890391e-01   0.0000000e+00
   2.6747878e-01   0.0000000e+00
   2.6604256e-01   0.0000000e+00
   2.6303071e-01   0.0000000e+00
   2.6084344e-01   0.0000000e+00
   2.5932702e-01   0.0000000e+00
   2.5761304e-01   0.0000000e+00
   2.5486006e-01   0.0000000e+00
   2.5300596e-01   0.0000000e+00
   2.5084789e-01   0.0000000e+00
   2.4939021e-01   0.0000000e+00
   2.4773244e-01   0.0000000e+00
   2.4640842e-01   0.0000000e+00
   2.4493452e-01   0.0000000e+00
   2.4343637e-01   0.0000000e+00
   2.4159144e-01   0.0000000e+00
   2.3987448e-01   0.0000000e+00
   2.3813484e-01   0.0000000e+00
   2.3654864e-01   0.0000000e+00
   2.3463822e-01   0.0000000e+00
   2.3305344e-01   0.0000000e+00
   2.3079341e-01   0.0000000e+00
   2.2911788e-01   0.0000000e+00
   2.2631000e-01   0.0000000e+00
   2.2460131e-01   0.0000000e+00
   2.2206689e-01   0.0000000e+00
   2.2035478e-01   0.0000000e+00
   2.1878095e-01   0.0000000e+00
   2.1679538e-01   0.0000000e+00
   2.1535742e-01   0.0000000e+00
   2.1358594e-01   0.0000000e+00
   2.1175375e-01   0.0000000e+00
   2.0949967e-01   0.0000000e+00
   2.0733055e-01   0.0000000e+00
   2.0444739e-01   0.0000000e+00
   2.0205146e-01   0.0000000e+00
   1.9980991e-01   0.0000000e+00
   1.9774302e-01   0.0000000e+00
   1.9625260e-01   0.0000000e+00
   1.9480129e-01   0.0000000e+00
   1.9285061e-01   0.0000000e+00
   1.9121994e-01   0.0000000e+00
   1.8912754e-01   0.0000000e+00
   1.8746151e-01   0.0000000e+00
   1.8464818e-01   0.0000000e+00
   1.8286952e-01   0.0000000e+00
   1.8156688e-01   0.0000000e+00
   1.7975148e-01   0.0000000e+00
   1.7832477e-01   0.0000000e+00
   1.7683556e-01   0.0000000e+00
   1.7486346e-01   0.0000000e+00
   1.7262634e-01   0.0000000e+00
   1.7120304e-01   0.0000000e+00
   1.6756414e-01   0.0000000e+00
   1.6467533e-01   0.0000000e+00
   1.6325132e-01   0.0000000e+00
   1.6075712e-01   0.0000000e+00
   1.5908414e-01   0.0000000e+00
   1.5757357e-01   0.0000000e+00
   1.5609006e-01   0.0000000e+00
   1.5458693e-01   0.0000000e+00
   1.5252063e-01   0.0000000e+00
   1.5074032e-01   0.0000000e+00
   1.4887504e-01   0.0000000e+00
   1.4722546e-01   0.0000000e+00
   1.4571652e-01   0.0000000e+00
   1.4430543e-01   0.0000000e+00
   1.4250366e-01   0.0000000e+00
   1.3774827e-01   0.0000000e+00
   1.3628852e-01   0.0000000e+00
   1.3490120e-01   0.0000000e+00
   1.3274473e-01   0.0000000e+00
   1.2964187e-01   0.0000000e+00
   1.2773276e-01   0.0000000e+00
   1.2549239e-01   0.0000000e+00
   1.2180149e-01   0.0000000e+00
   1.1950560e-01   0.0000000e+00
   1.1707397e-01   0.0000000e+00
   1.1553000e-01   0.0000000e+00
   1.1319985e-01   0.0000000e+00
   1.1081990e-01   0.0000000e+00
   1.0866253e-01   0.0000000e+00
   1.0575373e-01   0.0000000e+00
   1.0412717e-01   0.0000000e+00
   1.0269150e-01   0.0000000e+00
   1.0102400e-01   0.0000000e+00
   9.8600245e-02   0.0000000e+00
   9.7150445e-02   0.0000000e+00
   9.5679710e-02   0.0000000e+00
   9.4063765e-02   0.0000000e+00
   9.2770295e-02   0.0000000e+00
   9.1034415e-02   0.0000000e+00
   8.7767555e-02   0.0000000e+00
   8.5379445e-02   0.0000000e+00
   8.3553845e-02   0.0000000e+00
   8.2174345e-02   0.0000000e+00
   7.9241390e-02   0.0000000e+00
   7.7793140e-02   0.0000000e+00
   7.6331030e-02   0.0000000e+00
   7.4170175e-02   0.0000000e+00
   7.2430700e-02   0.0000000e+00
   7.1038975e-02   0.0000000e+00
   6.9538905e-02   0.0000000e+00
   6.8064415e-02   0.0000000e+00
   6.6603150e-02   0.0000000e+00
   6.4952750e-02   0.0000000e+00
   6.2029730e-02   0.0000000e+00
   6.0646560e-02   0.0000000e+00
   5.8781495e-02   0.0000000e+00
   7.0282955e-02   0.0000000e+00
   6.8882150e-02   0.0000000e+00
   6.7112275e-02   0.0000000e+00
   6.4720835e-02   0.0000000e+00
   6.3137230e-02   0.0000000e+00
   6.1782385e-02   0.0000000e+00
   6.0272490e-02   0.0000000e+00
   1.1761408e-01   0.0000000e+00
   1.1621115e-01   0.0000000e+00
   1.1475957e-01   0.0000000e+00
   1.1329527e-01   0.0000000e+00
   1.1151400e-01   0.0000000e+00
   1.1304967e-01   0.0000000e+00
   1.1079731e-01   0.0000000e+00
   1.1452643e-01   0.0000000e+00
   1.1194776e-01   0.0000000e+00
   1.0961078e-01   0.0000000e+00
   1.0791096e-01   0.0000000e+00
   1.0555900e-01   0.0000000e+00
   1.0320781e-01   0.0000000e+00
   1.0184604e-01   0.0000000e+00
   1.0004719e-01   0.0000000e+00
   9.6784239e-02   0.0000000e+00
   9.5270461e-02   0.0000000e+00
   9.3874181e-02   0.0000000e+00
   9.2446093e-02   0.0000000e+00
   9.0122602e-02   0.0000000e+00
   9.0162512e-02   0.0000000e+00
   8.7950000e-02   0.0000000e+00
   8.6523619e-02   0.0000000e+00
   8.4174342e-02   0.0000000e+00
   8.1977929e-02   0.0000000e+00
   8.0568241e-02   0.0000000e+00
   7.8260189e-02   0.0000000e+00
   7.6500095e-02   0.0000000e+00
   7.7208325e-02   0.0000000e+00
   7.5808962e-02   0.0000000e+00
   7.3657787e-02   0.0000000e+00
   7.1527862e-02   0.0000000e+00
   7.0107850e-02   0.0000000e+00
   6.8670062e-02   0.0000000e+00
   6.7183713e-02   0.0000000e+00
   6.4958300e-02   0.0000000e+00
   6.3464663e-02   0.0000000e+00
   6.1965038e-02   0.0000000e+00
   5.9078638e-02   0.0000000e+00
   5.6954250e-02   0.0000000e+00
   5.5564567e-02   0.0000000e+00
   5.3756940e-02   0.0000000e+00
   5.1231115e-02   0.0000000e+00
   4.9428590e-02   0.0000000e+00
   4.7929070e-02   0.0000000e+00
   4.5562585e-02   0.0000000e+00
   4.6142750e-02   0.0000000e+00
   4.4331475e-02   0.0000000e+00
   4.1949100e-02   0.0000000e+00
   3.8381370e-02   0.0000000e+00
   3.6243352e-02   0.0000000e+00
   3.4834073e-02   0.0000000e+00
   3.3033168e-02   0.0000000e+00
   3.1285425e-02   0.0000000e+00
   2.9953053e-02   0.0000000e+00
   4.0000300e-02   0.0000000e+00
   3.7867300e-02   0.0000000e+00
   3.6445800e-02   0.0000000e+00
   3.3499700e-02   0.0000000e+00
   3.1336400e-02   0.0000000e+00
   2.9909450e-02   0.0000000e+00
   2.7640250e-02   0.0000000e+00
   2.5540300e-02   0.0000000e+00
   2.2740050e-02   0.0000000e+00
   2.1346150e-02   0.0000000e+00
   1.9175355e-02   0.0000000e+00
   1.7739070e-02   0.0000000e+00
   1.6292310e-02   0.0000000e+00
   1.4970520e-02   0.0000000e+00
   1.3596125e-02   0.0000000e+00
   1.2213385e-02   0.0000000e+00
   1.0854835e-02   0.0000000e+00
   1.8687700e-02   0.0000000e+00
   1.7178900e-02   0.0000000e+00
   1.5687000e-02   0.0000000e+00
   1.4246700e-02   0.0000000e+00
   1.1592100e-02   0.0000000e+00
   7.0241200e-03   0.0000000e+00
   5.5111400e-03   0.0000000e+00
   4.1344800e-03   0.0000000e+00
   2.8080800e-03   0.0000000e+00
   1.3762800e-03   0.0000000e+00
