0.73791 2013
0.73791 2012
0.73791 2011
0.73791 2009
0.73791 2008
0.73791 2007
0.73791 2006
0.73791 2005
0.73791 2004
0.73791 2003
0.73791 2002
0.73791 2001
0.73791 2000
0.73791 1999
0.73791 1998
0.73791 1997
0.73791 1996
0.73791 1995
0.737844 1994
0.737844 1993
0.737844 1992
0.737844 1991
0.737844 1990
0.737844 1989
0.737844 1988
0.737844 1987
0.737844 1986
0.737844 1985
0.737844 1984
0.737844 1983
0.737844 1982
0.737844 1981
0.737844 1980
0.737844 1979
0.737844 1978
0.737844 1977
0.737844 1976
0.737844 1974
0.737844 1973
0.737844 1972
0.737844 1971
0.737844 1970
0.737844 1969
0.737844 1968
0.737844 1967
0.737844 1966
0.737844 1965
0.737844 1964
0.737844 1963
0.737844 1962
0.737844 1961
0.737844 1960
0.737844 1959
0.737844 1958
0.737844 1957
0.737844 1956
0.737844 1955
0.737844 1954
0.737844 1953
0.737844 1952
0.737844 1951
0.737844 1950
0.737844 1949
0.737844 1948
0.737844 1947
0.737844 1946
0.737844 1945
0.737844 1944
0.737844 1943
0.737844 1942
0.737844 1941
0.737844 1940
0.737844 1939
0.737844 1938
0.737844 1937
0.737844 1936
0.737825 1936
0.737825 1935
0.737825 1933
0.737825 1932
0.737825 1931
0.737825 1930
0.737825 1929
0.737825 1928
0.737825 1926
0.737825 1925
0.737825 1924
0.737825 1922
0.737825 1921
0.737825 1920
0.737825 1919
0.737825 1918
0.737825 1917
0.737825 1916
0.737825 1915
0.737825 1914
0.737825 1913
0.737825 1912
0.737825 1911
0.737825 1910
0.737825 1909
0.737825 1908
0.737825 1907
0.737825 1906
0.737825 1905
0.737825 1903
0.737825 1902
0.737825 1901
0.737825 1900
0.737825 1899
0.737808 1898
0.737808 1897
0.737808 1896
0.737808 1895
0.737808 1894
0.737808 1893
0.737808 1892
0.737808 1891
0.737808 1890
0.737808 1889
0.737808 1888
0.737808 1887
0.737808 1886
0.737808 1885
0.737808 1884
0.737808 1883
0.737808 1881
0.737808 1880
0.737808 1879
0.737808 1878
0.737808 1877
0.737808 1876
0.737808 1875
0.737808 1874
0.737808 1873
0.737808 1872
0.737808 1871
0.737808 1869
0.737808 1868
0.737808 1867
0.737808 1866
0.737808 1865
0.737808 1864
0.737808 1863
0.737808 1862
0.737808 1861
0.737808 1860
0.737808 1859
0.737808 1858
0.737808 1856
0.737808 1855
0.737808 1854
0.737808 1853
0.737808 1852
0.737808 1851
0.737808 1850
0.737808 1849
0.737808 1848
0.737808 1847
0.737808 1846
0.737808 1845
0.737808 1844
0.737808 1843
0.737808 1842
0.737808 1841
0.737742 1839
0.737742 1838
0.737742 1837
0.737742 1836
0.737742 1835
0.737742 1834
0.737742 1833
0.737742 1832
0.737742 1831
0.737742 1830
0.737742 1828
0.737612 1828
0.737612 1827
0.737612 1826
0.737612 1825
0.737612 1824
0.737612 1823
0.737612 1822
0.737612 1821
0.737612 1820
0.737612 1819
0.737612 1817
0.737612 1816
0.737612 1815
0.737612 1814
0.737612 1813
0.737612 1812
0.737612 1811
0.737612 1810
0.737612 1809
0.737612 1808
0.737612 1807
0.737612 1806
0.737612 1805
0.737612 1804
0.737612 1803
0.737612 1802
0.737612 1801
0.737612 1800
0.737612 1799
0.737612 1798
0.737612 1797
0.737612 1796
0.737612 1795
0.737612 1794
0.737499 1794
0.737499 1793
0.737499 1792
0.737499 1790
0.737499 1789
0.737499 1788
0.737499 1787
0.737499 1786
0.737499 1785
0.737499 1784
0.737499 1783
0.737499 1782
0.737499 1781
0.737499 1780
0.737499 1779
0.737499 1778
0.737499 1777
0.737499 1776
0.737499 1775
0.737499 1774
0.737499 1773
0.737499 1772
0.737499 1771
0.737499 1770
0.737405 1769
0.737405 1768
0.737405 1767
0.737405 1766
0.737405 1765
0.737405 1764
0.737405 1763
0.737405 1761
0.737405 1760
0.737405 1759
0.737405 1758
0.737405 1757
0.737405 1756
0.737405 1755
0.737405 1754
0.737405 1753
0.737405 1752
0.737405 1751
0.737405 1750
0.737405 1749
0.737405 1748
0.737405 1747
0.737405 1746
0.737405 1745
0.737405 1744
0.737405 1743
0.737405 1742
0.737405 1741
0.737405 1740
0.737405 1739
0.737405 1738
0.737405 1737
0.737405 1736
0.737405 1735
0.737405 1734
0.737405 1733
0.737405 1732
0.737405 1731
0.737405 1730
0.737405 1729
0.737405 1728
0.737405 1727
0.737405 1726
0.737405 1725
0.737405 1724
0.737405 1723
0.737405 1722
0.737405 1721
0.737405 1720
0.737405 1719
0.737296 1719
0.737296 1718
0.737296 1717
0.737296 1716
0.737296 1715
0.737296 1714
0.737296 1713
0.737296 1712
0.737296 1711
0.737296 1710
0.737296 1709
0.737296 1708
0.737296 1707
0.737296 1706
0.737296 1705
0.737296 1704
0.737296 1703
0.737296 1702
0.737296 1701
0.737296 1700
0.737296 1699
0.737296 1698
0.737296 1697
0.737296 1696
0.737296 1695
0.737296 1694
0.737296 1693
0.737296 1692
0.737296 1691
0.737296 1690
0.737296 1689
0.737296 1688
0.73717 1688
0.73717 1687
0.73717 1686
0.73717 1685
0.73717 1684
0.73717 1683
0.73717 1682
0.73717 1681
0.73717 1680
0.73717 1679
0.73717 1678
0.73717 1677
0.73717 1676
0.73717 1675
0.73717 1674
0.73717 1673
0.73717 1672
0.73717 1671
0.73717 1670
0.73717 1669
0.73717 1668
0.73717 1667
0.73717 1666
0.73717 1665
0.73717 1664
0.73717 1663
0.73717 1662
0.73717 1661
0.73717 1660
0.73717 1659
0.73717 1658
0.73717 1657
0.73717 1656
0.73717 1655
0.73717 1654
0.73717 1653
0.73717 1652
0.73717 1651
0.73717 1650
0.73717 1649
0.73717 1648
0.73717 1647
0.73717 1645
0.73717 1644
0.73717 1643
0.73717 1642
0.73717 1641
0.73717 1640
0.73717 1639
0.73717 1638
0.73717 1637
0.73717 1636
0.73717 1635
0.73717 1634
0.73717 1633
0.73717 1632
0.73717 1631
0.73717 1630
0.73717 1629
0.73717 1628
0.73717 1627
0.73717 1626
0.73717 1625
0.73717 1624
0.73717 1623
0.73717 1622
0.73717 1621
0.73717 1620
0.73717 1619
0.73717 1618
0.73717 1617
0.73717 1616
0.73717 1615
0.73717 1614
0.73717 1613
0.73717 1612
0.73717 1611
0.73717 1610
0.73717 1609
0.73717 1608
0.73717 1607
0.73717 1605
0.73717 1604
0.73717 1602
0.737108 1601
0.737108 1600
0.737108 1599
0.737108 1598
0.737108 1597
0.737108 1596
0.737108 1595
0.737108 1594
0.737108 1593
0.737108 1592
0.737108 1591
0.737108 1590
0.737108 1589
0.737108 1588
0.737108 1587
0.737108 1586
0.737108 1585
0.737108 1584
0.737108 1583
0.737108 1582
0.737108 1581
0.737108 1579
0.737108 1578
0.737108 1577
0.737108 1576
0.737108 1575
0.737108 1574
0.737108 1573
0.737108 1572
0.737108 1571
0.737108 1570
0.737108 1569
0.737108 1568
0.737108 1567
0.737108 1566
0.737108 1565
0.737108 1564
0.737108 1563
0.737108 1562
0.737108 1561
0.737108 1560
0.737108 1559
0.737108 1558
0.737024 1558
0.737024 1557
0.737024 1556
0.737024 1555
0.737024 1554
0.737024 1553
0.737024 1552
0.737024 1551
0.737024 1550
0.737024 1549
0.737024 1548
0.737024 1547
0.737024 1546
0.737024 1545
0.737024 1544
0.737024 1543
0.737024 1542
0.736972 1541
0.736972 1540
0.736972 1539
0.736972 1538
0.736972 1536
0.736972 1535
0.736972 1534
0.736972 1533
0.736972 1532
0.736972 1531
0.736972 1530
0.736972 1529
0.736972 1528
0.736972 1527
0.736972 1526
0.736972 1525
0.736972 1524
0.736972 1523
0.736972 1522
0.73697 1521
0.73697 1520
0.73697 1519
0.73697 1518
0.73697 1517
0.73697 1516
0.73697 1515
0.73697 1514
0.73697 1513
0.73697 1512
0.73697 1511
0.73697 1510
0.73697 1509
0.73697 1508
0.73697 1507
0.73697 1506
0.73697 1505
0.73697 1504
0.73697 1503
0.73697 1502
0.73697 1501
0.73697 1500
0.73697 1499
0.73697 1498
0.73697 1497
0.73697 1496
0.73697 1495
0.73697 1494
0.73697 1493
0.73697 1492
0.73697 1491
0.73697 1490
0.73697 1489
0.73697 1488
0.73697 1487
0.73697 1486
0.73697 1485
0.73697 1484
0.73697 1483
0.73697 1482
0.736826 1482
0.736826 1481
0.736826 1480
0.736826 1479
0.736826 1478
0.736826 1477
0.736826 1476
0.736826 1475
0.736826 1474
0.736826 1473
0.736826 1472
0.736826 1471
0.736826 1470
0.736826 1469
0.736826 1468
0.736826 1467
0.736826 1466
0.736826 1465
0.736826 1464
0.736826 1463
0.736826 1462
0.736826 1461
0.736826 1460
0.736826 1459
0.736826 1458
0.736826 1457
0.736826 1456
0.736826 1455
0.736826 1454
0.736826 1453
0.736826 1452
0.736826 1450
0.736826 1449
0.736826 1448
0.736826 1447
0.736826 1445
0.736826 1444
0.736826 1443
0.736826 1442
0.736826 1441
0.736826 1440
0.736826 1439
0.736826 1438
0.736826 1437
0.736826 1436
0.736826 1435
0.736826 1434
0.736826 1433
0.736826 1432
0.736826 1431
0.736826 1430
0.736826 1429
0.736826 1428
0.736826 1427
0.736826 1426
0.736826 1425
0.736826 1424
0.736826 1423
0.736826 1422
0.736826 1421
0.736826 1420
0.736826 1419
0.736826 1418
0.736826 1417
0.736826 1416
0.736826 1415
0.736826 1414
0.736826 1413
0.736826 1412
0.736826 1411
0.736826 1410
0.736826 1409
0.736826 1408
0.736826 1407
0.736826 1406
0.736826 1405
0.736826 1404
0.736826 1403
0.736826 1402
0.736826 1401
0.736826 1400
0.736826 1399
0.736826 1398
0.736826 1397
0.736826 1396
0.736826 1395
0.736826 1394
0.736826 1393
0.736826 1392
0.736826 1391
0.736826 1390
0.736826 1389
0.736826 1388
0.736826 1387
0.736826 1386
0.736826 1385
0.736826 1384
0.736826 1383
0.736826 1382
0.736826 1381
0.736826 1380
0.736826 1379
0.736826 1378
0.736826 1377
0.736826 1376
0.736826 1375
0.736826 1374
0.736826 1373
0.736745 1372
0.736745 1371
0.736745 1370
0.736745 1369
0.736745 1368
0.736745 1367
0.736745 1366
0.736745 1365
0.736745 1364
0.736745 1363
0.736846 1361
0.736846 1360
0.736712 1360
0.736712 1359
0.736712 1358
0.736712 1357
0.736712 1356
0.736712 1355
0.736712 1354
0.736712 1353
0.736712 1352
0.736712 1351
0.736712 1350
0.736712 1349
0.736712 1348
0.736712 1347
0.736712 1346
0.736712 1345
0.736712 1344
0.736712 1343
0.736712 1342
0.736712 1341
0.736712 1340
0.736712 1339
0.736712 1338
0.736712 1337
0.736712 1336
0.736712 1335
0.736712 1334
0.736712 1333
0.736712 1332
0.736712 1331
0.736712 1330
0.736712 1329
0.736712 1328
0.736712 1327
0.736712 1326
0.736712 1325
0.736712 1324
0.736712 1323
0.736712 1322
0.736712 1321
0.736712 1320
0.736712 1319
0.736712 1318
0.736712 1317
0.736712 1316
0.736712 1315
0.736712 1314
0.736712 1313
0.736712 1312
0.736712 1311
0.736712 1310
0.736712 1309
0.736712 1308
0.736712 1307
0.736712 1306
0.736712 1305
0.736712 1304
0.736712 1303
0.736712 1302
0.736712 1301
0.736712 1300
0.736712 1299
0.736712 1298
0.736712 1297
0.736712 1296
0.736712 1295
0.736712 1294
0.736712 1293
0.736712 1292
0.736712 1291
0.736712 1290
0.736712 1289
0.736712 1288
0.736712 1287
0.736712 1286
0.736712 1285
0.736712 1284
0.736712 1283
0.736712 1282
0.736712 1281
0.736556 1281
0.736556 1280
0.736556 1279
0.736556 1278
0.736556 1277
0.736556 1276
0.736556 1275
0.736556 1274
0.736556 1273
0.736556 1272
0.736556 1271
0.736556 1270
0.736556 1269
0.736556 1268
0.736556 1267
0.736556 1266
0.736556 1265
0.736556 1264
0.736556 1263
0.736556 1262
0.736556 1261
0.736556 1260
0.736556 1259
0.736556 1258
0.736556 1257
0.736556 1256
0.73643 1256
0.73643 1254
0.73643 1253
0.73643 1252
0.73643 1251
0.73643 1250
0.73643 1249
0.73643 1248
0.73643 1247
0.73643 1246
0.73643 1245
0.73643 1244
0.73643 1243
0.73643 1242
0.73643 1241
0.73643 1240
0.73643 1239
0.73643 1238
0.73643 1237
0.73643 1236
0.73643 1235
0.73643 1234
0.73643 1233
0.73643 1232
0.73643 1231
0.73643 1230
0.73643 1229
0.73643 1228
0.73643 1227
0.73643 1226
0.73643 1225
0.73643 1224
0.73643 1223
0.73643 1222
0.73643 1221
0.73643 1220
0.73643 1219
0.73643 1218
0.73643 1217
0.73631 1217
0.73631 1216
0.73631 1215
0.73631 1214
0.736261 1213
0.736261 1212
0.736261 1211
0.736261 1210
0.736261 1209
0.736205 1207
0.736205 1206
0.736205 1205
0.736205 1204
0.736205 1203
0.736205 1202
0.736205 1201
0.736205 1200
0.736205 1199
0.736205 1198
0.736205 1197
0.736205 1196
0.736205 1195
0.736205 1194
0.736205 1193
0.736205 1192
0.736205 1191
0.736205 1190
0.736205 1189
0.736205 1188
0.736205 1187
0.736147 1186
0.736147 1185
0.736147 1184
0.736147 1183
0.736147 1182
0.736147 1181
0.736147 1180
0.736147 1179
0.736147 1178
0.736147 1177
0.736147 1176
0.736147 1175
0.736147 1174
0.736147 1173
0.736147 1172
0.736147 1171
0.736147 1170
0.736147 1169
0.736147 1168
0.736147 1167
0.736147 1166
0.736147 1165
0.736147 1164
0.736147 1163
0.736147 1162
0.736147 1160
0.736147 1159
0.736144 1158
0.736144 1157
0.736144 1156
0.736144 1155
0.736144 1154
0.736144 1153
0.736144 1152
0.736144 1151
0.736144 1150
0.736144 1149
0.736144 1148
0.736144 1147
0.736144 1146
0.736144 1145
0.736144 1144
0.736144 1143
0.736144 1142
0.736144 1141
0.736144 1140
0.736079 1139
0.736079 1138
0.736079 1137
0.736079 1136
0.736079 1135
0.736079 1134
0.736079 1133
0.736079 1132
0.736079 1131
0.736079 1130
0.736079 1129
0.736079 1128
0.736079 1127
0.736079 1126
0.736079 1125
0.736079 1124
0.736079 1123
0.736079 1122
0.736079 1121
0.736079 1120
0.736079 1119
0.736079 1118
0.736079 1117
0.736079 1116
0.736079 1115
0.736079 1114
0.736079 1113
0.736079 1112
0.736079 1111
0.736079 1110
0.736079 1109
0.736079 1108
0.736079 1107
0.736079 1106
0.736079 1105
0.736079 1104
0.736079 1103
0.736079 1102
0.73595 1102
0.73595 1101
0.73595 1100
0.73595 1099
0.73595 1098
0.73595 1097
0.73595 1096
0.73595 1095
0.73595 1094
0.73595 1093
0.73595 1092
0.73595 1091
0.73595 1090
0.73595 1089
0.73595 1088
0.73595 1087
0.73595 1086
0.73595 1085
0.73595 1084
0.73595 1083
0.73595 1082
0.73595 1081
0.73595 1080
0.73595 1079
0.73595 1078
0.73595 1077
0.73595 1076
0.73595 1075
0.73595 1074
0.73595 1073
0.73595 1072
0.73595 1071
0.73595 1070
0.73595 1069
0.73595 1068
0.73595 1067
0.73595 1066
0.73595 1065
0.735881 1065
0.735881 1064
0.735881 1063
0.735881 1062
0.735881 1061
0.735881 1060
0.735881 1059
0.735881 1058
0.735881 1057
0.735881 1056
0.735881 1055
0.735881 1054
0.735881 1053
0.735881 1052
0.735881 1051
0.735881 1050
0.735881 1049
0.735881 1048
0.735881 1047
0.735881 1046
0.735881 1045
0.735881 1044
0.735881 1043
0.735881 1042
0.735881 1041
0.735881 1040
0.735881 1039
0.735881 1038
0.735881 1037
0.735881 1036
0.735881 1035
0.735881 1034
0.735881 1033
0.735881 1032
0.735881 1031
0.735881 1030
0.735881 1029
0.735881 1028
0.735881 1027
0.735881 1026
0.735881 1025
0.735881 1024
0.735881 1023
0.735881 1022
0.735881 1021
0.735881 1020
0.735881 1019
0.735881 1018
0.735881 1017
0.735881 1016
0.735881 1015
0.735881 1014
0.735881 1013
0.735881 1012
0.735881 1011
0.735881 1010
0.735881 1009
0.735881 1008
0.735881 1007
0.735881 1006
0.735881 1005
0.735881 1004
0.735881 1003
0.735881 1002
0.735881 1001
0.735881 1000
0.735881 999
0.735881 998
0.73577 998
0.73577 997
0.73577 996
0.73577 995
0.73577 994
0.73577 993
0.73577 992
0.73577 991
0.73577 990
0.73577 989
0.73577 988
0.73577 987
0.73577 986
0.73577 985
0.73577 984
0.73577 983
0.73577 982
0.73577 981
0.73577 980
0.73577 979
0.73577 978
0.73577 977
0.73577 976
0.73577 975
0.73565 975
0.73565 974
0.73565 973
0.73565 972
0.73565 971
0.73565 970
0.73565 969
0.73565 968
0.73565 967
0.73565 966
0.73565 965
0.73565 964
0.735561 963
0.735561 962
0.735561 961
0.735561 960
0.735561 959
0.735561 958
0.735561 957
0.735561 956
0.735561 955
0.735561 954
0.735561 953
0.735561 952
0.735561 951
0.735561 950
0.735561 949
0.735561 948
0.735561 947
0.735561 946
0.735561 945
0.735561 944
0.735561 943
0.735561 942
0.735561 941
0.735561 940
0.735561 939
0.735561 938
0.735411 938
0.735411 937
0.735411 936
0.735411 935
0.735411 934
0.735411 933
0.735411 932
0.735411 931
0.735411 930
0.735411 929
0.735411 928
0.735411 927
0.735411 926
0.735411 925
0.735269 925
0.735269 924
0.735269 923
0.735124 923
0.735124 922
0.735124 921
0.735124 920
0.735124 919
0.735124 918
0.735124 917
0.735124 916
0.735107 916
0.735107 915
0.735107 914
0.735107 913
0.735107 912
0.735107 911
0.735107 910
0.735107 909
0.735107 908
0.735008 908
0.735008 907
0.734898 907
0.734863 906
0.734863 905
0.734863 904
0.734863 903
0.734793 902
0.734793 901
0.734793 900
0.734793 899
0.734793 898
0.734793 897
0.734793 896
0.734793 895
0.734793 894
0.734793 893
0.734725 892
0.734725 891
0.734725 890
0.734725 889
0.734725 888
0.734725 887
0.734725 886
0.734725 885
0.734725 884
0.734725 883
0.734725 882
0.734725 881
0.734725 880
0.734725 879
0.734725 878
0.734725 877
0.734725 876
0.734725 875
0.734725 874
0.734725 873
0.734725 872
0.734725 871
0.734725 870
0.734725 869
0.734725 868
0.734725 867
0.734725 866
0.734725 865
0.734725 864
0.734725 863
0.734725 862
0.734725 861
0.734725 860
0.734697 859
0.734697 858
0.734697 857
0.734697 856
0.734697 855
0.734697 854
0.734697 853
0.734697 852
0.734697 851
0.734697 850
0.734697 849
0.734591 849
0.734591 848
0.734591 847
0.734591 846
0.734591 845
0.734591 844
0.734591 843
0.734591 842
0.734591 841
0.734591 840
0.734591 839
0.734591 838
0.734591 837
0.734591 836
0.734591 834
0.734591 833
0.734591 832
0.734591 831
0.734591 830
0.734501 829
0.734501 828
0.734501 827
0.734501 826
0.734501 825
0.734501 824
0.734501 823
0.734501 822
0.734501 821
0.734501 820
0.734501 819
0.734501 818
0.734501 817
0.734501 816
0.734501 815
0.734501 814
0.734501 813
0.734501 812
0.734501 811
0.734501 810
0.734501 809
0.734501 808
0.734501 807
0.734501 806
0.734501 805
0.734501 804
0.734501 803
0.734501 802
0.734501 801
0.734501 800
0.734501 799
0.734501 798
0.734501 797
0.734501 796
0.734501 795
0.734501 794
0.734501 793
0.734501 792
0.734501 791
0.734501 790
0.734501 789
0.734501 788
0.734501 787
0.734501 786
0.734501 785
0.734501 784
0.734501 783
0.734501 782
0.734501 781
0.734501 780
0.734501 779
0.734501 778
0.734501 777
0.734501 776
0.734501 775
0.734501 774
0.734501 773
0.734501 772
0.734501 771
0.734501 770
0.734501 769
0.734501 768
0.734466 767
0.734466 766
0.734364 766
0.734364 765
0.734364 764
0.734364 763
0.734364 762
0.734364 761
0.734364 760
0.734364 759
0.734364 758
0.734273 757
0.734141 757
0.734141 756
0.733999 756
0.733999 755
0.733999 754
0.733999 753
0.733999 752
0.733999 751
0.733999 750
0.733999 749
0.733999 748
0.733999 747
0.733999 746
0.733872 746
0.733872 745
0.733872 744
0.733872 742
0.733872 741
0.733872 740
0.733872 739
0.733872 738
0.733872 737
0.733872 736
0.733872 735
0.733872 734
0.733769 734
0.733769 733
0.733769 732
0.733769 731
0.733769 730
0.733769 729
0.733769 728
0.733769 727
0.733769 726
0.733769 725
0.733769 724
0.733769 723
0.733769 722
0.733769 721
0.733769 720
0.733769 719
0.733769 718
0.733769 717
0.733769 716
0.733769 715
0.733769 714
0.733769 713
0.733769 712
0.733769 711
0.733769 710
0.733769 709
0.733769 708
0.733769 707
0.733769 706
0.733663 706
0.733663 705
0.733663 704
0.733663 703
0.733663 702
0.733515 702
0.733515 701
0.733515 700
0.733515 699
0.733515 698
0.733515 697
0.733515 696
0.733515 695
0.733515 694
0.733515 693
0.733515 692
0.733515 691
0.733515 690
0.733515 689
0.733515 688
0.733515 687
0.733515 686
0.733515 685
0.733515 684
0.733515 683
0.733515 682
0.733457 681
0.733457 680
0.733457 679
0.733457 678
0.733457 677
0.733457 676
0.733457 675
0.733457 674
0.733373 673
0.733373 672
0.733363 671
0.733363 670
0.733363 669
0.733363 668
0.733363 667
0.733363 666
0.733363 665
0.733363 664
0.733363 663
0.733363 662
0.733238 662
0.733238 661
0.733238 660
0.733238 659
0.733238 658
0.733238 657
0.733238 656
0.733238 655
0.733238 654
0.733238 653
0.733238 652
0.733238 651
0.733238 650
0.733238 649
0.733238 648
0.733238 647
0.733238 646
0.733238 645
0.733238 644
0.733238 643
0.733238 642
0.733238 641
0.733105 641
0.733105 640
0.733105 639
0.733105 638
0.733091 637
0.733091 636
0.733091 635
0.733091 634
0.733091 633
0.733091 632
0.733091 631
0.732957 631
0.732957 630
0.732957 629
0.732957 628
0.732957 627
0.732957 626
0.732957 625
0.732957 624
0.732957 623
0.732957 622
0.732957 621
0.732957 620
0.732957 619
0.732957 618
0.732957 617
0.732957 616
0.732957 615
0.732957 614
0.73284 614
0.73284 613
0.73284 612
0.73284 611
0.73284 610
0.73284 609
0.73284 608
0.73284 607
0.73284 606
0.73284 605
0.73284 604
0.73284 603
0.73284 602
0.73284 601
0.73284 600
0.73284 599
0.73284 598
0.73284 597
0.73284 596
0.73284 595
0.73284 594
0.732713 594
0.732713 593
0.732575 593
0.732473 593
0.732473 592
0.732473 591
0.732328 591
0.732328 590
0.732328 589
0.732328 588
0.732328 587
0.732328 586
0.732328 585
0.732328 584
0.732328 583
0.732193 583
0.732193 582
0.732193 581
0.732193 580
0.732193 579
0.732193 578
0.732193 577
0.732193 576
0.732193 575
0.732193 574
0.732193 573
0.732193 572
0.732193 571
0.732193 570
0.732193 569
0.732193 568
0.732193 567
0.732193 566
0.732193 565
0.732193 564
0.732193 563
0.732193 562
0.732193 561
0.732193 560
0.732075 560
0.731988 559
0.731988 558
0.731988 557
0.731988 556
0.731856 556
0.731856 555
0.731737 555
0.731737 554
0.731737 553
0.731737 552
0.731737 551
0.731737 550
0.731737 549
0.731737 548
0.731737 547
0.731737 546
0.731737 545
0.731737 544
0.731737 543
0.73157 543
0.73157 542
0.73157 541
0.73157 540
0.73157 539
0.731418 539
0.731418 538
0.731418 537
0.731418 536
0.731418 535
0.731289 535
0.731164 535
0.731164 534
0.731164 533
0.731164 532
0.731164 531
0.731164 530
0.731164 529
0.731009 529
0.731009 528
0.731009 527
0.731009 526
0.731009 525
0.730849 525
0.730849 524
0.730849 523
0.730829 522
0.730829 521
0.730677 521
0.730677 520
0.730546 520
0.7304 520
0.7304 519
0.7304 518
0.7304 517
0.730343 516
0.730343 515
0.730343 514
0.730343 513
0.730343 512
0.730343 511
0.730343 510
0.730343 509
0.730343 508
0.730205 508
0.730205 507
0.730089 507
0.730089 506
0.730089 505
0.730089 504
0.730089 503
0.730089 502
0.730089 501
0.730089 500
0.730089 499
0.730089 498
0.730089 497
0.730089 496
0.730089 495
0.730089 494
0.729966 494
0.729966 493
0.729966 492
0.729966 491
0.729966 490
0.729966 489
0.729966 488
0.729966 487
0.729966 486
0.729966 485
0.729861 485
0.729861 484
0.729861 483
0.729861 482
0.729861 481
0.729861 480
0.729739 480
0.729739 479
0.729739 478
0.729739 477
0.729739 476
0.729739 475
0.729739 474
0.729739 473
0.729739 472
0.729739 471
0.729633 471
0.729633 470
0.729527 470
0.729527 469
0.729527 468
0.729427 468
0.729427 467
0.729427 466
0.729427 465
0.729427 464
0.729427 463
0.729427 462
0.729427 461
0.729271 461
0.729271 460
0.729271 459
0.729271 458
0.729271 457
0.729271 456
0.729271 455
0.729133 455
0.729133 454
0.729133 453
0.729046 452
0.729046 451
0.729046 450
0.729046 449
0.729046 448
0.729046 447
0.729046 446
0.729046 445
0.729046 444
0.729046 443
0.729046 442
0.729046 441
0.729046 440
0.729046 439
0.728916 439
0.728916 438
0.728826 437
0.72871 437
0.72871 436
0.72871 435
0.728608 435
0.728608 434
0.728608 433
0.728608 432
0.728608 431
0.728517 430
0.728517 429
0.728517 428
0.728517 427
0.728517 426
0.728517 425
0.728397 425
0.728397 424
0.728397 423
0.728397 422
0.728294 422
0.728294 421
0.728294 420
0.728294 419
0.728294 418
0.728294 417
0.728294 416
0.728294 415
0.728294 414
0.728294 413
0.728294 412
0.728294 411
0.728294 410
0.728294 409
0.728294 408
0.728294 407
0.728294 406
0.728153 406
0.728153 405
0.728153 404
0.728153 403
0.728153 402
0.728153 401
0.728153 400
0.728153 399
0.728153 398
0.728153 397
0.728153 396
0.728055 396
0.728055 395
0.728055 394
0.728055 393
0.728055 392
0.727914 392
0.727914 391
0.727914 390
0.727914 389
0.727906 388
0.727906 387
0.727906 386
0.727811 385
0.727811 384
0.727646 384
0.727646 383
0.727646 382
0.727646 381
0.727646 380
0.727646 379
0.727646 378
0.727646 377
0.727646 376
0.727478 376
0.727478 375
0.727478 374
0.727478 373
0.727478 372
0.727478 371
0.727371 371
0.727248 371
0.727161 370
0.727161 369
0.727161 368
0.727161 367
0.727161 366
0.727161 365
0.727161 364
0.727038 364
0.727038 363
0.727037 362
0.727037 361
0.727037 360
0.727037 359
0.727037 358
0.727037 357
0.726896 357
0.726896 356
0.726896 355
0.72675 355
0.72675 354
0.72675 353
0.726634 353
0.726634 352
0.726634 351
0.726503 351
0.726355 351
0.726355 350
0.726355 349
0.726355 348
0.726355 347
0.726355 346
0.726295 345
0.726295 344
0.726295 343
0.726295 342
0.726295 341
0.726293 340
0.726293 339
0.726293 338
0.726293 337
0.726293 336
0.72613 336
0.72613 335
0.72613 334
0.72613 333
0.72613 332
0.72613 331
0.72613 330
0.725999 330
0.725999 329
0.725999 328
0.725999 327
0.725999 326
0.725838 326
0.725838 325
0.725838 324
0.725838 323
0.725838 322
0.725838 321
0.725838 320
0.725838 319
0.725838 318
0.725838 317
0.725838 316
0.725691 316
0.725691 315
0.725691 314
0.725691 313
0.725691 312
0.725691 311
0.725691 310
0.725691 309
0.725691 308
0.725691 307
0.725691 306
0.725691 305
0.725691 304
0.725691 303
0.725691 302
0.725691 301
0.725585 301
0.725585 300
0.725585 299
0.725585 298
0.725585 297
0.725585 296
0.725585 295
0.72545 295
0.72545 294
0.72545 293
0.72545 292
0.725311 292
0.72516 292
0.72516 291
0.72504 291
0.72504 290
0.724881 290
0.724757 290
0.724757 289
0.724757 288
0.724618 288
0.724618 287
0.724618 286
0.724483 286
0.724483 285
0.724483 284
0.724321 284
0.724321 283
0.724321 282
0.724221 282
0.724221 281
0.724069 281
0.72392 281
0.72392 280
0.72392 279
0.72392 278
0.72392 277
0.72392 276
0.72392 275
0.72392 274
0.72392 273
0.723823 272
0.723823 271
0.723823 270
0.723823 269
0.723823 268
0.723734 267
0.723734 266
0.723734 265
0.723593 265
0.723593 264
0.723593 263
0.723593 262
0.72341 260
0.72325 260
0.72325 259
0.723113 259
0.723113 258
0.722969 258
0.722969 257
0.722832 257
0.722695 257
0.722695 256
0.722695 255
0.722586 255
0.722447 255
0.722447 254
0.722447 253
0.72231 253
0.72231 252
0.72231 251
0.72231 250
0.722193 250
0.722056 250
0.721936 250
0.721936 249
0.721806 249
0.721639 249
0.721639 248
0.721639 247
0.721494 247
0.721381 247
0.721381 246
0.721381 245
0.721239 245
0.721104 245
0.721104 244
0.721104 243
0.720981 243
0.720981 242
0.720981 241
0.720981 240
0.720837 240
0.720685 240
0.720685 239
0.720545 239
0.720488 238
0.720355 238
0.720355 237
0.720355 236
0.720355 235
0.720209 235
0.720127 234
0.719987 234
0.719987 233
0.719987 232
0.719884 232
0.719884 231
0.719884 230
0.719884 229
0.719884 228
0.719884 227
0.719884 226
0.719884 225
0.71977 225
0.71977 224
0.71965 224
0.71965 223
0.71965 222
0.719508 222
0.719508 221
0.719363 221
0.719363 220
0.719363 219
0.71922 219
0.71922 218
0.71922 217
0.71922 216
0.719067 216
0.719067 215
0.719067 214
0.718941 214
0.7188 214
0.7188 213
0.7188 212
0.718644 212
0.718644 211
0.718516 211
0.7184 211
0.7184 210
0.7184 209
0.7184 208
0.7184 207
0.718248 207
0.718094 207
0.718094 206
0.71794 206
0.717814 206
0.717676 206
0.717519 206
0.717519 205
0.717349 205
0.717349 204
0.717349 203
0.717222 203
0.717058 203
0.717058 202
0.717058 201
0.716948 201
0.71683 201
0.716669 201
0.716535 201
0.716399 201
0.716255 201
0.716255 200
0.716125 200
0.716125 199
0.716125 198
0.715997 198
0.715997 197
0.71586 197
0.715723 197
0.715607 197
0.715467 197
0.71546 196
0.715321 196
0.715321 195
0.715321 194
0.715321 193
0.715201 193
0.715057 193
0.715057 192
0.714916 192
0.714916 191
0.71476 191
0.71464 191
0.714518 191
0.714518 190
0.714518 189
0.714518 188
0.714518 187
0.714518 186
0.714518 185
0.714406 185
0.714262 185
0.714115 185
0.714115 184
0.714115 183
0.713948 183
0.713801 183
0.713664 183
0.713664 182
0.71355 182
0.71355 181
0.71355 180
0.71355 179
0.71355 178
0.71355 177
0.713452 177
0.713345 177
0.713345 176
0.713345 175
0.713188 175
0.713059 175
0.713059 174
0.712903 174
0.712748 174
0.712748 173
0.712748 172
0.712748 171
0.712637 171
0.712637 170
0.712637 169
0.712493 169
0.712493 168
0.712362 168
0.712362 167
0.71222 167
0.712067 167
0.711917 167
0.711782 167
0.711716 166
0.711585 166
0.711427 166
0.711427 165
0.711344 164
0.711243 164
0.711126 164
0.711005 164
0.710842 164
0.710842 163
0.71071 163
0.710586 163
0.710461 163
0.710461 162
0.710461 161
0.710461 160
0.710461 159
0.710316 159
0.710316 158
0.710191 158
0.710191 157
0.710191 156
0.710191 155
0.710036 155
0.710036 154
0.710036 153
0.709921 153
0.709921 152
0.709764 152
0.709764 151
0.70963 151
0.70963 150
0.709481 150
0.709481 149
0.709342 149
0.709173 149
0.709022 149
0.709022 148
0.709022 147
0.708856 147
0.70872 147
0.708595 147
0.708595 146
0.708595 145
0.708445 145
0.708445 144
0.708445 143
0.708295 143
0.708295 142
0.708164 142
0.708032 142
0.707925 142
0.707773 142
0.707773 141
0.707635 141
0.707489 141
0.707489 140
0.707489 139
0.707318 139
0.707172 139
0.707172 138
0.707017 138
0.706899 138
0.706763 138
0.706763 137
0.706621 137
0.706459 137
0.706303 137
0.706303 136
0.706138 136
0.706011 136
0.705905 136
0.705772 136
0.705615 136
0.705615 135
0.705464 135
0.705342 135
0.705342 134
0.705342 133
0.705211 133
0.705211 132
0.705087 132
0.704936 132
0.704936 131
0.704774 131
0.704774 130
0.704774 129
0.704652 129
0.70451 129
0.704386 129
0.704386 128
0.704244 128
0.704244 127
0.704244 126
0.704244 125
0.704086 125
0.70398 125
0.70398 124
0.703832 124
0.703689 124
0.703534 124
0.703374 124
0.703374 123
0.703374 122
0.703374 121
0.703249 121
0.703127 121
0.702958 121
0.702958 120
0.702794 120
0.702647 120
0.702647 119
0.702494 119
0.702494 118
0.702494 117
0.702468 116
0.702468 115
0.702333 115
0.702171 115
0.702171 114
0.702052 114
0.702052 113
0.702052 112
0.702052 111
0.701936 111
0.701919 110
0.701761 110
0.701629 110
0.701629 109
0.701629 108
0.701485 108
0.701485 107
0.701485 106
0.701366 106
0.701366 105
0.701366 104
0.701238 104
0.701078 104
0.701078 103
0.700932 103
0.700793 103
0.70065 103
0.700496 103
0.700496 102
0.70035 102
0.700239 102
0.700239 101
0.700239 100
0.700239 99
0.700239 98
0.700093 98
0.700093 97
0.699942 97
0.699809 97
0.699686 97
0.699542 97
0.699397 97
0.699397 96
0.699316 95
0.699204 95
0.699058 95
0.698901 95
0.698762 95
0.698615 95
0.698456 95
0.698321 95
0.698321 94
0.698168 94
0.69805 94
0.697896 94
0.697746 94
0.697746 93
0.697746 92
0.697746 91
0.6976 91
0.6976 90
0.697461 90
0.697299 90
0.697299 89
0.697299 88
0.697149 88
0.697045 88
0.696882 88
0.696882 87
0.696722 87
0.696561 87
0.696409 87
0.696252 87
0.696098 87
0.695942 87
0.695805 87
0.695647 87
0.695647 86
0.695486 86
0.695328 86
0.695164 86
0.694997 86
0.694845 86
0.694727 86
0.694581 86
0.694437 86
0.694297 86
0.694168 86
0.694013 86
0.693855 86
0.693723 86
0.693566 86
0.693418 86
0.693326 85
0.693326 84
0.693177 84
0.693177 83
0.693028 83
0.692894 83
0.692763 83
0.692654 83
0.692533 83
0.692375 83
0.69222 83
0.692064 83
0.691928 83
0.691819 83
0.691689 83
0.691543 83
0.691543 82
0.691415 82
0.691284 82
0.691134 82
0.690979 82
0.690979 81
0.690842 81
0.690693 81
0.690543 81
0.690406 81
0.690252 81
0.690116 81
0.690116 80
0.68997 80
0.68997 79
0.689838 79
0.689715 79
0.68961 79
0.68961 78
0.689445 78
0.689445 77
0.68932 77
0.689196 77
0.689075 77
0.688934 77
0.688771 77
0.688622 77
0.688484 77
0.688334 77
0.6882 77
0.688066 77
0.687921 77
0.687759 77
0.687636 77
0.687478 77
0.687478 76
0.687318 76
0.687161 76
0.686999 76
0.686851 76
0.686725 76
0.686571 76
0.686571 75
0.686402 75
0.686271 75
0.68613 75
0.685992 75
0.685827 75
0.68569 75
0.685534 75
0.685374 75
0.685251 75
0.685086 75
0.685086 74
0.684949 74
0.684794 74
0.684794 73
0.684794 72
0.684634 72
0.684472 72
0.684306 72
0.68418 72
0.684073 72
0.683928 72
0.683616 72
0.683468 72
0.683321 72
0.683182 72
0.683044 72
0.682899 72
0.682899 71
0.682749 71
0.68259 71
0.682434 71
0.682317 71
0.682163 71
0.682002 71
0.681865 71
0.68177 70
0.681638 70
0.681505 70
0.681361 70
0.681361 69
0.681361 68
0.681211 68
0.681057 68
0.680908 68
0.680765 68
0.680765 67
0.68061 67
0.68061 66
0.680445 66
0.680314 66
0.680155 66
0.680031 66
0.679917 66
0.67976 66
0.679604 66
0.679455 66
0.679455 65
0.6793 65
0.679155 65
0.679155 64
0.678997 64
0.678885 64
0.678775 64
0.678775 63
0.678616 63
0.678492 63
0.678352 63
0.678188 63
0.678042 63
0.677918 63
0.677771 63
0.677637 63
0.677513 63
0.677383 63
0.677239 63
0.677096 63
0.676937 63
0.676788 63
0.676629 63
0.676499 63
0.676367 63
0.676205 63
0.676046 63
0.675893 63
0.675893 62
0.67576 62
0.675601 62
0.675447 62
0.675294 62
0.67513 62
0.675107 61
0.67495 61
0.67495 60
0.67485 60
0.674701 60
0.674567 60
0.674567 59
0.674477 58
0.674334 58
0.674193 58
0.674033 58
0.673902 58
0.673762 58
0.673623 58
0.67347 58
0.673325 58
0.673179 58
0.673027 58
0.673027 57
0.672879 57
0.672728 57
0.67258 57
0.672431 57
0.67228 57
0.672143 57
0.671998 57
0.671857 57
0.671701 57
0.671581 57
0.671581 56
0.671426 56
0.671277 56
0.671113 56
0.670965 56
0.670867 56
0.670867 55
0.670715 55
0.670567 55
0.670414 55
0.670256 55
0.670096 55
0.669951 55
0.669951 54
0.669951 53
0.669791 53
0.669791 52
0.669655 52
0.669525 52
0.669394 52
0.669394 51
0.669245 51
0.669104 51
0.668946 51
0.668787 51
0.668694 50
0.668548 50
0.66842 50
0.668269 50
0.668132 50
0.668013 50
0.66787 50
0.66787 49
0.667722 49
0.667578 49
0.667419 49
0.667288 49
0.667178 49
0.667071 49
0.666916 49
0.666772 49
0.666642 49
0.66649 49
0.666318 49
0.666163 49
0.666014 49
0.665892 49
0.665784 49
0.665654 49
0.665506 49
0.665371 49
0.66523 49
0.665092 49
0.665092 48
0.664954 48
0.664837 48
0.664681 48
0.664557 48
0.664417 48
0.664286 48
0.664137 48
0.66402 48
0.663905 48
0.663814 47
0.663658 47
0.663514 47
0.663345 47
0.663201 47
0.663047 47
0.662889 47
0.662734 47
0.662603 47
0.662475 47
0.662377 47
0.662238 47
0.662086 47
0.661939 47
0.661805 47
0.661658 47
0.661515 47
0.661515 46
0.661388 46
0.661258 46
0.661258 45
0.661104 45
0.66098 45
0.660841 45
0.660685 45
0.66058 45
0.660426 45
0.660277 45
0.660126 45
0.659982 45
0.659859 45
0.659709 45
0.659555 45
0.659418 45
0.659272 45
0.659121 45
0.658995 45
0.65887 45
0.658735 45
0.658735 44
0.658574 44
0.658431 44
0.658277 44
0.658118 44
0.657999 44
0.657847 44
0.657725 44
0.65757 44
0.657407 44
0.657267 44
0.657157 44
0.657006 44
0.656865 44
0.656713 44
0.656594 44
0.656435 44
0.656264 44
0.656264 43
0.656135 43
0.655989 43
0.655845 43
0.655744 43
0.655583 43
0.655268 43
0.655126 43
0.655126 42
0.654969 42
0.654969 41
0.654809 41
0.654663 41
0.654663 40
0.654513 40
0.654381 40
0.65425 40
0.654123 40
0.653962 40
0.653797 40
0.653797 39
0.653666 39
0.653666 38
0.653522 38
0.653357 38
0.653357 37
0.653251 37
0.653096 37
0.652938 37
0.65278 37
0.652633 37
0.652478 37
0.65233 37
0.652176 37
0.652023 37
0.65186 37
0.651734 37
0.651588 37
0.651463 37
0.651309 37
0.651203 37
0.651203 36
0.651076 36
0.650929 36
0.650797 36
0.650647 36
0.650525 36
0.650366 36
0.650197 36
0.65005 36
0.649943 36
0.649781 36
0.649627 36
0.649465 36
0.649326 36
0.649181 36
0.649016 36
0.649016 35
0.648877 35
0.648742 35
0.648592 35
0.648454 35
0.648331 35
0.648171 35
0.648171 34
0.648049 34
0.647904 34
0.647904 33
0.647745 33
0.647611 33
0.647454 33
0.647303 33
0.647149 33
0.647005 33
0.646866 33
0.646708 33
0.646599 33
0.646478 33
0.646335 33
0.646195 33
0.646195 32
0.646034 32
0.645883 32
0.645757 32
0.645611 32
0.645461 32
0.645326 32
0.64517 32
0.645065 32
0.644908 32
0.644781 32
0.644626 32
0.644486 32
0.644349 32
0.644195 32
0.644046 32
0.643888 32
0.643752 32
0.643609 32
0.643463 32
0.643308 32
0.643208 32
0.643121 31
0.642974 31
0.642821 31
0.642664 31
0.642518 31
0.642371 31
0.642222 31
0.642086 31
0.641934 31
0.641783 31
0.641637 31
0.641507 31
0.641367 31
0.641228 31
0.641098 31
0.640945 31
0.640807 31
0.640666 31
0.640509 31
0.640361 31
0.640216 31
0.640063 31
0.63993 31
0.639802 31
0.639679 31
0.639533 31
0.639375 31
0.639217 31
0.63906 31
0.638895 31
0.638754 31
0.638601 31
0.638443 31
0.638283 31
0.638283 30
0.638127 30
0.637981 30
0.63782 30
0.63782 29
0.637683 29
0.63755 29
0.637414 29
0.637414 28
0.637262 28
0.637106 28
0.636964 28
0.636825 28
0.636707 28
0.636556 28
0.636405 28
0.636256 28
0.636256 27
0.636121 27
0.63598 27
0.635861 27
0.635697 27
0.635544 27
0.63542 27
0.635294 27
0.635155 27
0.635012 27
0.634869 27
0.63471 27
0.634563 27
0.634424 27
0.634269 27
0.634124 27
0.633968 27
0.633813 27
0.633671 27
0.633518 27
0.633371 27
0.633239 27
0.633101 27
0.632946 27
0.632809 27
0.632665 27
0.632521 27
0.632416 27
0.632279 27
0.632112 27
0.631959 27
0.631823 27
0.631676 27
0.631546 27
0.631397 27
0.631234 27
0.631092 27
0.630958 27
0.630836 27
0.630673 27
0.630541 27
0.630541 26
0.630408 26
0.630257 26
0.630123 26
0.629987 26
0.629851 26
0.629688 26
0.629553 26
0.629553 25
0.62941 25
0.629267 25
0.629144 25
0.629007 25
0.628869 25
0.62872 25
0.628568 25
0.628447 25
0.628313 25
0.628162 25
0.628001 25
0.627847 25
0.627709 25
0.627555 25
0.627427 25
0.627278 25
0.627278 24
0.62712 24
0.626983 24
0.626819 24
0.626673 24
0.626527 24
0.626361 24
0.626209 24
0.626064 24
0.625899 24
0.625754 24
0.625594 24
0.625447 24
0.625298 24
0.625298 23
0.625145 23
0.625008 23
0.624889 23
0.624747 23
0.624582 23
0.624436 23
0.624291 23
0.624156 23
0.624019 23
0.623872 23
0.623713 23
0.623589 23
0.623424 23
0.623275 23
0.623115 23
0.622988 23
0.622831 23
0.622694 23
0.62253 23
0.622382 23
0.622232 23
0.622081 23
0.621935 23
0.621934 22
0.621783 22
0.621632 22
0.621479 22
0.621327 22
0.621172 22
0.62103 22
0.620892 22
0.620732 22
0.620604 22
0.620464 22
0.620329 22
0.6202 22
0.620049 22
0.619906 22
0.619768 22
0.61962 22
0.619468 22
0.619355 22
0.61921 22
0.61906 22
0.618907 22
0.618782 22
0.618627 22
0.618469 22
0.618323 22
0.618192 22
0.618035 22
0.617743 22
0.617587 22
0.617432 22
0.617295 22
0.617135 22
0.616998 22
0.616856 22
0.616856 21
0.616695 21
0.616563 21
0.616421 21
0.616269 21
0.61613 21
0.615991 21
0.615856 21
0.615706 21
0.615549 21
0.615386 21
0.615237 21
0.615087 21
0.61495 21
0.614819 21
0.614682 21
0.614528 21
0.614377 21
0.614227 21
0.614094 21
0.61396 21
0.613821 21
0.613671 21
0.613518 21
0.613365 21
0.613222 21
0.613087 21
0.612959 21
0.612803 21
0.612658 21
0.612502 21
0.612364 21
0.612235 21
0.612111 21
0.61197 21
0.611818 21
0.611674 21
0.611529 21
0.611374 21
0.611233 21
0.611069 21
0.610914 21
0.610778 21
0.610631 21
0.610491 21
0.610362 21
0.61021 21
0.610084 21
0.609953 21
0.609817 21
0.60967 21
0.609525 21
0.609404 21
0.609259 21
0.609105 21
0.608967 21
0.608828 21
0.60868 21
0.608539 21
0.608391 21
0.608253 21
0.608102 21
0.607947 21
0.607793 21
0.607664 21
0.60751 21
0.607358 21
0.607224 21
0.607081 21
0.606926 21
0.60677 21
0.606619 21
0.606473 21
0.60633 21
0.6062 21
0.606043 21
0.605903 21
0.605903 20
0.605779 20
0.605641 20
0.605493 20
0.605354 20
0.605211 20
0.605067 20
0.604926 20
0.604779 20
0.604657 20
0.604503 20
0.604353 20
0.6042 20
0.604062 20
0.60392 20
0.603777 20
0.603635 20
0.603496 20
0.603354 20
0.603205 20
0.603071 20
0.602923 20
0.602764 20
0.602764 19
0.602621 19
0.602477 19
0.602338 19
0.602181 19
0.602043 19
0.601898 19
0.601766 19
0.601766 18
0.601636 18
0.601483 18
0.601338 18
0.601183 18
0.601041 18
0.600896 18
0.600743 18
0.600586 18
0.60043 18
0.600269 18
0.600131 18
0.599975 18
0.599814 18
0.599691 18
0.599533 18
0.599397 18
0.599244 18
0.599086 18
0.598934 18
0.598777 18
0.598625 18
0.598625 17
0.598471 17
0.598318 17
0.598168 17
0.598026 17
0.597878 17
0.597723 17
0.597571 17
0.597302 17
0.597143 17
0.59701 17
0.59687 17
0.596713 17
0.596555 17
0.596417 17
0.596268 17
0.596151 17
0.595997 17
0.595846 17
0.595696 17
0.595578 17
0.595426 17
0.595269 17
0.595118 17
0.59496 17
0.594818 17
0.594661 17
0.594513 17
0.594203 17
0.594049 17
0.593886 17
0.593731 17
0.59358 17
0.593455 17
0.593299 17
0.593142 17
0.592973 17
0.592822 17
0.592682 17
0.592529 17
0.592229 17
0.592074 17
0.591935 17
0.591783 17
0.591491 17
0.591352 17
0.591202 17
0.591068 17
0.59092 17
0.590786 17
0.590637 17
0.590495 17
0.590342 17
0.590193 17
0.590056 17
0.589898 17
0.589748 17
0.589611 17
0.58947 17
0.589343 17
0.589191 17
0.589054 17
0.588903 17
0.588781 17
0.588635 17
0.588506 17
0.588359 17
0.588207 17
0.588051 17
0.587901 17
0.587793 17
0.587668 17
0.587517 17
0.587391 17
0.587235 17
0.587081 17
0.586925 17
0.586759 17
0.586615 17
0.586496 17
0.586338 17
0.586222 17
0.586077 17
0.585928 17
0.585783 17
0.58567 17
0.58567 16
0.585507 16
0.585375 16
0.58524 16
0.585091 16
0.584951 16
0.584827 16
0.584686 16
0.584543 16
0.584411 16
0.584265 16
0.584111 16
0.583971 16
0.583827 16
0.583674 16
0.583525 16
0.583372 16
0.583216 16
0.583074 16
0.582995 15
0.582854 15
0.582697 15
0.58258 15
0.582419 15
0.582274 15
0.582139 15
0.581985 15
0.58183 15
0.581689 15
0.581538 15
0.581387 15
0.581248 15
0.58112 15
0.58083 15
0.580701 15
0.580552 15
0.580405 15
0.580264 15
0.580119 15
0.579978 15
0.579855 15
0.579705 15
0.579551 15
0.579405 15
0.579249 15
0.579117 15
0.578959 15
0.578814 15
0.578668 15
0.578526 15
0.578374 15
0.578257 15
0.5781 15
0.577956 15
0.577808 15
0.577706 15
0.577553 15
0.577406 15
0.577247 15
0.577099 15
0.576941 15
0.576779 15
0.576632 15
0.576474 15
0.576327 15
0.576196 15
0.576196 14
0.576061 14
0.575906 14
0.575768 14
0.575676 13
0.575526 13
0.575377 13
0.575257 13
0.575103 13
0.574942 13
0.574806 13
0.574669 13
0.574526 13
0.574368 13
0.574236 13
0.574092 13
0.573935 13
0.573808 13
0.573675 13
0.573556 13
0.573413 13
0.573153 13
0.573012 13
0.572867 13
0.572762 13
0.572612 13
0.572481 13
0.572367 13
0.572226 13
0.572093 13
0.571961 13
0.571807 13
0.571656 13
0.571517 13
0.571372 13
0.57123 13
0.570925 13
0.570785 13
0.570632 13
0.570486 13
0.57035 13
0.570195 13
0.570033 13
0.569894 13
0.569746 13
0.569602 13
0.569474 13
0.569332 13
0.569033 13
0.568883 13
0.568731 13
0.568575 13
0.568426 13
0.568273 13
0.568124 13
0.567974 13
0.567835 13
0.567683 12
0.567527 12
0.56738 12
0.56725 12
0.567108 12
0.566952 12
0.566813 12
0.56651 12
0.566356 12
0.566211 12
0.566054 12
0.565921 12
0.56579 12
0.565636 12
0.565473 12
0.565356 12
0.565218 12
0.565064 12
0.564922 12
0.564769 12
0.564627 12
0.564469 12
0.564322 12
0.564181 12
0.564044 12
0.563898 12
0.563749 12
0.563614 12
0.563482 12
0.563354 12
0.563244 12
0.563113 12
0.562954 12
0.562804 12
0.562667 12
0.562511 12
0.562362 12
0.562205 12
0.562078 12
0.561909 12
0.561754 12
0.561605 12
0.56148 12
0.561324 12
0.561181 12
0.561045 12
0.560892 12
0.560759 12
0.560624 12
0.560476 12
0.560322 12
0.560201 12
0.560059 12
0.559912 12
0.559764 12
0.559606 12
0.559606 11
0.55945 11
0.559298 11
0.559191 11
0.559044 11
0.558887 11
0.55873 11
0.558599 11
0.558451 11
0.558297 11
0.558152 11
0.558029 11
0.557737 11
0.557715 10
0.557578 10
0.557436 10
0.557275 10
0.557137 10
0.556987 10
0.556821 10
0.556678 10
0.556533 10
0.556394 10
0.556254 10
0.556109 10
0.555957 10
0.555807 10
0.555644 10
0.555511 10
0.555369 10
0.555216 10
0.555072 10
0.554923 10
0.554767 10
0.55464 10
0.55451 10
0.554397 10
0.554257 10
0.554127 10
0.554008 10
0.553862 10
0.553709 10
0.553567 10
0.553407 10
0.553255 10
0.553094 10
0.552973 10
0.552816 10
0.55267 10
0.552535 10
0.552385 10
0.552245 10
0.552089 10
0.551948 10
0.55181 10
0.551662 10
0.551509 10
0.55136 10
0.551233 10
0.551093 10
0.55096 10
0.550809 10
0.550669 10
0.550508 10
0.550359 10
0.550209 10
0.550209 9
0.550072 9
0.549925 9
0.549778 9
0.549612 9
0.549464 9
0.54932 9
0.549161 9
0.549016 9
0.548878 9
0.548726 9
0.548571 9
0.548437 9
0.54829 9
0.548013 9
0.547859 9
0.547724 9
0.547587 9
0.547444 9
0.547297 9
0.547147 9
0.547001 9
0.546849 9
0.546695 9
0.546552 9
0.546408 9
0.546262 9
0.546116 9
0.545981 9
0.545844 9
0.545699 9
0.545546 9
0.545408 9
0.545254 9
0.545122 9
0.544971 9
0.544833 9
0.544689 9
0.544376 9
0.544216 9
0.544059 9
0.543952 9
0.543824 9
0.543683 9
0.543542 9
0.543414 9
0.543264 9
0.543104 9
0.542971 9
0.542819 9
0.542671 9
0.542537 9
0.542391 9
0.542247 9
0.542097 9
0.541951 9
0.541803 9
0.541655 9
0.541511 9
0.541511 8
0.541367 8
0.54124 8
0.541107 8
0.540959 8
0.54082 8
0.540507 8
0.540368 8
0.540227 8
0.54007 8
0.539768 8
0.539616 8
0.539458 8
0.539308 8
0.539153 8
0.538993 8
0.538849 8
0.538721 8
0.538574 8
0.538441 8
0.538282 8
0.53813 8
0.537984 8
0.537844 8
0.537687 8
0.537531 8
0.537393 8
0.537266 8
0.536801 7
0.53666 7
0.536517 7
0.536365 7
0.536214 7
0.536063 7
0.535919 7
0.535767 7
0.535618 7
0.535466 7
0.53533 7
0.535204 7
0.535071 7
0.534932 7
0.534798 7
0.53451 7
0.534355 7
0.534204 7
0.534053 7
0.533905 7
0.533751 7
0.533625 7
0.533492 7
0.533342 7
0.533192 7
0.533036 7
0.53289 7
0.532733 7
0.532586 7
0.532467 7
0.532313 7
0.532185 7
0.532046 7
0.531911 7
0.531775 7
0.53165 7
0.53151 7
0.531358 7
0.5312 7
0.53106 7
0.530909 7
0.530772 7
0.530622 7
0.53047 7
0.530329 7
0.530179 7
0.530025 7
0.529889 7
0.529733 7
0.529592 7
0.529449 7
0.529298 7
0.529151 7
0.528998 7
0.528856 7
0.528698 7
0.528545 7
0.528545 6
0.528391 6
0.528241 6
0.528091 6
0.527951 6
0.527801 6
0.527649 6
0.527501 6
0.527366 6
0.527236 6
0.527108 6
0.526954 6
0.526805 6
0.526658 6
0.526506 6
0.526371 6
0.526237 6
0.526089 6
0.525944 6
0.525797 6
0.525657 6
0.525507 6
0.525348 6
0.525191 6
0.525048 6
0.524903 6
0.524754 6
0.524601 6
0.524455 6
0.524317 6
0.524174 6
0.524025 6
0.523866 6
0.523709 6
0.523558 6
0.523265 6
0.523134 6
0.522999 6
0.522841 6
0.522695 6
0.522545 6
0.522386 6
0.522245 6
0.522112 6
0.521955 6
0.521805 6
0.521663 6
0.521516 6
0.521362 6
0.521207 6
0.520901 6
0.520757 6
0.520615 6
0.520468 6
0.52031 6
0.52016 6
0.52001 6
0.519851 6
0.519708 6
0.519563 6
0.519407 6
0.519253 6
0.519104 6
0.518948 6
0.518796 6
0.518653 6
0.518506 6
0.518354 6
0.518205 6
0.518063 6
0.517914 6
0.517786 6
0.517641 6
0.517489 6
0.517342 6
0.517191 6
0.517047 6
0.517047 5
0.51689 5
0.516474 5
0.516325 5
0.516176 5
0.51605 5
0.515924 5
0.515775 5
0.515629 5
0.51548 5
0.515342 5
0.515208 5
0.515062 5
0.514911 5
0.514757 5
0.514618 5
0.514477 5
0.514322 5
0.514176 5
0.514031 5
0.513889 5
0.513733 5
0.51358 5
0.513449 5
0.513341 5
0.513199 5
0.51305 5
0.512921 5
0.512772 5
0.512623 5
0.512476 5
0.512318 5
0.512175 5
0.512032 5
0.511877 5
0.511727 5
0.511568 5
0.511434 5
0.511278 5
0.511128 5
0.510974 5
0.51082 5
0.510687 5
0.510549 5
0.5104 5
0.51026 5
0.51012 5
0.509972 5
0.509833 5
0.50968 5
0.509542 5
0.509383 5
0.509239 5
0.5091 5
0.508824 5
0.508696 5
0.508551 5
0.508413 5
0.508268 5
0.508116 5
0.507985 5
0.507828 5
0.507686 5
0.507548 5
0.507388 5
0.507234 5
0.507081 5
0.506937 5
0.506937 4
0.506777 4
0.506623 4
0.506481 4
0.506352 4
0.506192 4
0.506044 4
0.505897 4
0.505756 4
0.505605 4
0.505474 4
0.505341 4
0.505212 4
0.505058 4
0.504907 4
0.504763 4
0.504605 4
0.504446 4
0.504295 4
0.504166 4
0.50401 4
0.503872 4
0.503716 4
0.503561 4
0.503402 4
0.503253 4
0.503098 4
0.502953 4
0.502823 4
0.50269 4
0.50242 4
0.50211 4
0.501976 4
0.501832 4
0.501687 4
0.501535 4
0.501388 4
0.501237 4
0.501103 4
0.500955 4
0.500805 4
0.500658 4
0.500359 4
0.500214 4
0.500059 4
0.499792 4
0.499639 4
0.499485 4
0.499333 4
0.499206 4
0.498913 4
0.498764 4
0.498614 4
0.49848 4
0.498187 4
0.498035 4
0.49788 4
0.49774 4
0.497595 4
0.49745 4
0.497299 4
0.497144 4
0.497012 4
0.496869 4
0.496713 4
0.496561 4
0.496268 4
0.496132 4
0.495854 4
0.495704 4
0.495568 4
0.495424 4
0.495312 4
0.495177 4
0.495021 4
0.494757 4
0.49462 4
0.494484 4
0.494332 4
0.494184 4
0.494053 4
0.493916 4
0.493659 4
0.49336 4
0.493216 4
0.493079 4
0.492926 4
0.492771 4
0.492628 4
0.492477 4
0.492323 4
0.492182 4
0.492043 4
0.491894 4
0.49174 4
0.491586 4
0.49144 4
0.491293 4
0.491139 4
0.490991 4
0.490844 4
0.490701 4
0.490545 4
0.490395 4
0.490248 4
0.490109 4
0.489963 4
0.489815 4
0.489664 4
0.489515 4
0.489359 4
0.489082 4
0.488943 4
0.488791 4
0.48864 4
0.488502 4
0.488353 4
0.488222 4
0.488083 4
0.487947 4
0.487795 4
0.487647 4
0.487382 4
0.48724 4
0.487094 4
0.48694 4
0.486785 4
0.486644 4
0.486502 4
0.486354 4
0.486199 4
0.485907 4
0.485751 4
0.485461 4
0.485308 4
0.485188 4
0.485038 4
0.48491 4
0.484757 4
0.484626 4
0.484503 4
0.484352 4
0.484198 4
0.48406 4
0.483913 4
0.483783 4
0.48363 4
0.483481 4
0.483328 4
0.483179 4
0.483039 4
0.482882 4
0.48273 4
0.482573 4
0.482423 4
0.482423 3
0.482275 3
0.482124 3
0.48197 3
0.481669 3
0.481512 3
0.481374 3
0.481243 3
0.480953 3
0.480696 3
0.480552 3
0.480423 3
0.480278 3
0.480145 3
0.479993 3
0.479873 3
0.479738 3
0.479463 3
0.479307 3
0.47915 3
0.479002 3
0.478857 3
0.478727 3
0.478572 3
0.478414 3
0.478265 3
0.478114 3
0.477973 3
0.477819 3
0.477671 3
0.477519 3
0.477386 3
0.477237 3
0.477083 3
0.477083 2
0.476935 2
0.476781 2
0.476638 2
0.476484 2
0.476337 2
0.476182 2
0.476041 2
0.475911 2
0.475767 2
0.475611 2
0.475462 2
0.475316 2
0.475171 2
0.475044 2
0.474895 2
0.474748 2
0.474602 2
0.474456 2
0.47431 2
0.474161 2
0.47403 2
0.473735 2
0.473431 2
0.473302 2
0.473147 2
0.47286 2
0.47271 2
0.472564 2
0.472416 2
0.472267 2
0.472121 2
0.471992 2
0.471845 2
0.471699 2
0.471547 2
0.471415 2
0.47127 2
0.47111 2
0.470967 2
0.47067 2
0.470534 2
0.470381 2
0.47023 2
0.470092 2
0.469955 2
0.469802 2
0.469657 2
0.469511 2
0.469358 2
0.469218 2
0.469072 2
0.468791 2
0.468642 2
0.468491 2
0.468349 2
0.468216 2
0.468074 2
0.467918 2
0.467767 2
0.467618 2
0.467461 2
0.467322 2
0.467174 2
0.466884 2
0.466754 2
0.466602 2
0.46645 2
0.466332 2
0.466178 2
0.466019 2
0.465878 2
0.465729 2
0.465571 2
0.465441 2
0.465302 2
0.465155 2
0.465017 2
0.464859 2
0.464718 2
0.464597 2
0.464299 2
0.464151 2
0.463999 2
0.463851 2
0.463699 2
0.463555 2
0.463412 2
0.463106 2
0.46296 2
0.462811 2
0.462515 2
0.462365 2
0.462075 2
0.461925 2
0.461789 2
0.46163 2
0.461488 2
0.461339 2
0.461182 2
0.461043 2
0.460898 2
0.460744 2
0.4606 2
0.460444 2
0.460309 2
0.460151 2
0.460002 2
0.45986 2
0.45971 2
0.459568 2
0.459415 2
0.459255 2
0.459111 2
0.458956 2
0.458797 2
0.458661 2
0.458535 2
0.458385 2
0.45823 2
0.458076 2
0.457942 2
0.457802 2
0.457661 2
0.457519 2
0.457372 2
0.457221 2
0.457074 2
0.456923 2
0.456791 2
0.456638 2
0.456487 2
0.456358 2
0.456217 2
0.456072 2
0.455943 2
0.455783 2
0.455471 2
0.455322 2
0.455177 2
0.454882 2
0.454294 2
0.453824 2
0.453516 2
0.453383 2
0.453092 2
0.45294 2
0.45279 2
0.452655 2
0.452525 2
0.452394 2
0.452252 2
0.452094 2
0.451819 2
0.45166 2
0.451528 2
0.451383 2
0.451229 2
0.451124 2
0.450972 2
0.450834 2
0.450548 2
0.450427 2
0.450279 2
0.450125 2
0.449977 2
0.449827 2
0.449686 2
0.449434 2
0.449136 2
0.448975 2
0.448823 2
0.448683 2
0.448525 2
0.448378 2
0.44823 2
0.448093 2
0.447936 2
0.44778 2
0.447645 2
0.447503 2
0.447204 2
0.447052 2
0.446897 2
0.446752 2
0.446618 2
0.44646 2
0.44633 2
0.4462 2
0.44604 2
0.445753 2
0.445604 2
0.445473 2
0.445328 2
0.445031 2
0.444874 2
0.444729 2
0.444575 2
0.444425 2
0.444276 2
0.444137 2
0.443985 2
0.443837 2
0.443704 2
0.443551 2
0.443249 2
0.443094 2
0.442939 2
0.442817 2
0.442667 2
0.442527 2
0.442391 2
0.442244 2
0.442092 2
0.441948 2
0.441648 2
0.441515 2
0.44136 2
0.441211 2
0.441053 2
0.44077 2
0.440624 2
0.440472 2
0.440331 2
0.440177 2
0.440027 2
0.43987 2
0.43974 2
0.439586 2
0.439452 2
0.439144 2
0.438993 2
0.438847 2
0.438709 2
0.438558 2
0.438415 2
0.43828 2
0.438146 2
0.438004 2
0.437856 2
0.437707 2
0.437549 2
0.437396 2
0.437264 2
0.437107 2
0.436952 2
0.436823 2
0.436671 2
0.436518 2
0.436373 2
0.436222 2
0.436083 2
0.435947 2
0.435791 2
0.435635 2
0.435478 2
0.435325 2
0.435051 2
0.434928 2
0.434793 2
0.434641 2
0.434501 2
0.434351 2
0.434202 2
0.434079 2
0.433922 2
0.433776 2
0.433635 2
0.433329 2
0.433176 2
0.433028 2
0.43287 2
0.432721 2
0.432458 2
0.432298 2
0.432152 2
0.431858 2
0.431719 2
0.431584 2
0.43144 2
0.431167 2
0.431025 2
0.430886 2
0.430747 2
0.430599 2
0.430444 2
0.430286 2
0.430143 2
0.429993 2
0.429853 2
0.429701 2
0.429548 2
0.429408 2
0.42913 2
0.428995 2
0.428842 2
0.428708 2
0.428555 2
0.428416 2
0.428271 2
0.428114 2
0.427824 2
0.427521 2
0.427382 2
0.427248 1
0.427092 1
0.426939 1
0.426799 1
0.426504 1
0.426356 1
0.426075 1
0.425934 1
0.425783 1
0.425642 1
0.425346 1
0.425192 1
0.425043 1
0.424892 1
0.424746 1
0.424591 1
0.424442 1
0.424303 1
0.424159 1
0.423857 1
0.423708 1
0.42358 1
0.423447 1
0.423293 1
0.423143 1
0.423002 1
0.422851 1
0.422574 1
0.422429 1
0.422281 1
0.422002 1
0.421863 1
0.421718 1
0.421428 1
0.421273 1
0.421124 1
0.420971 1
0.420703 1
0.420562 1
0.420408 1
0.420262 1
0.420112 1
0.419815 1
0.419663 1
0.419529 1
0.419235 1
0.419095 1
0.418936 1
0.418795 1
0.41865 1
0.418383 1
0.418244 1
0.417951 1
0.41781 1
0.417674 1
0.41753 1
0.41723 1
0.417092 1
0.416958 1
0.416813 1
0.416656 1
0.416513 1
0.416365 1
0.416221 1
0.416074 1
0.415787 1
0.415641 1
0.415486 1
0.415335 1
0.41518 1
0.415027 1
0.41488 1
0.414722 1
0.414565 1
0.414407 1
0.41426 1
0.414114 1
0.413549 1
0.413402 1
0.413256 1
0.413107 1
0.412963 1
0.412812 1
0.412668 1
0.412547 1
0.412391 1
0.412231 1
0.412098 1
0.411943 1
0.411798 1
0.411648 1
0.411506 1
0.411375 1
0.411222 1
0.411081 1
0.410784 1
0.410639 1
0.410493 1
0.410196 1
0.410048 1
0.409741 1
0.409288 1
0.409155 1
0.409003 1
0.408846 1
0.408705 1
0.40841 1
0.408253 1
0.408105 1
0.407805 1
0.407654 1
0.407502 1
0.407353 1
0.407198 1
0.40704 1
0.406896 1
0.406748 1
0.406298 1
0.406152 1
0.40601 1
0.405862 1
0.405719 1
0.405577 1
0.405433 1
0.405292 1
0.405143 1
0.404986 1
0.404832 1
0.404686 1
0.404539 1
0.404407 1
0.404261 1
0.40411 1
0.403824 1
0.403669 1
0.403512 1
0.403374 1
0.403216 1
0.403079 1
0.402788 1
0.402642 1
0.402509 1
0.402364 1
0.402071 1
0.401771 1
0.401612 1
0.401311 1
0.401163 1
0.400852 1
0.400571 1
0.400428 1
0.400274 1
0.399854 1
0.399698 1
0.399544 1
0.399401 1
0.399263 1
0.399114 1
0.398982 1
0.398826 1
0.398527 1
0.398389 1
0.398239 1
0.39809 1
0.397782 1
0.397641 1
0.397341 1
0.397191 1
0.39704 1
0.396892 1
0.396462 1
0.396317 1
0.396169 1
0.396015 1
0.395865 1
0.395705 1
0.39557 1
0.395424 1
0.395286 1
0.395138 1
0.394986 1
0.394842 1
0.394703 1
0.394422 1
0.394281 1
0.394138 1
0.394002 1
0.39387 1
0.39372 1
0.393573 1
0.393422 1
0.39329 1
0.393012 1
0.393012 0
0.392871 0
0.392739 0
0.39244 0
0.392134 0
0.391983 0
0.391855 0
0.391714 0
0.391301 0
0.391153 0
0.390996 0
0.390849 0
0.39072 0
0.390444 0
0.390295 0
0.390134 0
0.389823 0
0.389664 0
0.38952 0
0.389226 0
0.388913 0
0.388612 0
0.388456 0
0.388331 0
0.38805 0
0.387899 0
0.387452 0
0.387155 0
0.386859 0
0.38672 0
0.386572 0
0.38644 0
0.386282 0
0.386002 0
0.385875 0
0.38573 0
0.385578 0
0.385433 0
0.385294 0
0.385146 0
0.385002 0
0.384875 0
0.38473 0
0.384576 0
0.38429 0
0.383999 0
0.383852 0
0.383698 0
0.38341 0
0.38311 0
0.382978 0
0.382823 0
0.382677 0
0.382537 0
0.382386 0
0.38211 0
0.38197 0
0.381825 0
0.381692 0
0.381409 0
0.381265 0
0.381117 0
0.380967 0
0.380817 0
0.380669 0
0.380516 0
0.380249 0
0.380093 0
0.379942 0
0.37979 0
0.379677 0
0.379532 0
0.379107 0
0.378968 0
0.378848 0
0.378697 0
0.378541 0
0.378087 0
0.377933 0
0.377676 0
0.377538 0
0.377388 0
0.377235 0
0.376944 0
0.376786 0
0.376237 0
0.375782 0
0.375652 0
0.375505 0
0.375373 0
0.375229 0
0.375084 0
0.374804 0
0.374679 0
0.37453 0
0.37408 0
0.373952 0
0.373635 0
0.373492 0
0.373343 0
0.373205 0
0.373062 0
0.372913 0
0.372608 0
0.372459 0
0.372301 0
0.372154 0
0.372009 0
0.371863 0
0.37171 0
0.371561 0
0.371405 0
0.371255 0
0.371096 0
0.370951 0
0.3708 0
0.370648 0
0.370508 0
0.370211 0
0.369777 0
0.36948 0
0.369347 0
0.369055 0
0.368918 0
0.368776 0
0.368634 0
0.368236 0
0.368093 0
0.367961 0
0.367802 0
0.367657 0
0.36751 0
0.367364 0
0.367105 0
0.366954 0
0.366822 0
0.366668 0
0.366369 0
0.36607 0
0.365928 0
0.365779 0
0.365627 0
0.365474 0
0.365323 0
0.365178 0
0.365021 0
0.36487 0
0.364724 0
0.364584 0
0.364436 0
0.364312 0
0.364161 0
0.363883 0
0.363739 0
0.363587 0
0.363282 0
0.363129 0
0.362986 0
0.362835 0
0.36268 0
0.362536 0
0.362376 0
0.362079 0
0.361655 0
0.36106 0
0.360755 0
0.360599 0
0.360451 0
0.360013 0
0.359867 0
0.359739 0
0.359583 0
0.359443 0
0.359295 0
0.35901 0
0.358716 0
0.358564 0
0.358281 0
0.358134 0
0.357981 0
0.357851 0
0.357692 0
0.357544 0
0.357408 0
0.3571 0
0.35697 0
0.356668 0
0.356229 0
0.35608 0
0.355933 0
0.355782 0
0.355649 0
0.35549 0
0.355213 0
0.355065 0
0.354925 0
0.354775 0
0.354463 0
0.354315 0
0.354022 0
0.353871 0
0.353735 0
0.353588 0
0.353434 0
0.353019 0
0.35286 0
0.352712 0
0.352561 0
0.352253 0
0.351963 0
0.351804 0
0.35151 0
0.351378 0
0.351242 0
0.350817 0
0.350687 0
0.350542 0
0.350258 0
0.350138 0
0.349999 0
0.349696 0
0.349566 0
0.349265 0
0.34913 0
0.348981 0
0.34867 0
0.348382 0
0.348239 0
0.347951 0
0.347662 0
0.347529 0
0.347391 0
0.346965 0
0.346833 0
0.346522 0
0.346372 0
0.346081 0
0.34593 0
0.345492 0
0.345235 0
0.344943 0
0.344784 0
0.344647 0
0.344488 0
0.344329 0
0.344178 0
0.343887 0
0.343742 0
0.343297 0
0.343011 0
0.342715 0
0.342558 0
0.342412 0
0.342275 0
0.34186 0
0.34172 0
0.341567 0
0.341416 0
0.34098 0
0.340847 0
0.340693 0
0.340547 0
0.340412 0
0.340128 0
0.339838 0
0.339699 0
0.339547 0
0.339394 0
0.339255 0
0.338963 0
0.338817 0
0.338529 0
0.338384 0
0.338225 0
0.338077 0
0.337781 0
0.337628 0
0.337471 0
0.337178 0
0.337022 0
0.336868 0
0.336719 0
0.336439 0
0.336291 0
0.336141 0
0.336011 0
0.335862 0
0.335718 0
0.335441 0
0.335298 0
0.335147 0
0.334698 0
0.334417 0
0.334126 0
0.333823 0
0.333694 0
0.333546 0
0.333425 0
0.333139 0
0.332856 0
0.332703 0
0.33228 0
0.33213 0
0.331836 0
0.33169 0
0.331395 0
0.331244 0
0.330956 0
0.33082 0
0.330674 0
0.330517 0
0.330365 0
0.329922 0
0.329776 0
0.329483 0
0.3292 0
0.329062 0
0.32891 0
0.328764 0
0.328622 0
0.328486 0
0.328191 0
0.328039 0
0.327895 0
0.32775 0
0.327281 0
0.327145 0
0.326995 0
0.326557 0
0.326252 0
0.325973 0
0.325833 0
0.325705 0
0.325435 0
0.325283 0
0.324999 0
0.324858 0
0.324706 0
0.324579 0
0.324424 0
0.324296 0
0.324142 0
0.324006 0
0.32386 0
0.323599 0
0.323444 0
0.323302 0
0.323163 0
0.323029 0
0.322303 0
0.322156 0
0.322007 0
0.321854 0
0.321708 0
0.321431 0
0.321277 0
0.320982 0
0.3207 0
0.320553 0
0.320398 0
0.320248 0
0.320103 0
0.319655 0
0.319357 0
0.318763 0
0.318616 0
0.31803 0
0.317744 0
0.317593 0
0.317439 0
0.317308 0
0.317164 0
0.317006 0
0.316856 0
0.316428 0
0.316275 0
0.316133 0
0.315994 0
0.315844 0
0.315562 0
0.315417 0
0.315266 0
0.315128 0
0.31498 0
0.314527 0
0.314374 0
0.314073 0
0.31393 0
0.313783 0
0.313641 0
0.313507 0
0.3132 0
0.313046 0
0.312906 0
0.312624 0
0.311913 0
0.311768 0
0.311614 0
0.311468 0
0.31132 0
0.310724 0
0.310581 0
0.3103 0
0.310151 0
0.309863 0
0.309709 0
0.309565 0
0.309429 0
0.309276 0
0.309124 0
0.308969 0
0.30883 0
0.308676 0
0.308521 0
0.308362 0
0.308083 0
0.307946 0
0.307798 0
0.307505 0
0.307057 0
0.306638 0
0.306503 0
0.306351 0
0.30607 0
0.305948 0
0.305792 0
0.305329 0
0.305172 0
0.304871 0
0.304594 0
0.304444 0
0.303991 0
0.303696 0
0.303545 0
0.303393 0
0.303241 0
0.302945 0
0.302807 0
0.302262 0
0.30212 0
0.301971 0
0.301555 0
0.301258 0
0.301099 0
0.300947 0
0.300804 0
0.300657 0
0.300516 0
0.300368 0
0.300066 0
0.29977 0
0.299361 0
0.299205 0
0.29908 0
0.29879 0
0.298367 0
0.298091 0
0.297947 0
0.297668 0
0.297526 0
0.297377 0
0.297219 0
0.29706 0
0.296907 0
0.296626 0
0.296467 0
0.296013 0
0.295751 0
0.295029 0
0.294755 0
0.294473 0
0.294321 0
0.293894 0
0.293599 0
0.293469 0
0.293017 0
0.292858 0
0.292583 0
0.292454 0
0.292013 0
0.291721 0
0.291574 0
0.291436 0
0.291279 0
0.291124 0
0.290848 0
0.290718 0
0.290583 0
0.289976 0
0.289699 0
0.289547 0
0.289246 0
0.289091 0
0.288946 0
0.288804 0
0.288663 0
0.288385 0
0.288243 0
0.288099 0
0.287503 0
0.287357 0
0.287215 0
0.287063 0
0.286932 0
0.286777 0
0.28619 0
0.286038 0
0.285583 0
0.285449 0
0.285298 0
0.285013 0
0.284858 0
0.284568 0
0.284416 0
0.284266 0
0.284121 0
0.283972 0
0.283816 0
0.283685 0
0.28355 0
0.283234 0
0.282966 0
0.282809 0
0.282529 0
0.282383 0
0.282247 0
0.282099 0
0.281653 0
0.281231 0
0.281079 0
0.280775 0
0.280617 0
0.280474 0
0.280024 0
0.279873 0
0.279723 0
0.279574 0
0.279279 0
0.278975 0
0.278831 0
0.278673 0
0.278526 0
0.278234 0
0.278098 0
0.27795 0
0.277661 0
0.27752 0
0.277111 0
0.276675 0
0.276394 0
0.27624 0
0.27595 0
0.275806 0
0.275652 0
0.275535 0
0.27524 0
0.275109 0
0.274963 0
0.274823 0
0.274665 0
0.274229 0
0.273937 0
0.273789 0
0.273643 0
0.273502 0
0.2732 0
0.273057 0
0.272926 0
0.272347 0
0.271908 0
0.271465 0
0.270862 0
0.270574 0
0.270441 0
0.269996 0
0.269846 0
0.269699 0
0.269239 0
0.268792 0
0.26835 0
0.267729 0
0.267575 0
0.267422 0
0.267143 0
0.266997 0
0.266842 0
0.266684 0
0.266532 0
0.265954 0
0.26581 0
0.265674 0
0.265524 0
0.265078 0
0.264794 0
0.264654 0
0.264225 0
0.264075 0
0.263633 0
0.263483 0
0.263328 0
0.262896 0
0.26276 0
0.262316 0
0.262171 0
0.262019 0
0.261864 0
0.261703 0
0.2614 0
0.261248 0
0.260963 0
0.260815 0
0.260387 0
0.260248 0
0.2601 0
0.259505 0
0.259369 0
0.259223 0
0.259076 0
0.258939 0
0.258651 0
0.258511 0
0.258226 0
0.257927 0
0.257798 0
0.257522 0
0.25737 0
0.256924 0
0.256613 0
0.256461 0
0.256193 0
0.25574 0
0.255589 0
0.255438 0
0.255305 0
0.254713 0
0.25442 0
0.254271 0
0.253984 0
0.253843 0
0.253692 0
0.253548 0
0.253106 0
0.252956 0
0.252651 0
0.252376 0
0.252071 0
0.251912 0
0.251763 0
0.251608 0
0.251464 0
0.251315 0
0.251024 0
0.25087 0
0.250716 0
0.250412 0
0.250115 0
0.249828 0
0.249677 0
0.249242 0
0.249101 0
0.248944 0
0.24879 0
0.248345 0
0.248191 0
0.247734 0
0.247576 0
0.247278 0
0.247137 0
0.246992 0
0.246694 0
0.246549 0
0.246397 0
0.246242 0
0.246097 0
0.245938 0
0.245633 0
0.245486 0
0.245329 0
0.244879 0
0.244752 0
0.2446 0
0.2443 0
0.244011 0
0.243725 0
0.24311 0
0.242827 0
0.242391 0
0.242249 0
0.242098 0
0.241946 0
0.241504 0
0.240914 0
0.24061 0
0.240032 0
0.239887 0
0.239592 0
0.239442 0
0.239134 0
0.238839 0
0.238697 0
0.238544 0
0.238402 0
0.238124 0
0.237978 0
0.237818 0
0.237665 0
0.23735 0
0.236895 0
0.236739 0
0.235989 0
0.235842 0
0.235553 0
0.235113 0
0.234977 0
0.234838 0
0.234705 0
0.234256 0
0.233952 0
0.233811 0
0.233511 0
0.233369 0
0.232913 0
0.232629 0
0.232486 0
0.232344 0
0.232195 0
0.231893 0
0.231741 0
0.231474 0
0.231175 0
0.230603 0
0.230471 0
0.230314 0
0.230166 0
0.229876 0
0.229568 0
0.229273 0
0.229135 0
0.22898 0
0.228833 0
0.228549 0
0.228102 0
0.227979 0
0.227835 0
0.227372 0
0.227061 0
0.226903 0
0.226607 0
0.226458 0
0.226309 0
0.226025 0
0.225878 0
0.225419 0
0.225132 0
0.224982 0
0.224832 0
0.224545 0
0.224386 0
0.224227 0
0.223923 0
0.223773 0
0.223344 0
0.223195 0
0.223056 0
0.222925 0
0.222773 0
0.222617 0
0.22219 0
0.221883 0
0.221595 0
0.221459 0
0.221323 0
0.22088 0
0.220607 0
0.220455 0
0.220302 0
0.219855 0
0.219713 0
0.219278 0
0.218983 0
0.218831 0
0.218686 0
0.218543 0
0.218383 0
0.218245 0
0.218096 0
0.217942 0
0.217639 0
0.217501 0
0.217344 0
0.217038 0
0.216733 0
0.216575 0
0.216275 0
0.216137 0
0.215997 0
0.215842 0
0.21556 0
0.215277 0
0.214849 0
0.214707 0
0.214431 0
0.21399 0
0.213849 0
0.213707 0
0.213267 0
0.213123 0
0.212977 0
0.212684 0
0.212543 0
0.211961 0
0.211822 0
0.211681 0
0.211523 0
0.211234 0
0.210939 0
0.210797 0
0.210355 0
0.209771 0
0.20963 0
0.209477 0
0.208879 0
0.208596 0
0.208293 0
0.208139 0
0.207997 0
0.207709 0
0.207268 0
0.207119 0
0.206966 0
0.206808 0
0.206525 0
0.206226 0
0.206078 0
0.205787 0
0.205493 0
0.205198 0
0.205052 0
0.204621 0
0.204324 0
0.204038 0
0.203882 0
0.2036 0
0.203461 0
0.203304 0
0.202845 0
0.202713 0
0.202567 0
0.202286 0
0.20215 0
0.201994 0
0.201733 0
0.201438 0
0.20129 0
0.201145 0
0.200844 0
0.2004 0
0.19996 0
0.199818 0
0.199528 0
0.199373 0
0.199225 0
0.199071 0
0.198784 0
0.198368 0
0.197948 0
0.197492 0
0.197048 0
0.196758 0
0.19662 0
0.196333 0
0.195917 0
0.195776 0
0.195624 0
0.195344 0
0.195046 0
0.194897 0
0.19475 0
0.1946 0
0.194043 0
0.193749 0
0.193455 0
0.193165 0
0.192873 0
0.192572 0
0.192421 0
0.192268 0
0.191823 0
0.191383 0
0.191234 0
0.190938 0
0.190784 0
0.190345 0
0.190206 0
0.190053 0
0.189767 0
0.189177 0
0.189033 0
0.188879 0
0.188737 0
0.188451 0
0.188157 0
0.187696 0
0.187543 0
0.187412 0
0.186858 0
0.18671 0
0.186299 0
0.186142 0
0.185984 0
0.185839 0
0.185556 0
0.185414 0
0.184979 0
0.184822 0
0.184682 0
0.184386 0
0.184089 0
0.183787 0
0.183193 0
0.182902 0
0.182752 0
0.182604 0
0.182301 0
0.182152 0
0.181555 0
0.181401 0
0.181251 0
0.180946 0
0.180788 0
0.180642 0
0.180498 0
0.180351 0
0.180202 0
0.180056 0
0.179905 0
0.179758 0
0.179607 0
0.179464 0
0.179331 0
0.179195 0
0.179046 0
0.1786 0
0.178454 0
0.178302 0
0.178147 0
0.178004 0
0.177857 0
0.177592 0
0.177452 0
0.177307 0
0.177038 0
0.176884 0
0.176739 0
0.176604 0
0.176469 0
0.176324 0
0.176175 0
0.17604 0
0.175895 0
0.175758 0
0.17533 0
0.175052 0
0.174757 0
0.174608 0
0.174175 0
0.174023 0
0.173891 0
0.173612 0
0.173306 0
0.173018 0
0.172864 0
0.17241 0
0.172098 0
0.171957 0
0.171649 0
0.171506 0
0.171365 0
0.171213 0
0.171068 0
0.170921 0
0.170634 0
0.170058 0
0.16992 0
0.169614 0
0.169458 0
0.169315 0
0.169168 0
0.168755 0
0.168467 0
0.168327 0
0.168171 0
0.167868 0
0.167721 0
0.167444 0
0.167159 0
0.166875 0
0.166431 0
0.166143 0
0.165995 0
0.165858 0
0.16555 0
0.165263 0
0.165115 0
0.164973 0
0.164837 0
0.164694 0
0.16423 0
0.164079 0
0.163772 0
0.163476 0
0.163177 0
0.163017 0
0.162572 0
0.162273 0
0.161858 0
0.161719 0
0.161568 0
0.161107 0
0.160957 0
0.160822 0
0.160393 0
0.160251 0
0.159966 0
0.159828 0
0.159678 0
0.159534 0
0.159245 0
0.158955 0
0.158689 0
0.1584 0
0.157967 0
0.157662 0
0.157377 0
0.157233 0
0.156504 0
0.156217 0
0.155754 0
0.155463 0
0.15516 0
0.155009 0
0.154852 0
0.154698 0
0.154389 0
0.154238 0
0.154096 0
0.153801 0
0.15365 0
0.153355 0
0.15308 0
0.15277 0
0.152468 0
0.151863 0
0.151558 0
0.15127 0
0.151131 0
0.150983 0
0.150239 0
0.150097 0
0.149944 0
0.149659 0
0.149519 0
0.149376 0
0.14909 0
0.148937 0
0.14822 0
0.148065 0
0.147624 0
0.147191 0
0.147036 0
0.146766 0
0.146624 0
0.146481 0
0.146185 0
0.146029 0
0.14544 0
0.145156 0
0.144857 0
0.144433 0
0.14399 0
0.143839 0
0.14355 0
0.143392 0
0.14324 0
0.142941 0
0.142648 0
0.142503 0
0.142379 0
0.1418 0
0.141657 0
0.141519 0
0.141209 0
0.14107 0
0.140774 0
0.140478 0
0.140051 0
0.139764 0
0.139191 0
0.139064 0
0.138919 0
0.138635 0
0.138488 0
0.137901 0
0.137336 0
0.137031 0
0.136742 0
0.136314 0
0.136012 0
0.135864 0
0.135291 0
0.134867 0
0.134583 0
0.134444 0
0.134154 0
0.133443 0
0.13331 0
0.133026 0
0.132743 0
0.132326 0
0.132177 0
0.131745 0
0.131447 0
0.131296 0
0.131159 0
0.131016 0
0.130858 0
0.130585 0
0.130292 0
0.13001 0
0.129739 0
0.129586 0
0.128878 0
0.128425 0
0.128292 0
0.128138 0
0.127985 0
0.127828 0
0.127539 0
0.127388 0
0.126955 0
0.126806 0
0.126224 0
0.125775 0
0.125619 0
0.125472 0
0.12532 0
0.125171 0
0.124882 0
0.124747 0
0.124608 0
0.124455 0
0.124304 0
0.124156 0
0.123867 0
0.123719 0
0.123275 0
0.12312 0
0.122551 0
0.122401 0
0.121999 0
0.121692 0
0.121547 0
0.121255 0
0.120977 0
0.120669 0
0.120374 0
0.120226 0
0.120076 0
0.119789 0
0.119488 0
0.119185 0
0.118741 0
0.118601 0
0.118303 0
0.117865 0
0.117413 0
0.117124 0
0.116824 0
0.116529 0
0.11622 0
0.116077 0
0.115465 0
0.115325 0
0.1152 0
0.114751 0
0.114599 0
0.114448 0
0.114307 0
0.114013 0
0.113865 0
0.113737 0
0.113431 0
0.113274 0
0.11299 0
0.112833 0
0.11268 0
0.112538 0
0.112227 0
0.112078 0
0.111927 0
0.11179 0
0.111522 0
0.111232 0
0.110943 0
0.110795 0
0.110381 0
0.110235 0
0.11009 0
0.109786 0
0.109504 0
0.109065 0
0.10862 0
0.108325 0
0.108184 0
0.107584 0
0.107439 0
0.107161 0
0.106855 0
0.106712 0
0.106569 0
0.10556 0
0.104851 0
0.104553 0
0.104404 0
0.104257 0
0.104111 0
0.103824 0
0.103686 0
0.103535 0
0.103243 0
0.102956 0
0.102822 0
0.102537 0
0.102228 0
0.101926 0
0.101618 0
0.101473 0
0.101034 0
0.100894 0
0.10076 0
0.100474 0
0.100328 0
0.100178 0
0.100035 0
0.0994566 0
0.0993172 0
0.0989147 0
0.098352 0
0.0982031 0
0.0978967 0
0.0977516 0
0.0974502 0
0.0973137 0
0.0968842 0
0.0967461 0
0.0965999 0
0.0962845 0
0.0959863 0
0.0958311 0
0.0956901 0
0.0955384 0
0.0952473 0
0.0951014 0
0.0948224 0
0.0946779 0
0.0945368 0
0.0943936 0
0.093954 0
0.0936529 0
0.0933763 0
0.0932273 0
0.0930688 0
0.0929261 0
0.0927957 0
0.0924912 0
0.0920407 0
0.0917385 0
0.0914404 0
0.0911569 0
0.0910104 0
0.0907291 0
0.0906036 0
0.0903155 0
0.0901666 0
0.0898583 0
0.0895428 0
0.0893933 0
0.0891077 0
0.0885085 0
0.0883604 0
0.0880856 0
0.0876421 0
0.0874992 0
0.0872261 0
0.0869306 0
0.0866477 0
0.0865007 0
0.0862118 0
0.0859101 0
0.0857618 0
0.0856166 0
0.0854675 0
0.0853236 0
0.0851829 0
0.0850427 0
0.0848955 0
0.0845905 0
0.0844402 0
0.0842877 0
0.084014 0
0.0838728 0
0.0833146 0
0.0830155 0
0.0828626 0
0.082575 0
0.082132 0
0.0812343 0
0.080779 0
0.0806314 0
0.0801824 0
0.0795816 0
0.0794279 0
0.0792863 0
0.0790115 0
0.078694 0
0.0783962 0
0.0779584 0
0.0773792 0
0.0770973 0
0.0766391 0
0.0765213 0
0.0763682 0
0.0760748 0
0.0757801 0
0.0756462 0
0.0754955 0
0.0751859 0
0.0750377 0
0.0749157 0
0.0746327 0
0.0742129 0
0.0740631 0
0.0739286 0
0.0734865 0
0.0732001 0
0.0730639 0
0.072915 0
0.0727629 0
0.0726104 0
0.0724613 0
0.0720222 0
0.0718768 0
0.0717375 0
0.0713069 0
0.0711601 0
0.0707238 0
0.0705836 0
0.0704341 0
0.0700015 0
0.0697135 0
0.069405 0
0.0692702 0
0.0691276 0
0.0689766 0
0.0688274 0
0.0685516 0
0.068409 0
0.0682614 0
0.0681113 0
0.0676569 0
0.0675141 0
0.0672347 0
0.0669392 0
0.0667879 0
0.0666367 0
0.0664923 0
0.0663503 0
0.0662229 0
0.0659355 0
0.0657891 0
0.0656374 0
0.0653721 0
0.0649388 0
0.0647855 0
0.0641959 0
0.0640456 0
0.0637596 0
0.0636239 0
0.0634781 0
0.0633295 0
0.0630324 0
0.0627175 0
0.0622785 0
0.0621346 0
0.0619869 0
0.0618304 0
0.0616763 0
0.061533 0
0.0613798 0
0.0610802 0
0.0608036 0
0.0605101 0
0.0599227 0
0.0597787 0
0.0596388 0
0.059346 0
0.0591867 0
0.0590342 0
0.058891 0
0.0580302 0
0.0579017 0
0.0577568 0
0.0576018 0
0.0570264 0
0.056868 0
0.0565814 0
0.0564268 0
0.0559807 0
0.0556812 0
0.0555318 0
0.055388 0
0.0549299 0
0.0546367 0
0.0544836 0
0.054335 0
0.0540288 0
0.0538775 0
0.053597 0
0.0534416 0
0.0531565 0
0.0525394 0
0.0519296 0
0.0517868 0
0.0516536 0
0.0515007 0
0.0512163 0
0.0509218 0
0.050779 0
0.0506335 0
0.0504866 0
0.0503273 0
0.0500353 0
0.0497197 0
0.0495697 0
0.0489739 0
0.0488408 0
0.0486881 0
0.048391 0
0.0481008 0
0.0476734 0
0.0475384 0
0.0474065 0
0.0469556 0
0.0466722 0
0.0463649 0
0.0462107 0
0.0460689 0
0.0459096 0
0.0456077 0
0.0454535 0
0.045297 0
0.0450134 0
0.0448603 0
0.0447221 0
0.0445787 0
0.0442808 0
0.0439963 0
0.0437031 0
0.0434297 0
0.0432817 0
0.0428222 0
0.0425293 0
0.0421031 0
0.0417914 0
0.0416497 0
0.0414956 0
0.0411911 0
0.0410451 0
0.0407359 0
0.0405995 0
0.0404479 0
0.0403071 0
0.0400234 0
0.0395836 0
0.0394381 0
0.0392797 0
0.0391234 0
0.0386828 0
0.038534 0
0.0383794 0
0.0380854 0
0.0379445 0
0.0378078 0
0.0375056 0
0.0372235 0
0.036777 0
0.0364819 0
0.0360369 0
0.0358992 0
0.035747 0
0.0354568 0
0.0353021 0
0.0351502 0
0.0350124 0
0.0348711 0
0.0347452 0
0.0345859 0
0.0344451 0
0.0339876 0
0.0338611 0
0.0337378 0
0.0335836 0
0.0334369 0
0.033304 0
0.0331597 0
0.0330215 0
0.0327255 0
0.0325862 0
0.0324388 0
0.0322992 0
0.0321515 0
0.0319961 0
0.0318435 0
0.0316895 0
0.0315375 0
0.0312841 0
0.0309928 0
0.0306991 0
0.030559 0
0.0304109 0
0.0301064 0
0.0299734 0
0.0298348 0
0.0295401 0
0.0293989 0
0.029258 0
0.0291057 0
0.0289698 0
0.0288272 0
0.0286743 0
0.0285291 0
0.0283766 0
0.0282295 0
0.0277817 0
0.0274907 0
0.0273412 0
0.0271876 0
0.026894 0
0.0267586 0
0.0266086 0
0.0263156 0
0.0258649 0
0.0257209 0
0.0255728 0
0.0254316 0
0.0249816 0
0.0248475 0
0.0247045 0
0.0245628 0
0.0244153 0
0.0242735 0
0.0241256 0
0.0239732 0
0.0238405 0
0.0236904 0
0.0235383 0
0.023107 0
0.0226673 0
0.0225214 0
0.0222181 0
0.0219259 0
0.0216238 0
0.0214677 0
0.0213209 0
0.0211839 0
0.0210404 0
0.0208927 0
0.0207565 0
0.0206038 0
0.0204696 0
0.0203216 0
0.020177 0
0.019903 0
0.0197535 0
0.0194509 0
0.0193104 0
0.0191548 0
0.0189968 0
0.0188506 0
0.0187094 0
0.0185703 0
0.0184446 0
0.0182991 0
0.0181511 0
0.0175697 0
0.0174202 0
0.0172808 0
0.0169849 0
0.0168474 0
0.0167003 0
0.0164145 0
0.0162671 0
0.016133 0
0.0159917 0
0.0158419 0
0.0156963 0
0.0155466 0
0.0154081 0
0.0151269 0
0.0150026 0
0.0148635 0
0.0145736 0
0.0143009 0
0.014017 0
0.013871 0
0.0137198 0
0.0135781 0
0.0132952 0
0.0131378 0
0.0130048 0
0.0128559 0
0.0127131 0
0.012571 0
0.0124207 0
0.0122711 0
0.0121319 0
0.0119863 0
0.011847 0
0.0117013 0
0.0114096 0
0.0112668 0
0.0111167 0
0.0108248 0
0.0106796 0
0.0103983 0
0.0102474 0
0.0101044 0
0.00996035 0
0.00969753 0
0.00955251 0
0.0092721 0
0.00912339 0
0.00897544 0
0.00882299 0
0.00851793 0
0.00836442 0
0.00806793 0
0.00793659 0
0.00779968 0
0.00751394 0
0.00736784 0
0.00722668 0
0.00708357 0
0.00679691 0
0.00635407 0
0.0062092 0
0.00606659 0
0.00591988 0
0.00579101 0
0.0056516 0
0.00551178 0
0.00536902 0
0.00522702 0
0.00508519 0
0.00494769 0
0.00464109 0
0.00450175 0
0.00436392 0
0.00422346 0
0.00407821 0
0.00392338 0
0.00378344 0
0.00364518 0
0.00349876 0
0.00335535 0
0.00322057 0
0.00307729 0
0.00294057 0
0.00280213 0
0.00265986 0
0.0025173 0
0.0023931 0
0.00211227 0
0.0019699 0
0.00182461 0
0.00168028 0
0.00152694 0
0.00138145 0
0.00125815 0
0.000987731 0
0.000838793 0
0.000692154 0
0.000547963 0
0.000400567 0
0.000268197 0
0.000128793 0
