0.696425 585
0.696425 584
0.696425 583
0.696425 582
0.696425 581
0.696425 580
0.696425 579
0.696425 578
0.696425 577
0.696425 576
0.696425 575
0.696425 574
0.696425 573
0.696425 572
0.696425 571
0.696425 570
0.696425 569
0.696422 568
0.696422 567
0.696422 566
0.696422 565
0.696422 564
0.696422 563
0.696422 562
0.696422 561
0.696422 560
0.696422 559
0.696422 558
0.696422 557
0.696422 556
0.696422 555
0.696422 554
0.696422 553
0.696422 552
0.696422 551
0.696422 550
0.696422 549
0.696422 548
0.696422 547
0.696422 546
0.696422 545
0.696422 544
0.696422 543
0.696422 542
0.696422 541
0.696422 540
0.696422 539
0.696422 538
0.696422 537
0.696422 536
0.696422 535
0.696371 534
0.696371 533
0.696371 532
0.696232 532
0.696232 531
0.696232 530
0.696232 529
0.696232 528
0.696232 527
0.696232 526
0.696232 525
0.696232 524
0.696232 523
0.696232 522
0.696232 521
0.696232 520
0.696097 520
0.696097 519
0.696097 518
0.696097 517
0.696097 516
0.696097 515
0.696097 514
0.696097 513
0.696097 512
0.696097 511
0.696097 510
0.696097 509
0.696097 508
0.696097 507
0.696097 506
0.696097 505
0.696097 504
0.696097 503
0.696097 502
0.696097 501
0.696097 500
0.696097 499
0.696097 498
0.696097 497
0.696097 496
0.696097 495
0.696097 494
0.696097 493
0.696097 492
0.696004 491
0.696004 490
0.696004 489
0.696004 488
0.696004 487
0.696004 486
0.696004 485
0.695991 484
0.695991 483
0.695991 482
0.695991 481
0.695991 480
0.695991 479
0.695991 478
0.695991 477
0.695991 476
0.695991 475
0.695991 474
0.695991 473
0.695991 472
0.695991 471
0.695991 470
0.695991 469
0.695991 468
0.695991 467
0.695991 466
0.695991 465
0.695991 464
0.695849 464
0.695849 463
0.695849 462
0.695849 461
0.695849 460
0.695849 459
0.695849 458
0.695849 457
0.695849 456
0.695849 455
0.695849 454
0.695849 453
0.695849 452
0.695849 451
0.695849 450
0.695849 449
0.695849 448
0.695849 447
0.695849 446
0.695849 445
0.695849 444
0.695849 443
0.695849 442
0.695849 441
0.695849 440
0.695849 439
0.695849 438
0.695849 437
0.695849 435
0.695849 434
0.695849 433
0.695849 432
0.695849 431
0.695849 430
0.695849 429
0.695849 428
0.695849 427
0.695849 426
0.695849 425
0.695849 424
0.695849 423
0.695849 422
0.695849 421
0.695849 420
0.695849 419
0.695849 418
0.695849 417
0.695849 416
0.695849 415
0.695849 414
0.695849 413
0.695849 412
0.695849 411
0.695849 410
0.695849 409
0.695849 408
0.695849 407
0.695849 406
0.695849 405
0.695849 404
0.695849 403
0.695849 402
0.695849 401
0.695849 400
0.695849 399
0.695849 398
0.695849 397
0.695849 396
0.695849 395
0.695849 394
0.695849 393
0.695849 392
0.695849 391
0.695849 390
0.695849 389
0.695849 388
0.695849 387
0.695849 386
0.695849 385
0.695849 384
0.695849 383
0.695849 382
0.695849 381
0.695849 380
0.695849 379
0.695849 378
0.695849 377
0.695849 376
0.695849 375
0.695849 374
0.695849 373
0.695849 372
0.695849 371
0.695849 370
0.695849 369
0.695849 368
0.695849 367
0.695849 366
0.695849 365
0.695849 364
0.695849 363
0.695849 362
0.695849 361
0.695849 360
0.695849 359
0.695849 358
0.695849 357
0.695844 356
0.695844 355
0.695844 354
0.695844 353
0.695844 352
0.695844 351
0.695841 350
0.695841 349
0.695841 348
0.695841 347
0.695841 346
0.695841 345
0.695841 344
0.695841 343
0.695841 342
0.695841 341
0.695841 340
0.695841 339
0.695841 338
0.695841 337
0.695841 336
0.695841 335
0.695821 334
0.695821 333
0.695821 332
0.695821 331
0.695821 330
0.695681 330
0.695681 329
0.695567 329
0.695567 328
0.695476 327
0.695476 326
0.695393 325
0.695262 325
0.695207 324
0.695207 323
0.695207 322
0.695207 321
0.695207 320
0.695207 319
0.695207 318
0.695207 317
0.695207 316
0.695207 315
0.695207 314
0.695207 313
0.695207 312
0.695207 311
0.695074 311
0.69492 311
0.69491 310
0.69491 309
0.694793 309
0.694793 308
0.69469 308
0.694561 308
0.694561 307
0.694433 307
0.694433 306
0.694295 306
0.694295 305
0.694295 304
0.694156 304
0.694047 304
0.693927 304
0.693797 304
0.693652 304
0.693535 304
0.693415 304
0.693288 304
0.693165 304
0.693165 303
0.693165 302
0.693165 301
0.693165 300
0.693165 299
0.693165 298
0.693165 297
0.693019 297
0.693019 296
0.693019 295
0.693019 294
0.693019 293
0.693019 292
0.692879 292
0.692879 291
0.692879 290
0.692879 289
0.692753 289
0.692753 288
0.692753 287
0.692753 286
0.692596 286
0.692596 285
0.692596 284
0.692596 283
0.692596 282
0.692476 282
0.692331 282
0.692199 282
0.69215 281
0.69215 280
0.692019 280
0.692019 279
0.692019 278
0.692019 277
0.691868 277
0.691868 276
0.691868 275
0.691868 274
0.691868 273
0.691721 273
0.691721 272
0.691655 271
0.691655 270
0.691518 270
0.691518 269
0.691518 268
0.691518 267
0.691371 267
0.691371 266
0.691371 265
0.691371 264
0.691253 264
0.691253 263
0.691126 263
0.690997 263
0.690841 263
0.690841 262
0.690841 261
0.690715 261
0.690715 260
0.690715 259
0.69057 259
0.69057 258
0.690441 258
0.690325 258
0.69019 258
0.690094 257
0.690094 256
0.689944 256
0.689944 255
0.689944 254
0.689944 253
0.689877 252
0.689877 251
0.689877 250
0.689877 249
0.689877 248
0.689738 248
0.689738 247
0.689738 246
0.689738 245
0.689625 245
0.689625 244
0.689504 244
0.689504 243
0.68936 243
0.68936 242
0.68936 241
0.68936 240
0.68936 239
0.68936 238
0.68936 237
0.689236 237
0.689236 236
0.689236 235
0.689105 235
0.689105 234
0.688967 234
0.688967 233
0.688967 232
0.688839 232
0.688839 231
0.688839 230
0.688697 230
0.688697 229
0.688697 228
0.688697 227
0.688697 226
0.688697 225
0.688565 225
0.688414 225
0.688323 224
0.688323 223
0.68818 223
0.68818 222
0.68818 221
0.688105 220
0.687998 220
0.687998 219
0.687869 219
0.687698 219
0.687698 218
0.687698 217
0.687698 216
0.68756 216
0.68756 215
0.68756 214
0.687455 214
0.687354 214
0.687354 213
0.687354 212
0.687221 212
0.687092 212
0.687092 211
0.687092 210
0.687092 209
0.687092 208
0.687092 207
0.687092 206
0.687092 205
0.687092 204
0.687092 203
0.686963 203
0.686963 202
0.686883 202
0.686883 201
0.686883 200
0.686883 199
0.686757 199
0.686643 199
0.686643 198
0.686643 197
0.686505 197
0.686505 196
0.686505 195
0.686379 195
0.686379 194
0.686249 194
0.686155 193
0.686155 192
0.686008 192
0.685906 192
0.685888 191
0.685751 191
0.685751 190
0.685602 190
0.685602 189
0.685602 188
0.685469 188
0.685469 187
0.685326 187
0.685326 186
0.685326 185
0.685326 184
0.685192 184
0.685076 184
0.685076 183
0.684935 183
0.684935 182
0.684935 181
0.684935 180
0.68481 180
0.68481 179
0.68481 178
0.684661 178
0.684661 177
0.684661 176
0.684542 176
0.684542 175
0.684542 174
0.684432 174
0.684312 174
0.684312 173
0.684312 172
0.684312 171
0.684312 170
0.684312 169
0.684312 168
0.684175 168
0.684019 168
0.684019 167
0.683897 167
0.683897 166
0.683778 166
0.683615 166
0.683479 166
0.683354 166
0.683255 166
0.683255 165
0.683255 164
0.683108 164
0.682974 164
0.682853 164
0.682853 163
0.682727 163
0.682727 162
0.682727 161
0.682727 160
0.682727 159
0.682616 159
0.682616 158
0.682463 158
0.682463 157
0.682343 157
0.682201 157
0.682201 156
0.682193 155
0.682066 155
0.681916 155
0.681916 154
0.681916 153
0.681916 152
0.681916 151
0.681916 150
0.681916 149
0.681907 148
0.681907 147
0.681789 147
0.681789 146
0.681635 146
0.681537 146
0.681537 145
0.681537 144
0.681412 144
0.681331 143
0.681205 143
0.681074 143
0.680958 143
0.680845 143
0.680706 143
0.680563 143
0.680563 142
0.680499 141
0.680499 140
0.680499 139
0.680346 139
0.680346 138
0.680346 137
0.680346 136
0.680191 136
0.680191 135
0.680191 134
0.680191 133
0.680191 132
0.680191 131
0.680191 130
0.680191 129
0.680063 129
0.680063 128
0.679936 128
0.679833 128
0.679699 128
0.6796 128
0.67945 128
0.679285 128
0.679285 127
0.679177 127
0.679041 127
0.678913 127
0.678775 127
0.678642 127
0.678497 127
0.67836 127
0.678236 127
0.678236 126
0.678093 126
0.678093 125
0.678093 124
0.678013 123
0.677929 122
0.677801 122
0.677681 122
0.677588 121
0.677461 121
0.677314 121
0.677314 120
0.677175 120
0.677175 119
0.677052 119
0.677052 118
0.676921 118
0.676921 117
0.67678 117
0.676657 117
0.676657 116
0.67651 116
0.67651 115
0.676349 115
0.676349 114
0.676225 114
0.676088 114
0.676088 113
0.675934 113
0.675934 112
0.67579 112
0.675634 112
0.675512 112
0.675512 111
0.675512 110
0.675359 110
0.675359 109
0.675359 108
0.675224 108
0.675075 108
0.674923 108
0.674795 108
0.674645 108
0.674483 108
0.674483 107
0.674483 106
0.674345 106
0.67419 106
0.67419 105
0.674043 105
0.674043 104
0.673904 104
0.673904 103
0.673763 103
0.673634 103
0.673634 102
0.673634 101
0.673489 101
0.673377 101
0.673258 101
0.673135 101
0.672986 101
0.67284 101
0.67284 100
0.672699 100
0.67259 100
0.672451 100
0.672328 100
0.672328 99
0.672192 99
0.672065 99
0.672065 98
0.671932 98
0.671826 98
0.671826 97
0.671826 96
0.671826 95
0.671689 95
0.671564 95
0.67142 95
0.6713 95
0.6713 94
0.6713 93
0.671187 93
0.671187 92
0.671074 92
0.670928 92
0.670775 92
0.670657 92
0.670657 91
0.670657 90
0.670657 89
0.670657 88
0.670499 88
0.670359 88
0.670258 88
0.670117 88
0.669969 88
0.669835 88
0.669703 88
0.669549 88
0.669424 88
0.669302 88
0.669302 87
0.669302 86
0.669154 86
0.669 86
0.66899 85
0.66885 85
0.668694 85
0.668563 85
0.668431 85
0.668318 85
0.668164 85
0.668164 84
0.66803 84
0.667898 84
0.667746 84
0.667609 84
0.66744 84
0.667307 84
0.667191 84
0.667057 84
0.667057 83
0.666906 83
0.666772 83
0.666618 83
0.666618 82
0.666486 82
0.666353 82
0.666353 81
0.666353 80
0.66623 80
0.666098 80
0.665949 80
0.665826 80
0.665693 80
0.665693 79
0.665549 79
0.665549 78
0.66539 78
0.665284 78
0.665139 78
0.665019 78
0.664872 78
0.664872 77
0.664754 77
0.66463 77
0.66449 77
0.664361 77
0.664105 77
0.663957 77
0.663957 76
0.663798 76
0.663634 76
0.663485 76
0.663326 76
0.66319 76
0.663064 76
0.662917 76
0.662792 76
0.662773 75
0.662625 75
0.662512 75
0.662358 75
0.662205 75
0.662055 75
0.661796 75
0.661639 75
0.661639 74
0.661514 74
0.661514 73
0.661379 73
0.661225 73
0.661068 73
0.660926 73
0.660781 73
0.660638 73
0.660479 73
0.660479 72
0.660479 71
0.660351 71
0.660218 71
0.660218 70
0.660111 70
0.659994 70
0.659893 70
0.659893 69
0.659736 69
0.659602 69
0.659477 69
0.659327 69
0.659198 69
0.659198 68
0.659052 68
0.659052 67
0.658896 67
0.658896 66
0.658775 66
0.658643 66
0.658505 66
0.658376 66
0.658247 66
0.658124 66
0.658011 66
0.658011 65
0.658011 64
0.657849 64
0.657849 63
0.657716 63
0.657594 63
0.657439 63
0.657439 62
0.657287 62
0.657287 61
0.657135 61
0.656992 61
0.656878 61
0.656748 61
0.656748 60
0.656613 60
0.656613 59
0.656455 59
0.656324 59
0.65618 59
0.656032 59
0.655864 59
0.655732 59
0.655582 59
0.655476 59
0.655344 59
0.655344 58
0.65521 58
0.655044 58
0.654903 58
0.654753 58
0.654613 58
0.65452 57
0.654406 57
0.654281 57
0.654164 57
0.654011 57
0.653861 57
0.653725 57
0.653603 57
0.653468 57
0.653309 57
0.653162 57
0.653009 57
0.652861 57
0.652724 57
0.652562 57
0.65241 57
0.652284 57
0.652163 57
0.652007 57
0.651888 57
0.651768 57
0.651639 57
0.651639 56
0.651498 56
0.651498 55
0.651355 55
0.651201 55
0.651053 55
0.650934 55
0.650934 54
0.650832 54
0.650686 54
0.650569 54
0.650428 54
0.650276 54
0.650131 54
0.650006 54
0.649883 54
0.649793 53
0.649672 53
0.649584 52
0.649433 52
0.649277 52
0.649135 52
0.649002 52
0.648862 52
0.648708 52
0.648614 51
0.648614 50
0.648614 49
0.648481 49
0.648355 49
0.648238 49
0.648098 49
0.647962 49
0.647829 49
0.647702 49
0.647572 49
0.647443 49
0.647288 49
0.647165 49
0.647057 49
0.646936 49
0.646803 49
0.646677 49
0.646546 49
0.646389 49
0.646243 49
0.646172 48
0.646014 48
0.64585 48
0.645701 48
0.645578 48
0.64542 48
0.645271 48
0.645271 47
0.645132 47
0.644994 47
0.644849 47
0.644709 47
0.644569 47
0.644433 47
0.644314 47
0.644164 47
0.644029 47
0.643871 47
0.643736 47
0.643588 47
0.643429 47
0.643316 47
0.643198 47
0.643047 47
0.642905 47
0.64275 47
0.642603 47
0.642464 47
0.642322 47
0.642174 47
0.642039 47
0.641941 47
0.641814 47
0.641668 47
0.641545 47
0.641407 47
0.641293 47
0.641138 47
0.640999 47
0.640868 47
0.640747 47
0.640612 47
0.640494 47
0.64036 47
0.64023 47
0.640095 47
0.639953 47
0.639836 47
0.639717 47
0.639582 47
0.639444 47
0.639332 47
0.639173 47
0.639173 46
0.639045 46
0.63893 46
0.638787 46
0.638644 46
0.63852 46
0.63852 45
0.63836 45
0.63836 44
0.63836 43
0.638226 43
0.638096 43
0.637959 43
0.637812 43
0.63766 43
0.637508 43
0.637354 43
0.637354 42
0.637198 42
0.637062 42
0.636907 42
0.636756 42
0.636603 42
0.636463 42
0.636331 42
0.636204 42
0.63605 42
0.635895 42
0.635764 42
0.635623 42
0.635623 41
0.635486 41
0.63534 41
0.635197 41
0.635197 40
0.635066 40
0.63491 40
0.634775 40
0.634628 40
0.63451 40
0.634402 40
0.634269 40
0.634269 39
0.634118 39
0.634007 39
0.633879 39
0.633732 39
0.633579 39
0.633435 39
0.633291 39
0.633151 39
0.63303 39
0.632872 39
0.632729 39
0.632596 39
0.632503 38
0.632357 38
0.632249 38
0.632099 38
0.631945 38
0.631815 38
0.631659 38
0.631548 38
0.631428 38
0.631308 38
0.631201 38
0.631121 37
0.631021 37
0.630849 37
0.630707 37
0.630573 37
0.630424 37
0.630278 37
0.630133 37
0.630039 36
0.629888 36
0.629888 35
0.62973 35
0.629582 35
0.629435 35
0.629325 35
0.629183 35
0.62905 35
0.628916 35
0.628779 35
0.628648 35
0.628388 35
0.628388 34
0.628245 34
0.628114 34
0.627968 34
0.627819 34
0.627663 34
0.627551 34
0.627412 34
0.627303 34
0.627156 34
0.626893 34
0.626758 34
0.626602 34
0.626602 33
0.626449 33
0.626313 33
0.626164 33
0.626033 33
0.625964 32
0.625838 32
0.625698 32
0.625549 32
0.625436 32
0.625295 32
0.625163 32
0.625031 32
0.624925 32
0.62479 32
0.62479 31
0.624639 31
0.624516 31
0.624372 31
0.624237 31
0.62411 30
0.623987 30
0.623841 30
0.623683 30
0.62354 30
0.623389 30
0.623255 30
0.623118 30
0.622964 30
0.622821 30
0.622674 30
0.622536 30
0.622425 30
0.622268 30
0.622268 29
0.622268 28
0.622101 28
0.621963 28
0.621821 28
0.621699 28
0.621546 28
0.621406 28
0.621271 28
0.621116 28
0.620989 28
0.620857 28
0.62071 28
0.620565 28
0.620419 28
0.620268 28
0.620128 28
0.619984 28
0.619836 28
0.619669 28
0.619517 28
0.619382 28
0.619275 28
0.619149 28
0.619019 28
0.618906 28
0.618757 28
0.618622 28
0.618473 28
0.618327 28
0.618199 28
0.618049 28
0.617919 28
0.61778 28
0.617675 28
0.617533 28
0.617224 28
0.617081 28
0.616932 28
0.616624 28
0.616481 28
0.616339 28
0.616196 28
0.616056 28
0.615928 28
0.615785 28
0.615646 28
0.615514 28
0.615241 28
0.615105 28
0.614994 28
0.614865 28
0.614716 28
0.614567 28
0.614416 28
0.614282 28
0.614142 28
0.614007 28
0.614007 27
0.613875 27
0.613729 27
0.613603 27
0.613436 27
0.613305 27
0.613171 27
0.613045 27
0.612911 27
0.612773 27
0.612655 27
0.61252 27
0.612374 27
0.612221 27
0.612059 27
0.611917 27
0.611778 27
0.611633 27
0.611489 27
0.611336 27
0.611211 27
0.611066 27
0.610937 27
0.610801 27
0.610801 26
0.610665 26
0.610539 26
0.610397 26
0.61027 26
0.610129 26
0.609986 26
0.609876 26
0.609746 26
0.609617 26
0.609468 26
0.609308 26
0.609172 26
0.609024 26
0.608869 26
0.608718 26
0.608573 26
0.608418 26
0.608272 26
0.608017 26
0.607887 26
0.607733 26
0.607482 26
0.60733 26
0.607185 26
0.60705 26
0.606893 26
0.606741 26
0.606585 26
0.60643 26
0.606287 26
0.606132 26
0.605973 26
0.605816 26
0.605539 26
0.605437 26
0.605301 25
0.605168 25
0.605045 25
0.604909 25
0.604909 24
0.604767 24
0.604626 24
0.604532 23
0.604388 23
0.604263 23
0.604121 23
0.603977 23
0.603835 23
0.603705 22
0.603562 22
0.60341 22
0.603259 22
0.603123 22
0.602982 22
0.602835 22
0.602706 22
0.602565 22
0.602425 22
0.60231 22
0.602159 22
0.602012 22
0.601873 22
0.601722 22
0.601722 21
0.601585 21
0.601315 21
0.601173 21
0.601026 21
0.600876 21
0.60075 21
0.600653 21
0.600495 21
0.600349 21
0.600207 21
0.600091 21
0.599921 21
0.599776 21
0.599634 21
0.599488 21
0.599349 21
0.5992 21
0.599046 21
0.5989 21
0.59877 21
0.598625 21
0.598482 21
0.59834 21
0.598192 21
0.598192 20
0.598021 20
0.597882 20
0.59774 20
0.5976 20
0.59746 20
0.597316 20
0.597213 20
0.597077 20
0.596928 20
0.596786 20
0.59663 20
0.596484 20
0.59635 20
0.59625 20
0.595965 20
0.595815 20
0.595656 20
0.595499 20
0.595363 20
0.595225 20
0.595083 20
0.594927 20
0.594625 20
0.594466 20
0.594319 20
0.594166 20
0.594013 20
0.593882 20
0.593588 20
0.593441 20
0.593298 20
0.593155 20
0.593015 20
0.592874 20
0.592731 20
0.592577 20
0.592433 20
0.592158 20
0.592013 20
0.591882 20
0.591735 20
0.591598 20
0.59145 20
0.591304 20
0.591146 20
0.590881 20
0.590734 20
0.59061 20
0.590454 20
0.590308 20
0.590157 20
0.590004 20
0.589872 20
0.589586 20
0.589451 20
0.589162 20
0.589015 20
0.588877 20
0.58874 20
0.588456 20
0.588318 20
0.588318 19
0.588172 19
0.58802 19
0.587893 19
0.587751 19
0.587593 19
0.587468 19
0.58731 17
0.587162 17
0.587043 17
0.586901 17
0.586745 17
0.586598 17
0.586462 17
0.586321 17
0.58617 17
0.586016 17
0.585868 17
0.58572 17
0.585602 17
0.58552 16
0.58538 16
0.585229 16
0.58507 16
0.584931 16
0.584785 16
0.58464 16
0.58449 16
0.584338 16
0.584188 16
0.584032 16
0.583881 16
0.583451 16
0.583303 16
0.583013 16
0.582863 16
0.582708 16
0.582565 16
0.582417 16
0.582125 16
0.581977 16
0.58183 16
0.581686 16
0.581542 16
0.581389 16
0.581249 16
0.581095 16
0.580947 16
0.580792 16
0.580654 16
0.580514 16
0.580093 16
0.579949 16
0.579793 16
0.579683 16
0.579543 16
0.579393 16
0.579112 16
0.578964 16
0.578811 16
0.57865 16
0.5785 16
0.578342 16
0.578198 16
0.578053 16
0.577757 16
0.577616 16
0.577464 16
0.577194 16
0.57705 16
0.576734 16
0.576453 16
0.576318 16
0.576175 16
0.576035 16
0.575898 16
0.575752 16
0.575492 16
0.575365 16
0.575239 16
0.575097 16
0.574957 16
0.574855 16
0.574716 16
0.574582 16
0.574289 16
0.573995 16
0.573696 16
0.573267 16
0.573124 16
0.572993 16
0.572748 15
0.572596 15
0.57245 15
0.572281 15
0.57213 15
0.571985 15
0.571846 15
0.571703 15
0.571559 15
0.571422 15
0.571277 15
0.571151 15
0.570869 15
0.570735 15
0.570614 15
0.57046 15
0.570314 15
0.570161 15
0.570011 15
0.569719 15
0.569409 15
0.569261 15
0.569105 15
0.568972 15
0.568823 15
0.568736 14
0.568575 14
0.568442 14
0.568149 14
0.568003 14
0.5677 14
0.567551 14
0.567411 14
0.567258 14
0.567104 14
0.566812 14
0.566807 13
0.566643 13
0.566493 13
0.566356 13
0.566208 13
0.566055 13
0.565907 13
0.565772 13
0.565616 13
0.565496 13
0.565365 13
0.564921 13
0.564643 13
0.564356 13
0.564208 13
0.563916 13
0.563665 13
0.563552 13
0.563404 13
0.563264 13
0.563121 13
0.562972 13
0.562664 13
0.562372 13
0.562228 13
0.562077 13
0.561633 13
0.561494 13
0.561338 13
0.561198 13
0.560655 13
0.5605 13
0.560355 13
0.560207 13
0.560057 13
0.559938 13
0.559687 13
0.559398 13
0.559262 13
0.559123 13
0.558992 13
0.55869 13
0.558421 13
0.558272 13
0.558144 13
0.558015 13
0.557883 13
0.557732 13
0.557615 13
0.557457 13
0.557344 13
0.557204 13
0.557059 13
0.557059 12
0.556912 12
0.556643 12
0.556483 12
0.556364 12
0.556234 12
0.555957 12
0.555804 12
0.555645 12
0.555521 12
0.555385 12
0.555225 12
0.555065 12
0.554911 12
0.55478 12
0.554483 12
0.554091 11
0.553949 11
0.553813 11
0.553678 11
0.55343 11
0.55329 11
0.552985 11
0.552831 11
0.552698 11
0.552549 11
0.552404 11
0.552252 11
0.55211 11
0.551955 11
0.55181 11
0.55151 11
0.551358 11
0.551069 11
0.550779 11
0.550479 11
0.550351 11
0.550211 11
0.550052 11
0.549906 11
0.549602 11
0.548876 11
0.548598 11
0.548451 11
0.548296 11
0.548145 11
0.548014 11
0.547857 11
0.547709 11
0.547553 11
0.547387 11
0.547238 11
0.547094 11
0.546952 11
0.546797 11
0.546508 11
0.546201 11
0.546043 11
0.545898 10
0.545786 10
0.545642 10
0.545378 10
0.545255 10
0.545105 10
0.544958 10
0.544808 10
0.544653 10
0.544219 10
0.544088 10
0.543961 10
0.543832 10
0.543691 10
0.54354 10
0.543396 10
0.543099 10
0.542813 10
0.542673 10
0.542525 10
0.542374 10
0.542226 10
0.541638 10
0.541348 10
0.541047 10
0.540915 10
0.540763 10
0.540485 10
0.540337 10
0.540203 10
0.539902 10
0.539607 10
0.539297 10
0.539162 10
0.538873 10
0.538579 10
0.538441 10
0.538287 10
0.538152 10
0.538001 10
0.53769 10
0.537536 10
0.537272 10
0.537133 10
0.536978 10
0.536697 10
0.536568 10
0.536279 10
0.535987 10
0.535846 10
0.535697 10
0.535407 10
0.534969 10
0.534813 10
0.534663 10
0.534354 10
0.534186 10
0.533752 10
0.533601 10
0.533451 10
0.533302 10
0.532865 10
0.532581 10
0.532441 10
0.532302 10
0.53185 10
0.531703 10
0.53157 10
0.531443 10
0.531282 10
0.530998 10
0.530854 10
0.530591 10
0.530468 10
0.530169 10
0.530013 10
0.529726 10
0.529419 10
0.529261 10
0.529125 10
0.528839 10
0.528682 10
0.528533 10
0.528248 10
0.528124 10
0.527996 10
0.527721 10
0.527266 10
0.527126 10
0.526975 10
0.526829 10
0.526696 10
0.526439 10
0.52614 10
0.525863 10
0.525571 10
0.525417 10
0.525269 10
0.524667 10
0.524518 10
0.524216 10
0.524068 10
0.523935 10
0.523776 10
0.523643 10
0.523498 10
0.52337 9
0.523213 9
0.523068 9
0.52279 9
0.522493 9
0.522354 9
0.522067 9
0.521756 9
0.521602 9
0.521455 9
0.521035 9
0.520744 9
0.520471 9
0.520338 9
0.519609 9
0.519455 9
0.519151 9
0.519151 8
0.519018 8
0.518861 8
0.518599 8
0.518444 8
0.518138 8
0.517859 8
0.517703 8
0.517406 8
0.517106 8
0.516657 8
0.516513 8
0.516362 7
0.516217 7
0.515764 7
0.515467 7
0.515179 7
0.515076 7
0.514927 7
0.514782 7
0.514633 7
0.514475 7
0.514359 7
0.513913 7
0.513616 7
0.513472 7
0.513339 7
0.513055 7
0.512776 7
0.512636 7
0.51221 7
0.511943 7
0.511633 7
0.511481 7
0.511369 7
0.511076 7
0.510814 7
0.510507 7
0.510364 7
0.510214 7
0.510056 7
0.509907 7
0.509618 7
0.509466 7
0.509309 7
0.509001 7
0.508695 6
0.50854 6
0.508385 6
0.508102 6
0.507973 6
0.507512 6
0.507075 6
0.506511 6
0.506361 6
0.506218 6
0.506074 6
0.505785 6
0.505646 6
0.50535 6
0.505041 6
0.504727 6
0.504334 6
0.50376 6
0.503624 6
0.503474 6
0.50321 5
0.503058 5
0.502767 5
0.502333 5
0.502194 5
0.502058 5
0.501932 5
0.501793 5
0.501644 4
0.501506 4
0.501227 4
0.50108 4
0.500921 4
0.50077 4
0.500633 4
0.500491 4
0.5002 4
0.499647 4
0.499195 4
0.499046 4
0.498904 4
0.498762 4
0.498474 4
0.49819 4
0.497905 4
0.49775 4
0.497145 4
0.496705 4
0.496273 4
0.496 4
0.495847 4
0.495725 4
0.495428 4
0.494983 4
0.494679 4
0.494224 4
0.494081 4
0.493485 4
0.493059 4
0.492594 4
0.491999 4
0.491697 4
0.491389 4
0.4911 4
0.490714 4
0.490426 4
0.489849 4
0.488995 4
0.488851 4
0.488737 4
0.488598 4
0.48816 4
0.487716 4
0.487143 4
0.486699 4
0.486559 4
0.486306 4
0.486154 4
0.485853 4
0.485721 4
0.485417 4
0.485276 4
0.485138 4
0.484576 4
0.483876 4
0.483727 4
0.483604 4
0.483301 4
0.482867 4
0.482562 4
0.482144 4
0.482007 4
0.481863 4
0.481731 4
0.481289 4
0.48115 4
0.481005 4
0.480855 4
0.480699 4
0.480546 4
0.480399 4
0.48013 4
0.47998 4
0.479684 4
0.479528 4
0.479241 4
0.478416 4
0.47802 4
0.477863 4
0.477714 4
0.477579 4
0.477101 4
0.476674 4
0.476544 4
0.476116 4
0.475819 4
0.475104 4
0.474945 4
0.474799 4
0.474369 4
0.473929 4
0.473482 4
0.47304 4
0.472743 4
0.47249 4
0.47219 4
0.471307 4
0.470689 4
0.470073 4
0.469932 4
0.469645 4
0.469503 4
0.469353 4
0.469066 4
0.468623 4
0.46803 4
0.467492 4
0.467194 4
0.466896 4
0.466164 4
0.466036 4
0.465586 4
0.465304 4
0.464727 4
0.464443 4
0.464294 4
0.46389 4
0.462707 4
0.462112 4
0.461825 4
0.461259 4
0.460499 4
0.460068 4
0.459498 4
0.458636 4
0.458034 4
0.457611 4
0.456597 4
0.455981 4
0.455554 4
0.455421 4
0.455125 4
0.454992 4
0.454671 4
0.45453 4
0.453768 4
0.453609 4
0.453034 4
0.452598 4
0.452151 4
0.451854 4
0.451426 4
0.451277 4
0.450986 4
0.450412 4
0.450252 4
0.449262 4
0.448701 4
0.448259 4
0.447819 4
0.447387 4
0.44694 3
0.446487 3
0.445306 3
0.445161 3
0.444581 3
0.443883 3
0.443004 3
0.442704 3
0.441696 3
0.441116 3
0.44026 3
0.440117 3
0.439546 3
0.438943 3
0.438059 3
0.437229 3
0.436335 3
0.435897 3
0.435306 3
0.434997 3
0.434448 3
0.433947 2
0.433197 2
0.43243 2
0.431996 2
0.4317 2
0.431411 2
0.430689 2
0.430091 2
0.429801 2
0.42892 2
0.428664 2
0.427904 2
0.426893 2
0.426183 2
0.425326 2
0.424724 2
0.42399 2
0.423686 2
0.423296 2
0.422566 2
0.422262 2
0.421544 2
0.420951 2
0.420529 2
0.419485 2
0.418906 2
0.418747 2
0.418633 2
0.418207 2
0.417333 2
0.416603 2
0.415754 2
0.414631 2
0.413642 2
0.413048 2
0.412449 2
0.411427 2
0.410863 2
0.410291 2
0.409473 2
0.408883 2
0.40817 2
0.407626 2
0.406878 2
0.406113 2
0.405527 2
0.405374 2
0.404942 2
0.404355 2
0.403456 2
0.402179 2
0.400903 2
0.400011 2
0.399003 2
0.398116 2
0.396718 2
0.395845 2
0.395107 2
0.393999 2
0.39258 2
0.392012 2
0.391575 2
0.390407 2
0.389517 2
0.388588 2
0.387719 2
0.386706 2
0.385822 2
0.38515 2
0.384238 2
0.383398 2
0.382654 2
0.382048 2
0.380709 2
0.379705 2
0.378831 2
0.378384 2
0.377782 2
0.376916 2
0.376619 2
0.375753 2
0.374785 2
0.374498 2
0.374241 2
0.373415 2
0.372702 2
0.371976 2
0.371821 2
0.371062 2
0.369591 2
0.368421 2
0.36697 2
0.365815 2
0.364809 2
0.363503 2
0.361932 2
0.360678 2
0.359962 2
0.358495 2
0.356802 2
0.355314 2
0.352852 2
0.351366 1
0.350364 1
0.348751 1
0.347859 1
0.346888 1
0.345972 1
0.344619 1
0.342772 1
0.341501 1
0.340193 1
0.338022 1
0.336898 1
0.334922 1
0.332841 1
0.331955 1
0.329968 1
0.32835 1
0.326233 1
0.324645 1
0.323606 1
0.32217 1
0.32117 1
0.319449 1
0.318027 1
0.317288 1
0.315011 1
0.313255 1
0.311793 1
0.310789 1
0.308662 1
0.306498 1
0.304812 1
0.303354 1
0.301002 1
0.299111 1
0.296018 1
0.294525 1
0.293389 1
0.290978 1
0.288234 1
0.285782 1
0.283922 1
0.282293 1
0.280161 1
0.278274 0
0.276366 0
0.274306 0
0.27186 0
0.268642 0
0.265772 0
0.263029 0
0.259847 0
0.256655 0
0.252475 0
0.249936 0
0.245944 0
0.241611 0
0.237896 0
0.233484 0
0.23022 0
0.226473 0
0.219867 0
0.215378 0
0.211163 0
0.205995 0
0.199328 0
0.193353 0
0.18707 0
0.182016 0
0.173498 0
0.164536 0
0.155864 0
0.1454 0
0.136213 0
0.122893 0
0.108989 0
0.0925112 0
0.0723712 0
0.0413711 0
0 0
