0.930574 585 0.0200691
0.930574 584 0.0200828
0.930574 583 0.0201017
0.930574 582 0.0201225
0.930574 581 0.0201551
0.930574 580 0.0201703
0.930574 579 0.0202772
0.930574 578 0.0203156
0.930574 577 0.0204065
0.930574 576 0.0204364
0.930574 575 0.0204812
0.930574 574 0.0205069
0.930574 573 0.0205088
0.930574 572 0.02051
0.930574 571 0.0205747
0.930574 570 0.0205809
0.930574 569 0.0206079
0.930574 568 0.0206797
0.930574 567 0.0208722
0.930574 566 0.0209671
0.930574 565 0.0211342
0.930574 564 0.021142
0.930574 563 0.0211559
0.930574 562 0.021279
0.930574 561 0.0212812
0.930574 560 0.021331
0.930574 559 0.021356
0.930574 558 0.0213618
0.930574 557 0.0213886
0.930574 556 0.021414
0.930574 555 0.0214484
0.930574 554 0.0214898
0.930574 553 0.0214909
0.930574 552 0.021517
0.930574 551 0.0216055
0.930574 550 0.021685
0.930574 549 0.021692
0.930574 548 0.0217064
0.930574 547 0.021761
0.930574 546 0.0217712
0.930574 545 0.0218499
0.930574 544 0.0218718
0.930574 543 0.021878
0.930574 542 0.0219577
0.930574 541 0.0219622
0.930574 540 0.0219703
0.930574 539 0.0221195
0.930574 538 0.0222162
0.930574 537 0.0222417
0.930574 536 0.0222458
0.930574 535 0.0223937
0.930381 534 0.0224686
0.930381 533 0.0225053
0.930381 532 0.0225852
0.930188 532 0.0225902
0.930188 531 0.0226758
0.930188 530 0.0226809
0.930188 529 0.0227132
0.930188 528 0.0227421
0.930188 527 0.0227763
0.930188 526 0.022816
0.930188 525 0.0228274
0.930188 524 0.0228602
0.930188 523 0.0229742
0.930188 522 0.0230033
0.930188 521 0.0230197
0.930188 520 0.0230428
0.929994 520 0.0230673
0.929994 519 0.0231193
0.929994 518 0.0231596
0.929994 517 0.0232468
0.929994 516 0.0233012
0.929994 515 0.0233454
0.929994 514 0.0234223
0.929994 513 0.0234429
0.929994 512 0.0234987
0.929994 511 0.0236562
0.929994 510 0.0237547
0.929994 509 0.0238083
0.929994 508 0.0238306
0.929994 507 0.0238946
0.929994 506 0.0239434
0.929994 505 0.0242733
0.929994 504 0.0244649
0.929994 503 0.0244978
0.929994 502 0.024584
0.929994 501 0.0246748
0.929994 500 0.0247486
0.929994 499 0.0249579
0.929994 498 0.0249816
0.929994 497 0.0250026
0.929994 496 0.0250749
0.929994 495 0.0251016
0.929994 494 0.0251422
0.929994 493 0.0252279
0.929994 492 0.0253621
0.929994 491 0.025437
0.929994 490 0.0254552
0.929994 489 0.0255178
0.929994 488 0.0256157
0.929994 487 0.0256216
0.929994 486 0.0256388
0.929994 485 0.0256895
0.929994 484 0.0257128
0.929994 483 0.0257474
0.929994 482 0.0258239
0.929994 481 0.0259198
0.929994 480 0.0260049
0.929994 479 0.0261123
0.929994 478 0.0261562
0.929994 477 0.0263013
0.929994 476 0.0263045
0.929994 475 0.0263144
0.929994 474 0.0263437
0.929994 473 0.0264641
0.929994 472 0.0265464
0.929994 471 0.0266147
0.929994 470 0.0267228
0.929994 469 0.0267488
0.929994 468 0.0268432
0.929994 467 0.0268951
0.929994 466 0.0270849
0.929994 465 0.0271007
0.929994 464 0.0271579
0.929801 464 0.0273926
0.929801 463 0.0275662
0.929801 462 0.0277143
0.929801 461 0.027786
0.929801 460 0.0278558
0.929801 459 0.0279468
0.929801 458 0.0279488
0.929801 457 0.0280407
0.929801 456 0.0280432
0.929801 455 0.0280672
0.929801 454 0.0283012
0.929801 453 0.0283315
0.929801 452 0.0287643
0.929801 451 0.0288232
0.929801 450 0.0289672
0.929801 449 0.0291001
0.929801 448 0.0291074
0.929801 447 0.0295885
0.929801 446 0.029938
0.929801 445 0.0300486
0.929801 444 0.0300514
0.929801 443 0.0300547
0.929801 442 0.0301415
0.929801 441 0.0301523
0.929801 440 0.0303464
0.929801 439 0.0304046
0.929801 438 0.0307213
0.929801 437 0.030816
0.929801 435 0.0310695
0.929801 434 0.0311268
0.929801 433 0.0311469
0.929801 432 0.0317923
0.929801 431 0.0317989
0.929801 430 0.0319869
0.929801 429 0.0320342
0.929801 428 0.0320441
0.929801 427 0.0321173
0.929801 426 0.0322468
0.929801 425 0.0323263
0.929801 424 0.0325484
0.929801 423 0.032916
0.929801 422 0.0329575
0.929801 421 0.0330352
0.929801 420 0.033087
0.929801 419 0.0332273
0.929801 418 0.0333551
0.929801 417 0.0334564
0.929801 416 0.0334688
0.929801 415 0.0339187
0.929801 414 0.0340189
0.929801 413 0.0344064
0.929801 412 0.0345995
0.929801 411 0.0346304
0.929801 410 0.0355312
0.929801 409 0.0356001
0.929801 408 0.0359949
0.929801 407 0.0361949
0.929801 406 0.0362701
0.929801 405 0.0362786
0.929801 404 0.0363461
0.929801 403 0.0365805
0.929801 402 0.0371306
0.929801 401 0.0372795
0.929801 400 0.0373316
0.929801 399 0.0378568
0.929801 398 0.0378922
0.929801 397 0.0379063
0.929801 396 0.03796
0.929801 395 0.0382431
0.929801 394 0.0382645
0.929801 393 0.0383099
0.929801 392 0.0385671
0.929801 391 0.0386599
0.929801 390 0.0388093
0.929801 389 0.038895
0.929801 388 0.0392254
0.929801 387 0.040352
0.929801 386 0.0406992
0.929801 385 0.0411155
0.929801 384 0.0413999
0.929801 383 0.0416911
0.929801 382 0.0416939
0.929801 381 0.0417702
0.929801 380 0.0419003
0.929801 379 0.0424137
0.929801 378 0.0425535
0.929801 377 0.0437918
0.929801 376 0.0438061
0.929801 375 0.0442127
0.929801 374 0.0446512
0.929801 373 0.0447861
0.929801 372 0.0452186
0.929801 371 0.04522
0.929801 370 0.0455815
0.929801 369 0.0461182
0.929801 368 0.0463297
0.929801 367 0.0467761
0.929801 366 0.0468327
0.929801 365 0.0470639
0.929801 364 0.0471759
0.929801 363 0.0474697
0.929801 362 0.0483467
0.929801 361 0.048487
0.929801 360 0.0490259
0.929801 359 0.0495392
0.929801 358 0.0495793
0.929801 357 0.049595
0.929801 356 0.0500733
0.929801 355 0.0505325
0.929801 354 0.0515988
0.929801 353 0.0518452
0.929801 352 0.0523428
0.929801 351 0.0535327
0.929801 350 0.0536335
0.929801 349 0.0545697
0.929801 348 0.0559377
0.929801 347 0.0562848
0.929801 346 0.0567427
0.929801 345 0.0577602
0.929801 344 0.0577629
0.929801 343 0.0588187
0.929801 342 0.0592956
0.929801 341 0.0597861
0.929801 340 0.060535
0.929801 339 0.061633
0.929801 338 0.0646967
0.929801 337 0.0648064
0.929801 336 0.0649067
0.929801 335 0.06578
0.929801 334 0.0657856
0.929801 333 0.0666316
0.929801 332 0.0672545
0.929801 331 0.0677487
0.929801 330 0.0696334
0.929607 330 0.072524
0.929607 329 0.0733758
0.929414 329 0.0739765
0.929414 328 0.0740564
0.929414 327 0.0747156
0.929414 326 0.0747332
0.929414 325 0.0764146
0.929221 325 0.0829289
0.929221 324 0.0862568
0.929221 323 0.0897316
0.929221 322 0.0909384
0.929221 321 0.0920406
0.929221 320 0.0972441
0.929221 319 0.103405
0.929221 318 0.103917
0.929221 317 0.105887
0.929221 316 0.108508
0.929221 315 0.109365
0.929221 314 0.109567
0.929221 313 0.135397
0.929221 312 0.138408
0.929221 311 0.154376
0.929027 311 0.164637
0.928834 311 0.168482
0.928834 310 0.184598
0.928834 309 0.201173
0.92864 309 0.243279
0.92864 308 0.282105
0.928447 308 0.306288
0.928254 308 0.312219
0.928254 307 0.342149
0.92806 307 0.381765
0.92806 306 0.462838
0.927867 306 0.469164
0.927867 305 0.47194
0.927867 304 0.569923
0.927674 304 0.576018
0.92748 304 0.58404
0.927287 304 0.61458
0.927093 304 0.625971
0.9269 304 0.640949
0.926707 304 0.662032
0.926513 304 0.689467
0.92632 304 0.700795
0.926126 304 0.700833
0.926126 303 0.702134
0.926126 302 0.70229
0.926126 301 0.702418
0.926126 300 0.703677
0.926126 299 0.704751
0.926126 298 0.705069
0.926126 297 0.705261
0.925933 297 0.705431
0.925933 296 0.706079
0.925933 295 0.708945
0.925933 294 0.7092
0.925933 293 0.710027
0.925933 292 0.710725
0.92574 292 0.711177
0.92574 291 0.711558
0.92574 290 0.711661
0.92574 289 0.712505
0.925546 289 0.713075
0.925546 288 0.71394
0.925546 287 0.71423
0.925546 286 0.714452
0.925353 286 0.714547
0.925353 285 0.715645
0.925353 284 0.715808
0.925353 283 0.717461
0.925353 282 0.721045
0.92516 282 0.723248
0.924966 282 0.72341
0.924773 282 0.723786
0.924773 281 0.725439
0.924773 280 0.72544
0.924579 280 0.725938
0.924579 279 0.726762
0.924579 278 0.726797
0.924579 277 0.7273
0.924386 277 0.729355
0.924386 276 0.730115
0.924386 275 0.731808
0.924386 274 0.73264
0.924386 273 0.736189
0.924193 273 0.736519
0.924193 272 0.737953
0.924193 271 0.739971
0.924193 270 0.741568
0.923999 270 0.742283
0.923999 269 0.742586
0.923999 268 0.7428
0.923999 267 0.74448
0.923806 267 0.744533
0.923806 266 0.746019
0.923806 265 0.746139
0.923806 264 0.746543
0.923612 264 0.74993
0.923612 263 0.750135
0.923419 263 0.751805
0.923226 263 0.752215
0.923032 263 0.753107
0.923032 262 0.753375
0.923032 261 0.753739
0.922839 261 0.754188
0.922839 260 0.7542
0.922839 259 0.755269
0.922646 259 0.755478
0.922646 258 0.755549
0.922452 258 0.755859
0.922259 258 0.756873
0.922065 258 0.756881
0.922065 257 0.757707
0.922065 256 0.757749
0.921872 256 0.760208
0.921872 255 0.760872
0.921872 254 0.761005
0.921872 253 0.761383
0.921872 252 0.761955
0.921872 251 0.762487
0.921872 250 0.763649
0.921872 249 0.763825
0.921872 248 0.764875
0.921679 248 0.764928
0.921679 247 0.76504
0.921679 246 0.766214
0.921679 245 0.768271
0.921485 245 0.769642
0.921485 244 0.770302
0.921292 244 0.770328
0.921292 243 0.770545
0.921098 243 0.771334
0.921098 242 0.772011
0.921098 241 0.772349
0.921098 240 0.772471
0.921098 239 0.77275
0.921098 238 0.774356
0.921098 237 0.774612
0.920905 237 0.775232
0.920905 236 0.775514
0.920905 235 0.775524
0.920712 235 0.776708
0.920712 234 0.777435
0.920518 234 0.777783
0.920518 233 0.779117
0.920518 232 0.780233
0.920325 232 0.780329
0.920325 231 0.780856
0.920325 230 0.780865
0.920132 230 0.780963
0.920132 229 0.781956
0.920132 228 0.782842
0.920132 227 0.784061
0.920132 226 0.784188
0.920132 225 0.784338
0.919938 225 0.785633
0.919745 225 0.786003
0.919745 224 0.786005
0.919745 223 0.787078
0.919551 223 0.787184
0.919551 222 0.787279
0.919551 221 0.787552
0.919551 220 0.788904
0.919358 220 0.790431
0.919358 219 0.791469
0.919165 219 0.793822
0.918971 219 0.794023
0.918971 218 0.79559
0.918971 217 0.796138
0.918971 216 0.79632
0.918778 216 0.796852
0.918778 215 0.798689
0.918778 214 0.799153
0.918584 214 0.799697
0.918391 214 0.799891
0.918391 213 0.802889
0.918391 212 0.803003
0.918198 212 0.803025
0.918004 212 0.803077
0.918004 211 0.804421
0.918004 210 0.805134
0.918004 209 0.805893
0.918004 208 0.805935
0.918004 207 0.806115
0.918004 206 0.80794
0.918004 205 0.808277
0.918004 204 0.808952
0.918004 203 0.809495
0.917811 203 0.809592
0.917811 202 0.810679
0.917617 202 0.811178
0.917617 201 0.811779
0.917617 200 0.813491
0.917617 199 0.815645
0.917424 199 0.816178
0.917231 199 0.817257
0.917231 198 0.817887
0.917231 197 0.818215
0.917037 197 0.818328
0.917037 196 0.818619
0.917037 195 0.819016
0.916844 195 0.81917
0.916844 194 0.819385
0.916651 194 0.819855
0.916651 193 0.821144
0.916651 192 0.821588
0.916457 192 0.82201
0.916264 192 0.822524
0.916264 191 0.823275
0.91607 191 0.824988
0.91607 190 0.825516
0.915877 190 0.825989
0.915877 189 0.826283
0.915877 188 0.829248
0.915684 188 0.83019
0.915684 187 0.830325
0.91549 187 0.830592
0.91549 186 0.830841
0.91549 185 0.832941
0.91549 184 0.83487
0.915297 184 0.835035
0.915103 184 0.83557
0.915103 183 0.836406
0.91491 183 0.836574
0.91491 182 0.837011
0.91491 181 0.837137
0.91491 180 0.837503
0.914717 180 0.838367
0.914717 179 0.839572
0.914717 178 0.840727
0.914523 178 0.841582
0.914523 177 0.841957
0.914523 176 0.841963
0.91433 176 0.843246
0.91433 175 0.845189
0.91433 174 0.845882
0.914137 174 0.847088
0.913943 174 0.8482
0.913943 173 0.848238
0.913943 172 0.848378
0.913943 171 0.848955
0.913943 170 0.850175
0.913943 169 0.850713
0.913943 168 0.850735
0.91375 168 0.852217
0.913556 168 0.852527
0.913556 167 0.852581
0.913363 167 0.853587
0.913363 166 0.853821
0.91317 166 0.854373
0.912976 166 0.855375
0.912783 166 0.855659
0.912589 166 0.857689
0.912396 166 0.857744
0.912396 165 0.860551
0.912396 164 0.860628
0.912203 164 0.863581
0.912009 164 0.86545
0.911816 164 0.865971
0.911816 163 0.866579
0.911623 163 0.866911
0.911623 162 0.867678
0.911623 161 0.867933
0.911623 160 0.869722
0.911623 159 0.869954
0.911429 159 0.871486
0.911429 158 0.871711
0.911236 158 0.872228
0.911236 157 0.872558
0.911042 157 0.873497
0.910849 157 0.874755
0.910849 156 0.875056
0.910849 155 0.875282
0.910656 155 0.876842
0.910462 155 0.877156
0.910462 154 0.877816
0.910462 153 0.878062
0.910462 152 0.880015
0.910462 151 0.880989
0.910462 150 0.881035
0.910462 149 0.881284
0.910462 148 0.88207
0.910462 147 0.882275
0.910269 147 0.88265
0.910269 146 0.882962
0.910075 146 0.883193
0.909882 146 0.883238
0.909882 145 0.883972
0.909882 144 0.884103
0.909689 144 0.885554
0.909689 143 0.885621
0.909495 143 0.885921
0.909302 143 0.886465
0.909108 143 0.888688
0.908915 143 0.88878
0.908722 143 0.889154
0.908528 143 0.889314
0.908528 142 0.889936
0.908528 141 0.889946
0.908528 140 0.890442
0.908528 139 0.890534
0.908335 139 0.891138
0.908335 138 0.892016
0.908335 137 0.892064
0.908335 136 0.892641
0.908142 136 0.894443
0.908142 135 0.894938
0.908142 134 0.897528
0.908142 133 0.897698
0.908142 132 0.899193
0.908142 131 0.899249
0.908142 130 0.899549
0.908142 129 0.899674
0.907948 129 0.900495
0.907948 128 0.900815
0.907755 128 0.901886
0.907561 128 0.903064
0.907368 128 0.903159
0.907175 128 0.90328
0.906981 128 0.904331
0.906788 128 0.904549
0.906788 127 0.90456
0.906594 127 0.905158
0.906401 127 0.90531
0.906208 127 0.905589
0.906014 127 0.907448
0.905821 127 0.90895
0.905628 127 0.909865
0.905434 127 0.911515
0.905241 127 0.911678
0.905241 126 0.911725
0.905047 126 0.912164
0.905047 125 0.9141
0.905047 124 0.914785
0.905047 123 0.914993
0.905047 122 0.915189
0.904854 122 0.917295
0.904661 122 0.917957
0.904661 121 0.918051
0.904467 121 0.918066
0.904274 121 0.919155
0.904274 120 0.919864
0.90408 120 0.921268
0.90408 119 0.921535
0.903887 119 0.922602
0.903887 118 0.923043
0.903694 118 0.923077
0.903694 117 0.923308
0.9035 117 0.923842
0.903307 117 0.924475
0.903307 116 0.92515
0.903114 116 0.926201
0.903114 115 0.926202
0.90292 115 0.926997
0.90292 114 0.927236
0.902727 114 0.927331
0.902533 114 0.927444
0.902533 113 0.927668
0.90234 113 0.927699
0.90234 112 0.927854
0.902147 112 0.928176
0.901953 112 0.928415
0.90176 112 0.929743
0.90176 111 0.93025
0.90176 110 0.931356
0.901566 110 0.931806
0.901566 109 0.931981
0.901566 108 0.932009
0.901373 108 0.932476
0.90118 108 0.93327
0.900986 108 0.933922
0.900793 108 0.93422
0.900599 108 0.934228
0.900406 108 0.934366
0.900406 107 0.93504
0.900406 106 0.935402
0.900213 106 0.936013
0.900019 106 0.93644
0.900019 105 0.937511
0.899826 105 0.937561
0.899826 104 0.937853
0.899633 104 0.938172
0.899633 103 0.938618
0.899439 103 0.939792
0.899246 103 0.939848
0.899246 102 0.940318
0.899246 101 0.941502
0.899052 101 0.942083
0.898859 101 0.94231
0.898666 101 0.942789
0.898472 101 0.942938
0.898279 101 0.943954
0.898085 101 0.944717
0.898085 100 0.94479
0.897892 100 0.944941
0.897699 100 0.945026
0.897505 100 0.94534
0.897312 100 0.947085
0.897312 99 0.948224
0.897119 99 0.949092
0.896925 99 0.9494
0.896925 98 0.949722
0.896732 98 0.949728
0.896538 98 0.950123
0.896538 97 0.950329
0.896538 96 0.950441
0.896538 95 0.950759
0.896345 95 0.950902
0.896152 95 0.951153
0.895958 95 0.951443
0.895765 95 0.951545
0.895765 94 0.951652
0.895765 93 0.951801
0.895571 93 0.952107
0.895571 92 0.952133
0.895378 92 0.95222
0.895185 92 0.952486
0.894991 92 0.952561
0.894798 92 0.953802
0.894798 91 0.953819
0.894798 90 0.953989
0.894798 89 0.954685
0.894798 88 0.954688
0.894605 88 0.954799
0.894411 88 0.954821
0.894218 88 0.954823
0.894024 88 0.955102
0.893831 88 0.95525
0.893638 88 0.956512
0.893444 88 0.956582
0.893251 88 0.956761
0.893057 88 0.95698
0.892864 88 0.957341
0.892864 87 0.95744
0.892864 86 0.957849
0.892671 86 0.958056
0.892477 86 0.958067
0.892477 85 0.958223
0.892284 85 0.95839
0.892091 85 0.958623
0.891897 85 0.958648
0.891704 85 0.958697
0.89151 85 0.959167
0.891317 85 0.959211
0.891317 84 0.959733
0.891124 84 0.959792
0.89093 84 0.959813
0.890737 84 0.960098
0.890543 84 0.960242
0.89035 84 0.96062
0.890157 84 0.960793
0.889963 84 0.961385
0.88977 84 0.961576
0.88977 83 0.961938
0.889576 83 0.962059
0.889383 83 0.962065
0.88919 83 0.962231
0.88919 82 0.962248
0.888996 82 0.962549
0.888803 82 0.963468
0.888803 81 0.963555
0.888803 80 0.963617
0.88861 80 0.963824
0.888416 80 0.963836
0.888223 80 0.96467
0.888029 80 0.964969
0.887836 80 0.965102
0.887836 79 0.965229
0.887643 79 0.965439
0.887643 78 0.965576
0.887449 78 0.965769
0.887256 78 0.965881
0.887062 78 0.96615
0.886869 78 0.966237
0.886676 78 0.966624
0.886676 77 0.966715
0.886482 77 0.966905
0.886289 77 0.967039
0.886096 77 0.967082
0.885902 77 0.967457
0.885515 77 0.967623
0.885322 77 0.967932
0.885322 76 0.968275
0.885129 76 0.968589
0.884935 76 0.968836
0.884742 76 0.968959
0.884548 76 0.969146
0.884355 76 0.96923
0.884162 76 0.969336
0.883968 76 0.969957
0.883775 76 0.970456
0.883775 75 0.97059
0.883582 75 0.970872
0.883388 75 0.971282
0.883195 75 0.971661
0.883001 75 0.971799
0.882808 75 0.972
0.882421 75 0.972196
0.882228 75 0.972263
0.882228 74 0.972282
0.882034 74 0.972417
0.882034 73 0.97291
0.881841 73 0.973066
0.881648 73 0.973899
0.881454 73 0.973946
0.881261 73 0.974039
0.881067 73 0.974242
0.880874 73 0.97436
0.880681 73 0.974598
0.880681 72 0.974648
0.880681 71 0.974665
0.880487 71 0.974733
0.880294 71 0.974872
0.880294 70 0.975152
0.880101 70 0.975343
0.879907 70 0.975717
0.879714 70 0.975856
0.879714 69 0.975925
0.87952 69 0.976224
0.879327 69 0.976468
0.879134 69 0.97652
0.87894 69 0.976796
0.878747 69 0.976832
0.878747 68 0.977365
0.878553 68 0.977529
0.878553 67 0.977599
0.87836 67 0.97782
0.87836 66 0.977893
0.878167 66 0.977928
0.877973 66 0.978406
0.87778 66 0.978422
0.877587 66 0.978429
0.877393 66 0.97861
0.8772 66 0.978767
0.877006 66 0.978867
0.877006 65 0.97892
0.877006 64 0.979334
0.876813 64 0.9794
0.876813 63 0.979586
0.87662 63 0.979588
0.876426 63 0.979684
0.876233 63 0.979957
0.876233 62 0.980191
0.876039 62 0.980325
0.876039 61 0.980453
0.875846 61 0.980702
0.875653 61 0.980707
0.875459 61 0.981488
0.875266 61 0.981611
0.875266 60 0.98166
0.875073 60 0.98178
0.875073 59 0.981793
0.874879 59 0.981978
0.874686 59 0.982024
0.874492 59 0.982067
0.874299 59 0.982121
0.874106 59 0.982228
0.873912 59 0.982293
0.873719 59 0.982702
0.873525 59 0.982775
0.873332 59 0.98282
0.873332 58 0.983153
0.873139 58 0.983208
0.872945 58 0.983777
0.872752 58 0.983931
0.872558 58 0.984042
0.872365 58 0.984461
0.872365 57 0.9845
0.872172 57 0.98451
0.871978 57 0.984781
0.871785 57 0.985052
0.871592 57 0.985071
0.871398 57 0.98548
0.871205 57 0.985503
0.871011 57 0.985561
0.870818 57 0.985575
0.870625 57 0.985751
0.870431 57 0.985802
0.870238 57 0.985815
0.870044 57 0.985927
0.869851 57 0.986604
0.869658 57 0.986774
0.869464 57 0.986924
0.869271 57 0.987011
0.869078 57 0.987086
0.868884 57 0.987213
0.868691 57 0.987274
0.868497 57 0.987347
0.868304 57 0.987414
0.868304 56 0.987461
0.868111 56 0.987611
0.868111 55 0.987713
0.867917 55 0.98782
0.867724 55 0.987859
0.86753 55 0.987985
0.867337 55 0.988051
0.867337 54 0.988103
0.867144 54 0.988136
0.86695 54 0.988145
0.866757 54 0.988229
0.866564 54 0.988273
0.86637 54 0.98831
0.866177 54 0.988478
0.865983 54 0.98854
0.86579 54 0.988571
0.86579 53 0.988584
0.865597 53 0.988684
0.865597 52 0.988721
0.865403 52 0.988728
0.86521 52 0.988778
0.865016 52 0.988818
0.864823 52 0.988843
0.86463 52 0.988885
0.864436 52 0.988947
0.864436 51 0.989068
0.864436 50 0.989125
0.864436 49 0.989155
0.864243 49 0.989201
0.86405 49 0.989313
0.863856 49 0.989316
0.863663 49 0.989328
0.863469 49 0.989353
0.863276 49 0.98943
0.863083 49 0.989524
0.862889 49 0.989742
0.862696 49 0.989747
0.862502 49 0.989752
0.862309 49 0.989762
0.862116 49 0.989776
0.861922 49 0.989843
0.861729 49 0.989878
0.861535 49 0.989896
0.861342 49 0.989898
0.861149 49 0.98993
0.860955 49 0.989943
0.860955 48 0.990122
0.860762 48 0.990125
0.860569 48 0.990143
0.860375 48 0.990168
0.860182 48 0.990256
0.859988 48 0.990279
0.859795 48 0.99035
0.859795 47 0.990363
0.859602 47 0.990366
0.859408 47 0.990431
0.859215 47 0.990447
0.859021 47 0.990496
0.858828 47 0.990577
0.858635 47 0.990636
0.858441 47 0.990642
0.858248 47 0.990796
0.858055 47 0.990823
0.857861 47 0.990917
0.857668 47 0.99094
0.857474 47 0.991079
0.857281 47 0.991106
0.857088 47 0.991288
0.856894 47 0.991297
0.856701 47 0.991305
0.856507 47 0.991415
0.856314 47 0.991449
0.856121 47 0.991472
0.855927 47 0.991481
0.855734 47 0.991483
0.855541 47 0.991494
0.855347 47 0.991525
0.855154 47 0.99154
0.85496 47 0.991654
0.854767 47 0.991684
0.854574 47 0.991743
0.85438 47 0.991801
0.854187 47 0.991847
0.853993 47 0.991892
0.8538 47 0.991938
0.853607 47 0.991945
0.853413 47 0.991983
0.85322 47 0.992079
0.853026 47 0.99213
0.852833 47 0.992189
0.85264 47 0.992215
0.852446 47 0.992237
0.852253 47 0.992421
0.85206 47 0.992469
0.851866 47 0.992476
0.851673 47 0.992558
0.851479 47 0.992662
0.851286 47 0.992669
0.851093 47 0.992688
0.851093 46 0.992778
0.850899 46 0.99285
0.850706 46 0.992875
0.850512 46 0.992884
0.850319 46 0.992897
0.850126 46 0.992925
0.850126 45 0.992928
0.849932 45 0.99293
0.849932 44 0.992945
0.849932 43 0.992983
0.849739 43 0.993035
0.849546 43 0.993053
0.849352 43 0.993056
0.849159 43 0.993107
0.848965 43 0.993116
0.848772 43 0.993136
0.848579 43 0.993144
0.848579 42 0.993279
0.848385 42 0.993297
0.848192 42 0.993347
0.847998 42 0.99336
0.847805 42 0.993423
0.847612 42 0.993455
0.847418 42 0.993465
0.847225 42 0.993554
0.847032 42 0.993561
0.846838 42 0.993574
0.846645 42 0.993636
0.846451 42 0.993661
0.846258 42 0.993675
0.846258 41 0.993745
0.846065 41 0.993762
0.845871 41 0.993873
0.845678 41 0.993901
0.845678 40 0.993917
0.845484 40 0.993927
0.845291 40 0.993942
0.845098 40 0.994001
0.844904 40 0.994056
0.844711 40 0.994083
0.844518 40 0.994093
0.844324 40 0.994132
0.844324 39 0.994146
0.844131 39 0.994147
0.843937 39 0.994177
0.843744 39 0.994192
0.843551 39 0.994261
0.843357 39 0.994286
0.843164 39 0.994335
0.84297 39 0.994376
0.842777 39 0.994397
0.842584 39 0.994401
0.84239 39 0.994416
0.842197 39 0.994496
0.842003 39 0.994504
0.842003 38 0.994518
0.84181 38 0.994548
0.841617 38 0.994557
0.841423 38 0.994572
0.84123 38 0.994597
0.841037 38 0.994613
0.840843 38 0.994665
0.84065 38 0.994675
0.840456 38 0.994702
0.840263 38 0.994703
0.84007 38 0.994712
0.84007 37 0.994743
0.839876 37 0.994753
0.839683 37 0.994815
0.839489 37 0.994817
0.839296 37 0.994825
0.839103 37 0.994828
0.838909 37 0.994839
0.838716 37 0.994892
0.838716 36 0.994899
0.838523 36 0.994916
0.838523 35 0.994941
0.838329 35 0.995007
0.838136 35 0.995041
0.837942 35 0.995054
0.837749 35 0.995109
0.837556 35 0.995112
0.837362 35 0.995113
0.837169 35 0.995139
0.836975 35 0.995193
0.836782 35 0.995204
0.836395 35 0.995217
0.836395 34 0.995249
0.836202 34 0.995318
0.836009 34 0.99532
0.835815 34 0.995325
0.835622 34 0.995327
0.835428 34 0.99533
0.835235 34 0.995344
0.835042 34 0.99538
0.834848 34 0.995383
0.834655 34 0.995389
0.834268 34 0.995496
0.834075 34 0.995518
0.833881 34 0.995538
0.833881 33 0.995539
0.833688 33 0.995571
0.833494 33 0.995581
0.833301 33 0.995586
0.833108 33 0.995594
0.833108 32 0.995616
0.832914 32 0.995638
0.832721 32 0.99566
0.832528 32 0.995663
0.832334 32 0.995671
0.832141 32 0.995741
0.831947 32 0.995764
0.831754 32 0.99577
0.831561 32 0.995788
0.831367 32 0.995828
0.831367 31 0.99584
0.831174 31 0.995849
0.83098 31 0.995861
0.830787 31 0.995882
0.830594 31 0.995885
0.8304 30 0.995925
0.830207 30 0.995932
0.830014 30 0.99595
0.82982 30 0.995953
0.829627 30 0.995967
0.829433 30 0.995986
0.82924 30 0.996025
0.829047 30 0.99603
0.828853 30 0.996089
0.82866 30 0.996131
0.828466 30 0.996161
0.828273 30 0.99617
0.82808 30 0.9962
0.827886 30 0.996202
0.827886 29 0.996212
0.827886 28 0.996239
0.827693 28 0.99628
0.8275 28 0.996294
0.827306 28 0.996324
0.827113 28 0.996328
0.826919 28 0.996342
0.826726 28 0.996345
0.826533 28 0.996348
0.826339 28 0.996408
0.826146 28 0.996422
0.825952 28 0.996437
0.825759 28 0.996475
0.825566 28 0.99648
0.825372 28 0.996573
0.825179 28 0.996574
0.824985 28 0.996594
0.824792 28 0.996609
0.824599 28 0.996638
0.824405 28 0.996652
0.824212 28 0.996681
0.824019 28 0.996685
0.823825 28 0.996712
0.823632 28 0.996742
0.823438 28 0.996756
0.823245 28 0.996772
0.823052 28 0.996786
0.822858 28 0.996795
0.822665 28 0.996805
0.822471 28 0.996813
0.822278 28 0.996814
0.822085 28 0.996816
0.821891 28 0.996904
0.821698 28 0.996912
0.821505 28 0.996914
0.821311 28 0.996921
0.820924 28 0.996931
0.820731 28 0.996943
0.820538 28 0.996946
0.820151 28 0.996951
0.819957 28 0.996966
0.819764 28 0.996975
0.819571 28 0.996976
0.819377 28 0.996989
0.819184 28 0.997019
0.818991 28 0.997022
0.818797 28 0.997041
0.818604 28 0.997044
0.818217 28 0.997054
0.818024 28 0.997113
0.81783 28 0.99713
0.817637 28 0.997146
0.817443 28 0.997161
0.81725 28 0.997167
0.817057 28 0.997182
0.816863 28 0.997185
0.81667 28 0.997196
0.816477 28 0.997197
0.816477 27 0.997198
0.816283 27 0.9972
0.81609 27 0.997201
0.815896 27 0.997205
0.815703 27 0.997212
0.81551 27 0.997219
0.815316 27 0.997227
0.815123 27 0.997234
0.814929 27 0.997251
0.814736 27 0.997255
0.814543 27 0.997286
0.814349 27 0.997299
0.814156 27 0.997317
0.813962 27 0.997342
0.813769 27 0.99735
0.813576 27 0.997357
0.813382 27 0.99739
0.813189 27 0.997408
0.812996 27 0.997414
0.812802 27 0.997437
0.812609 27 0.997438
0.812415 27 0.997442
0.812222 27 0.997469
0.812029 27 0.997471
0.812029 26 0.997485
0.811835 26 0.997487
0.811642 26 0.997496
0.811448 26 0.997533
0.811255 26 0.997534
0.811062 26 0.997545
0.810868 26 0.997548
0.810675 26 0.997557
0.810482 26 0.997578
0.810288 26 0.997582
0.810095 26 0.997589
0.809901 26 0.997594
0.809708 26 0.997596
0.809515 26 0.997598
0.809321 26 0.997636
0.809128 26 0.997644
0.808934 26 0.997654
0.808741 26 0.997666
0.808548 26 0.997675
0.808161 26 0.997677
0.807968 26 0.997683
0.807774 26 0.997686
0.807387 26 0.997706
0.807194 26 0.99771
0.807001 26 0.997714
0.806807 26 0.997718
0.806614 26 0.99772
0.80642 26 0.997729
0.806227 26 0.997736
0.806034 26 0.997745
0.80584 26 0.997747
0.805647 26 0.997749
0.805453 26 0.99776
0.80526 26 0.997761
0.804873 26 0.997773
0.80468 26 0.997776
0.804487 25 0.997785
0.804293 25 0.997787
0.8041 25 0.997804
0.803906 25 0.99781
0.803906 24 0.997813
0.803713 24 0.997817
0.80352 24 0.997828
0.80352 23 0.997855
0.803326 23 0.997862
0.803133 23 0.997864
0.802939 23 0.997869
0.802746 23 0.997881
0.802553 23 0.997899
0.802359 22 0.9979
0.802166 22 0.997908
0.801973 22 0.997915
0.801779 22 0.997919
0.801586 22 0.99792
0.801392 22 0.997923
0.801199 22 0.997928
0.801006 22 0.997937
0.800812 22 0.997943
0.800619 22 0.99797
0.800425 22 0.997988
0.800232 22 0.997989
0.800039 22 0.997998
0.799845 22 0.997999
0.799652 22 0.998022
0.799652 21 0.998031
0.799459 21 0.998033
0.799072 21 0.998038
0.798878 21 0.99804
0.798685 21 0.998041
0.798492 21 0.998043
0.798298 21 0.998045
0.798105 21 0.998055
0.797911 21 0.998058
0.797718 21 0.998062
0.797525 21 0.998069
0.797331 21 0.99807
0.797138 21 0.998074
0.796944 21 0.998081
0.796751 21 0.99809
0.796558 21 0.998102
0.796364 21 0.998113
0.796171 21 0.998126
0.795978 21 0.998139
0.795784 21 0.998146
0.795591 21 0.998149
0.795397 21 0.998151
0.795204 21 0.998153
0.795011 21 0.998162
0.794817 21 0.998165
0.794817 20 0.998168
0.794624 20 0.998169
0.79443 20 0.998176
0.794237 20 0.99819
0.794044 20 0.998191
0.79385 20 0.998193
0.793657 20 0.998204
0.793464 20 0.998207
0.79327 20 0.998209
0.793077 20 0.998216
0.792883 20 0.998217
0.79269 20 0.998221
0.792497 20 0.998224
0.792303 20 0.998231
0.79211 20 0.998237
0.791723 20 0.998238
0.79153 20 0.99824
0.791336 20 0.998248
0.791143 20 0.998257
0.79095 20 0.998259
0.790756 20 0.998268
0.790563 20 0.998281
0.790369 20 0.998288
0.789983 20 0.998291
0.789789 20 0.998293
0.789596 20 0.998294
0.789402 20 0.998299
0.789209 20 0.998316
0.789016 20 0.998317
0.788629 20 0.998333
0.788436 20 0.998338
0.788242 20 0.998341
0.788049 20 0.998345
0.787855 20 0.998346
0.787662 20 0.998353
0.787469 20 0.998359
0.787275 20 0.998377
0.787082 20 0.998382
0.786695 20 0.998387
0.786502 20 0.998388
0.786308 20 0.998394
0.786115 20 0.998402
0.785921 20 0.998407
0.785728 20 0.998408
0.785535 20 0.998419
0.785341 20 0.998422
0.784955 20 0.998424
0.784761 20 0.998425
0.784568 20 0.998428
0.784374 20 0.998429
0.784181 20 0.998435
0.783988 20 0.998443
0.783794 20 0.998457
0.783601 20 0.998467
0.783214 20 0.998477
0.783021 20 0.998482
0.782634 20 0.998485
0.782441 20 0.998487
0.782247 20 0.998489
0.782054 20 0.99849
0.781667 20 0.998493
0.781474 20 0.998505
0.781474 19 0.998524
0.78128 19 0.998525
0.781087 19 0.998533
0.780893 19 0.998534
0.7807 19 0.998542
0.780507 19 0.998554
0.780313 19 0.998555
0.780313 17 0.998558
0.78012 17 0.998576
0.779927 17 0.998579
0.779733 17 0.99858
0.77954 17 0.998584
0.779346 17 0.998585
0.779153 17 0.998593
0.77896 17 0.998594
0.778766 17 0.998596
0.778573 17 0.998606
0.778379 17 0.998609
0.778186 17 0.998612
0.777993 17 0.998613
0.777993 16 0.998617
0.777799 16 0.998618
0.777606 16 0.99862
0.777412 16 0.998622
0.777219 16 0.998623
0.777026 16 0.998627
0.776832 16 0.998635
0.776639 16 0.998636
0.776446 16 0.998641
0.776252 16 0.998649
0.776059 16 0.998656
0.775865 16 0.998659
0.775285 16 0.998662
0.775092 16 0.998667
0.774705 16 0.998671
0.774512 16 0.998672
0.774318 16 0.998675
0.774125 16 0.99868
0.773932 16 0.998691
0.773545 16 0.998694
0.773351 16 0.998695
0.773158 16 0.998697
0.772965 16 0.998698
0.772771 16 0.9987
0.772578 16 0.998703
0.772384 16 0.998708
0.772191 16 0.998709
0.771998 16 0.998712
0.771804 16 0.998713
0.771611 16 0.998718
0.771418 16 0.998719
0.770837 16 0.99872
0.770644 16 0.998725
0.770451 16 0.998726
0.770257 16 0.998739
0.770064 16 0.998755
0.76987 16 0.998756
0.769484 16 0.998758
0.76929 16 0.998759
0.769097 16 0.99876
0.768904 16 0.998764
0.76871 16 0.998775
0.768517 16 0.998776
0.768323 16 0.998777
0.76813 16 0.998782
0.767743 16 0.998788
0.76755 16 0.998789
0.767356 16 0.998794
0.76697 16 0.998808
0.766776 16 0.998809
0.766389 16 0.998818
0.766003 16 0.99882
0.765809 16 0.998823
0.765616 16 0.998824
0.765423 16 0.998829
0.765229 16 0.998836
0.765036 16 0.998837
0.764649 16 0.998839
0.764456 16 0.99884
0.764262 16 0.998848
0.764069 16 0.998851
0.763875 16 0.998852
0.763682 16 0.998854
0.763489 16 0.998857
0.763295 16 0.998858
0.762909 16 0.99886
0.762522 16 0.998864
0.762135 16 0.998865
0.761555 16 0.99887
0.761361 16 0.998881
0.761168 16 0.998886
0.760975 15 0.998887
0.760781 15 0.998904
0.760588 15 0.998905
0.760395 15 0.998909
0.760201 15 0.998911
0.760008 15 0.998915
0.759814 15 0.998916
0.759621 15 0.998917
0.759428 15 0.99892
0.759234 15 0.998921
0.759041 15 0.998922
0.758847 15 0.998926
0.758461 15 0.998928
0.758267 15 0.998938
0.758074 15 0.998939
0.75788 15 0.998945
0.757687 15 0.998946
0.757494 15 0.998951
0.7573 15 0.998954
0.756914 15 0.998955
0.756527 15 0.998959
0.756333 15 0.998962
0.75614 15 0.998964
0.755947 15 0.998966
0.755753 15 0.99897
0.755753 14 0.998979
0.75556 14 0.998982
0.755366 14 0.998985
0.75498 14 0.998987
0.754786 14 0.998996
0.7544 14 0.999
0.754206 14 0.999005
0.754013 14 0.99901
0.753819 14 0.999011
0.753626 14 0.999012
0.753239 14 0.999013
0.753239 13 0.999015
0.753046 13 0.999016
0.752852 13 0.999018
0.752659 13 0.999022
0.752466 13 0.999023
0.752272 13 0.999029
0.752079 13 0.999031
0.751886 13 0.999033
0.751692 13 0.999036
0.751499 13 0.999037
0.751305 13 0.999042
0.750725 13 0.999044
0.750338 13 0.999046
0.749952 13 0.999047
0.749758 13 0.999049
0.749371 13 0.999052
0.748985 13 0.999054
0.748791 13 0.999059
0.748598 13 0.999063
0.748405 13 0.999065
0.748211 13 0.999073
0.748018 13 0.999074
0.747631 13 0.999079
0.747244 13 0.999081
0.747051 13 0.999082
0.746857 13 0.999086
0.746277 13 0.999089
0.746084 13 0.999091
0.745891 13 0.999096
0.745697 13 0.999104
0.744924 13 0.999111
0.74473 13 0.999114
0.744537 13 0.999116
0.744343 13 0.999121
0.74415 13 0.999123
0.743957 13 0.999124
0.74357 13 0.999127
0.743183 13 0.99913
0.74299 13 0.999131
0.742796 13 0.999132
0.742603 13 0.999135
0.742216 13 0.99914
0.741829 13 0.999141
0.741636 13 0.999147
0.741443 13 0.999149
0.741249 13 0.999153
0.741056 13 0.999157
0.740863 13 0.999159
0.740669 13 0.99916
0.740476 13 0.999162
0.740282 13 0.999165
0.740089 13 0.999167
0.739896 13 0.999171
0.739896 12 0.999177
0.739702 12 0.99918
0.739315 12 0.999182
0.739122 12 0.999184
0.738929 12 0.999189
0.738735 12 0.99919
0.738348 12 0.999191
0.738155 12 0.999193
0.737962 12 0.999197
0.737768 12 0.999201
0.737575 12 0.999205
0.737382 12 0.999206
0.737188 12 0.999207
0.736995 12 0.999209
0.736801 12 0.999213
0.736415 12 0.999215
0.736028 11 0.999216
0.735834 11 0.999217
0.735641 11 0.999219
0.735448 11 0.99922
0.735061 11 0.999221
0.734868 11 0.999226
0.734481 11 0.999227
0.734287 11 0.999229
0.734094 11 0.99923
0.733901 11 0.999231
0.733707 11 0.999234
0.733514 11 0.999237
0.73332 11 0.999239
0.733127 11 0.999242
0.732934 11 0.999247
0.732547 11 0.999248
0.732354 11 0.999252
0.731967 11 0.999254
0.73158 11 0.999259
0.731193 11 0.99926
0.731 11 0.999264
0.730806 11 0.999265
0.730613 11 0.999268
0.73042 11 0.999269
0.730033 11 0.99927
0.729066 11 0.999272
0.728679 11 0.999273
0.728486 11 0.999274
0.728292 11 0.99928
0.728099 11 0.999281
0.727906 11 0.999284
0.727712 11 0.999285
0.727519 11 0.999287
0.727325 11 0.99929
0.727132 11 0.999291
0.726939 11 0.999293
0.726745 11 0.999295
0.726552 11 0.999296
0.726359 11 0.999298
0.725972 11 0.999301
0.725585 11 0.999303
0.725392 11 0.999304
0.725198 10 0.999305
0.725005 10 0.999307
0.724811 10 0.999308
0.724425 10 0.999311
0.724231 10 0.999315
0.724038 10 0.999316
0.723845 10 0.999318
0.723651 10 0.999319
0.723458 10 0.999322
0.722878 10 0.999324
0.722684 10 0.999326
0.722491 10 0.999327
0.722297 10 0.999328
0.722104 10 0.99933
0.721911 10 0.999332
0.721717 10 0.999334
0.72133 10 0.999337
0.720944 10 0.999338
0.72075 10 0.999339
0.720557 10 0.999342
0.720364 10 0.999343
0.72017 10 0.999344
0.719397 10 0.999345
0.71901 10 0.999346
0.718623 10 0.999347
0.71843 10 0.999348
0.718236 10 0.999349
0.71785 10 0.99935
0.717656 10 0.999355
0.717463 10 0.999357
0.717076 10 0.999361
0.716689 10 0.999364
0.716302 10 0.999366
0.716109 10 0.999368
0.715722 10 0.999369
0.715336 10 0.999372
0.715142 10 0.999376
0.714949 10 0.999377
0.714755 10 0.999378
0.714562 10 0.999379
0.714175 10 0.999382
0.713982 10 0.999384
0.713595 10 0.999385
0.713402 10 0.999391
0.713208 10 0.999393
0.712822 10 0.999394
0.712628 10 0.999398
0.712241 10 0.999399
0.711855 10 0.999401
0.711661 10 0.999404
0.711468 10 0.999405
0.711081 10 0.999406
0.710501 10 0.999407
0.710307 10 0.999409
0.710114 10 0.999412
0.709727 10 0.999414
0.709534 10 0.999415
0.708954 10 0.999416
0.70876 10 0.999418
0.708567 10 0.999419
0.708374 10 0.999421
0.707793 10 0.999423
0.707407 10 0.999424
0.707213 10 0.999425
0.70702 10 0.999426
0.70644 10 0.999428
0.706246 10 0.999432
0.706053 10 0.999434
0.70586 10 0.999436
0.705666 10 0.999438
0.705279 10 0.999441
0.705086 10 0.999442
0.704699 10 0.999445
0.704506 10 0.999446
0.704119 10 0.999447
0.703926 10 0.999449
0.703539 10 0.99945
0.703152 10 0.999451
0.702959 10 0.999452
0.702765 10 0.999453
0.702379 10 0.999454
0.702185 10 0.999459
0.701992 10 0.999461
0.701605 10 0.999462
0.701412 10 0.999463
0.701218 10 0.999465
0.700832 10 0.999466
0.700251 10 0.999468
0.700058 10 0.99947
0.699865 10 0.999472
0.699671 10 0.999476
0.699478 10 0.999477
0.699091 10 0.999479
0.698704 10 0.99948
0.698318 10 0.999481
0.697931 10 0.999482
0.697737 10 0.999484
0.697544 10 0.999486
0.69677 10 0.999487
0.696577 10 0.99949
0.69619 10 0.999494
0.695997 10 0.999495
0.695804 10 0.999496
0.69561 10 0.999498
0.695417 10 0.999499
0.695223 10 0.9995
0.69503 9 0.999501
0.694837 9 0.999504
0.694643 9 0.999506
0.694256 9 0.999507
0.69387 9 0.999508
0.693676 9 0.999509
0.693289 9 0.999511
0.692903 9 0.999512
0.692709 9 0.999513
0.692516 9 0.999515
0.691936 9 0.999516
0.691549 9 0.999517
0.691162 9 0.999518
0.690969 9 0.999519
0.690002 9 0.99952
0.689809 9 0.999521
0.689422 9 0.999523
0.689422 8 0.999525
0.689228 8 0.999526
0.689035 8 0.999527
0.688648 8 0.999528
0.688455 8 0.999529
0.688068 8 0.99953
0.687681 8 0.999531
0.687488 8 0.999532
0.687101 8 0.999534
0.686714 8 0.999536
0.686134 8 0.999538
0.685941 8 0.999539
0.685747 7 0.999542
0.685554 7 0.999545
0.684974 7 0.999546
0.684587 7 0.999548
0.6842 7 0.999549
0.684007 7 0.99955
0.683814 7 0.999551
0.68362 7 0.999552
0.683427 7 0.999554
0.683233 7 0.999555
0.68304 7 0.999556
0.68246 7 0.999557
0.682073 7 0.999558
0.68188 7 0.999559
0.681686 7 0.999561
0.6813 7 0.999563
0.680913 7 0.999567
0.680719 7 0.999568
0.680139 7 0.999569
0.679752 7 0.999571
0.679366 7 0.999573
0.679172 7 0.999574
0.678979 7 0.999575
0.678592 7 0.999576
0.678205 7 0.999577
0.677819 7 0.999578
0.677625 7 0.999581
0.677432 7 0.999582
0.677238 7 0.999583
0.677045 7 0.999584
0.676658 7 0.999585
0.676465 7 0.999587
0.676272 7 0.999588
0.675885 7 0.999589
0.675498 6 0.99959
0.675305 6 0.999591
0.675111 6 0.999592
0.674724 6 0.999593
0.674531 6 0.999594
0.673951 6 0.999595
0.673371 6 0.999597
0.672597 6 0.999598
0.672404 6 0.9996
0.67221 6 0.999601
0.672017 6 0.999602
0.67163 6 0.999603
0.671437 6 0.999605
0.67105 6 0.999606
0.670663 6 0.999607
0.670277 6 0.999608
0.669696 6 0.99961
0.668923 6 0.999612
0.668729 6 0.999613
0.668536 6 0.999614
0.668149 5 0.999615
0.667956 5 0.999616
0.667569 5 0.999618
0.666989 5 0.999619
0.666796 5 0.99962
0.666602 5 0.999621
0.666409 5 0.999622
0.666215 5 0.999623
0.666022 4 0.999624
0.665829 4 0.999625
0.665442 4 0.999626
0.665249 4 0.999627
0.665055 4 0.999628
0.664862 4 0.999629
0.664668 4 0.99963
0.664475 4 0.999631
0.664088 4 0.999632
0.663315 4 0.999633
0.662734 4 0.999634
0.662541 4 0.999635
0.662348 4 0.999637
0.662154 4 0.999638
0.661768 4 0.999639
0.661381 4 0.99964
0.660994 4 0.999643
0.660801 4 0.999644
0.660027 4 0.999645
0.659447 4 0.999646
0.658867 4 0.999647
0.65848 4 0.999648
0.658287 4 0.999649
0.658093 4 0.99965
0.657706 4 0.999651
0.657126 4 0.999654
0.65674 4 0.999655
0.656159 4 0.999656
0.655966 4 0.999657
0.655192 4 0.999658
0.654612 4 0.999659
0.654032 4 0.99966
0.653259 4 0.999661
0.652872 4 0.999662
0.652485 4 0.999663
0.652098 4 0.999665
0.651518 4 0.999666
0.651131 4 0.999667
0.650358 4 0.999668
0.649197 4 0.999669
0.649004 4 0.99967
0.648811 4 0.999671
0.648617 4 0.999672
0.648037 4 0.999673
0.647457 4 0.999674
0.646683 4 0.999675
0.646103 4 0.999677
0.64591 4 0.999678
0.645523 4 0.999679
0.64533 4 0.999682
0.644943 4 0.999683
0.64475 4 0.999685
0.644363 4 0.999686
0.644169 4 0.999687
0.643976 4 0.999688
0.643202 4 0.999689
0.642236 4 0.99969
0.642042 4 0.999691
0.641849 4 0.999693
0.641462 4 0.999694
0.640882 4 0.999695
0.640495 4 0.999696
0.639915 4 0.999697
0.639722 4 0.999698
0.639528 4 0.999699
0.639335 4 0.9997
0.638755 4 0.999701
0.638561 4 0.999702
0.638368 4 0.999703
0.638174 4 0.999704
0.637981 4 0.999705
0.637788 4 0.999706
0.637594 4 0.999707
0.637208 4 0.999711
0.637014 4 0.999712
0.636627 4 0.999713
0.636434 4 0.999714
0.636047 4 0.999715
0.634887 4 0.999716
0.634307 4 0.999718
0.634113 4 0.999719
0.63392 4 0.99972
0.633727 4 0.999721
0.633146 4 0.999722
0.632566 4 0.999723
0.632373 4 0.999724
0.631793 4 0.999725
0.631406 4 0.999726
0.630439 4 0.999727
0.630246 4 0.999728
0.630052 4 0.999729
0.629472 4 0.99973
0.628892 4 0.999731
0.628312 4 0.999732
0.627732 4 0.999733
0.627345 4 0.999735
0.626958 4 0.999737
0.626571 4 0.999738
0.625411 4 0.99974
0.624637 4 0.999741
0.623864 4 0.999742
0.62367 4 0.999743
0.623284 4 0.999745
0.62309 4 0.999746
0.622897 4 0.999748
0.62251 4 0.999749
0.62193 4 0.99975
0.621156 4 0.999751
0.620383 4 0.999752
0.619996 4 0.999753
0.619609 4 0.999754
0.618642 4 0.999755
0.618449 4 0.999757
0.617869 4 0.999758
0.617482 4 0.999759
0.616709 4 0.99976
0.616322 4 0.999761
0.616128 4 0.999762
0.615548 4 0.999763
0.614001 4 0.999764
0.613228 4 0.999765
0.612841 4 0.999766
0.612067 4 0.999767
0.6111 4 0.999768
0.61052 4 0.999769
0.609747 4 0.99977
0.608586 4 0.999771
0.607813 4 0.999772
0.607233 4 0.999773
0.605879 4 0.999774
0.605105 4 0.999775
0.604525 4 0.999777
0.604332 4 0.999778
0.603945 4 0.999779
0.603752 4 0.99978
0.603365 4 0.999781
0.603172 4 0.999782
0.602205 4 0.999783
0.602011 4 0.999784
0.601238 4 0.999785
0.600658 4 0.999786
0.600077 4 0.999787
0.599691 4 0.999788
0.59911 4 0.999789
0.598917 4 0.99979
0.59853 4 0.999791
0.597757 4 0.999792
0.597563 4 0.999793
0.59621 4 0.999794
0.595436 4 0.999795
0.594856 4 0.999796
0.594276 4 0.999797
0.593696 4 0.999798
0.593115 3 0.999799
0.592535 3 0.9998
0.590988 3 0.999801
0.590795 3 0.999802
0.590021 3 0.999803
0.589054 3 0.999804
0.587894 3 0.999805
0.587507 3 0.999806
0.586154 3 0.999807
0.58538 3 0.999808
0.58422 3 0.999809
0.584026 3 0.99981
0.583253 3 0.999811
0.582479 3 0.999812
0.581319 3 0.999813
0.580159 3 0.999814
0.578998 3 0.999815
0.578418 3 0.999816
0.577645 3 0.999817
0.577258 3 0.999818
0.576484 3 0.999819
0.575904 2 0.99982
0.574937 2 0.999821
0.57397 2 0.999822
0.57339 2 0.999823
0.573003 2 0.999824
0.572617 2 0.999825
0.57165 2 0.999826
0.570876 2 0.999827
0.570489 2 0.999828
0.569329 2 0.999829
0.568942 2 0.99983
0.567975 2 0.999831
0.566622 2 0.999832
0.565655 2 0.999833
0.564494 2 0.999834
0.563721 2 0.999835
0.562754 2 0.999836
0.562367 2 0.999837
0.561787 2 0.999838
0.56082 2 0.999839
0.560433 2 0.99984
0.559466 2 0.999841
0.558693 2 0.999842
0.558113 2 0.999843
0.556759 2 0.999844
0.555985 2 0.999845
0.555792 2 0.999846
0.555599 2 0.999847
0.555018 2 0.999848
0.553858 2 0.999849
0.552891 2 0.99985
0.551731 2 0.999851
0.550184 2 0.999852
0.54883 2 0.999853
0.548056 2 0.999854
0.547283 2 0.999855
0.545929 2 0.999856
0.545156 2 0.999857
0.544382 2 0.999858
0.543222 2 0.999859
0.542448 2 0.99986
0.541481 2 0.999861
0.540708 2 0.999862
0.539741 2 0.999863
0.538774 2 0.999864
0.538 2 0.999865
0.537807 2 0.999866
0.537227 2 0.999867
0.536453 2 0.999868
0.535293 2 0.999869
0.533553 2 0.99987
0.531812 2 0.999871
0.530652 2 0.999872
0.529298 2 0.999873
0.528138 2 0.999874
0.526204 2 0.999875
0.525044 2 0.999876
0.524077 2 0.999877
0.522529 2 0.999878
0.520596 2 0.999879
0.519822 2 0.99988
0.519242 2 0.999881
0.517695 2 0.999882
0.516535 2 0.999883
0.515374 2 0.999884
0.514214 2 0.999885
0.51286 2 0.999886
0.5117 2 0.999887
0.510733 2 0.999888
0.509573 2 0.999889
0.508412 2 0.99989
0.507445 2 0.999891
0.506672 2 0.999892
0.504931 2 0.999893
0.503578 2 0.999894
0.502417 2 0.999895
0.501837 2 0.999896
0.501064 2 0.999897
0.499903 2 0.999898
0.499517 2 0.999899
0.498356 2 0.9999
0.497003 2 0.999901
0.496616 2 0.999902
0.496229 2 0.999903
0.495069 2 0.999904
0.494102 2 0.999905
0.493135 2 0.999906
0.492941 2 0.999907
0.491974 2 0.999908
0.490041 2 0.999909
0.488494 2 0.99991
0.48656 2 0.999911
0.485013 2 0.999912
0.483659 2 0.999913
0.481918 2 0.999914
0.479791 2 0.999915
0.478051 2 0.999916
0.477084 2 0.999917
0.47515 2 0.999918
0.472829 2 0.999919
0.470895 2 0.99992
0.467608 2 0.999921
0.465674 1 0.999922
0.46432 1 0.999923
0.462193 1 0.999924
0.461033 1 0.999925
0.459679 1 0.999926
0.458519 1 0.999927
0.456778 1 0.999928
0.454264 1 0.999929
0.452524 1 0.99993
0.450783 1 0.999931
0.447882 1 0.999932
0.446335 1 0.999933
0.443821 1 0.999934
0.441114 1 0.999935
0.439954 1 0.999936
0.43744 1 0.999937
0.435312 1 0.999938
0.432412 1 0.999939
0.430284 1 0.99994
0.428931 1 0.999941
0.426997 1 0.999942
0.425643 1 0.999943
0.423322 1 0.999944
0.421389 1 0.999945
0.420422 1 0.999946
0.417327 1 0.999947
0.415007 1 0.999948
0.413073 1 0.999949
0.411719 1 0.99995
0.408818 1 0.999951
0.405918 1 0.999952
0.403597 1 0.999953
0.401663 1 0.999954
0.398569 1 0.999955
0.396055 1 0.999956
0.391994 1 0.999957
0.39006 1 0.999958
0.388513 1 0.999959
0.385419 1 0.99996
0.381744 1 0.999961
0.378457 1 0.999962
0.375943 1 0.999963
0.373816 1 0.999964
0.370915 1 0.999965
0.368401 0 0.999966
0.365887 0 0.999967
0.363179 0 0.999968
0.359892 0 0.999969
0.355637 0 0.99997
0.351963 0 0.999971
0.348289 0 0.999972
0.344034 0 0.999973
0.33978 0 0.999974
0.334171 0 0.999975
0.33069 0 0.999976
0.325469 0 0.999977
0.319667 0 0.999978
0.314639 0 0.999979
0.308644 0 0.99998
0.30439 0 0.999981
0.299362 0 0.999982
0.290659 0 0.999983
0.284664 0 0.999984
0.279056 0 0.999985
0.272094 0 0.999986
0.263392 0 0.999987
0.255463 0 0.999988
0.247148 0 0.999989
0.240379 0 0.99999
0.229163 0 0.999991
0.217173 0 0.999992
0.205763 0 0.999993
0.191839 0 0.999994
0.179656 0 0.999995
0.161864 0 0.999996
0.143493 0 0.999997
0.121833 0 0.999998
0.0953394 0 0.999999
0.0545349 0 1
0 0 1.79769e+308
