0.76423 3440
0.76423 3439
0.76423 3438
0.76423 3437
0.76423 3436
0.76423 3435
0.76423 3434
0.76423 3433
0.76416 3432
0.76416 3431
0.76416 3430
0.76416 3429
0.76416 3428
0.76416 3427
0.76416 3426
0.76416 3425
0.76416 3424
0.76416 3423
0.76416 3422
0.76416 3421
0.76416 3420
0.76416 3419
0.76416 3418
0.76416 3417
0.76416 3416
0.76416 3415
0.76416 3414
0.76416 3413
0.76416 3412
0.76416 3411
0.76416 3410
0.76416 3409
0.76416 3408
0.76416 3407
0.76416 3406
0.76416 3405
0.76416 3404
0.76416 3403
0.76416 3402
0.76416 3401
0.76416 3400
0.76416 3399
0.76416 3398
0.76416 3397
0.76416 3396
0.76416 3395
0.76416 3394
0.76416 3393
0.76416 3392
0.76416 3391
0.76416 3390
0.76416 3389
0.76416 3388
0.76416 3387
0.76416 3386
0.76416 3385
0.76416 3384
0.76416 3383
0.76416 3382
0.76416 3381
0.76416 3380
0.76416 3379
0.76416 3378
0.76416 3377
0.76416 3376
0.76416 3375
0.76416 3374
0.76416 3373
0.76416 3372
0.76416 3371
0.76416 3370
0.76416 3369
0.76416 3368
0.76416 3367
0.76416 3366
0.76416 3365
0.76416 3364
0.76416 3363
0.76416 3362
0.76416 3361
0.76416 3360
0.76416 3359
0.76416 3358
0.76416 3357
0.76416 3356
0.76416 3355
0.76416 3354
0.76416 3353
0.76416 3352
0.76416 3351
0.76416 3350
0.76416 3349
0.76416 3348
0.76416 3347
0.76416 3346
0.76416 3345
0.76416 3344
0.76416 3343
0.76416 3342
0.76416 3341
0.76416 3340
0.76416 3339
0.76416 3338
0.76416 3337
0.76416 3336
0.76416 3335
0.76416 3334
0.76416 3333
0.76416 3332
0.76416 3331
0.76416 3330
0.76416 3329
0.76416 3328
0.76416 3327
0.76416 3326
0.76416 3325
0.76416 3324
0.76416 3323
0.76416 3322
0.76416 3321
0.76416 3320
0.76416 3319
0.76416 3318
0.764034 3318
0.764034 3317
0.764034 3316
0.764034 3315
0.764034 3314
0.764034 3313
0.764034 3312
0.764034 3311
0.764034 3310
0.764034 3309
0.764034 3308
0.764034 3307
0.764034 3306
0.764034 3305
0.764034 3304
0.764034 3303
0.764034 3302
0.764034 3301
0.764034 3300
0.764034 3299
0.764034 3298
0.764034 3297
0.764034 3296
0.764034 3295
0.764034 3294
0.764034 3293
0.764034 3292
0.764034 3291
0.764034 3290
0.764034 3289
0.764034 3288
0.764034 3287
0.764034 3286
0.764034 3285
0.764019 3285
0.764019 3284
0.764019 3283
0.764019 3282
0.764019 3281
0.764019 3280
0.764019 3279
0.764019 3278
0.764019 3277
0.764019 3276
0.764019 3275
0.764019 3274
0.764019 3273
0.764019 3272
0.764019 3271
0.764019 3270
0.764019 3269
0.764019 3268
0.764019 3267
0.764019 3266
0.764019 3265
0.764019 3264
0.764019 3263
0.764019 3262
0.764019 3261
0.764019 3260
0.764019 3259
0.764019 3258
0.764019 3257
0.764019 3256
0.764019 3255
0.764019 3254
0.764019 3253
0.764019 3252
0.764019 3251
0.764019 3250
0.764019 3249
0.764019 3248
0.764019 3247
0.764019 3246
0.764019 3245
0.764019 3244
0.764019 3243
0.764019 3242
0.764019 3241
0.764019 3240
0.764019 3239
0.764019 3238
0.764019 3237
0.764019 3236
0.764019 3235
0.764019 3234
0.764019 3233
0.764019 3232
0.764019 3231
0.764019 3230
0.764019 3229
0.764019 3228
0.764019 3227
0.764019 3226
0.764019 3225
0.764019 3224
0.764019 3223
0.764019 3222
0.764019 3221
0.763876 3221
0.763876 3220
0.763876 3219
0.763876 3218
0.763876 3217
0.763876 3216
0.763876 3215
0.763876 3214
0.763876 3213
0.763876 3212
0.763876 3211
0.763876 3210
0.763876 3209
0.763876 3208
0.763876 3207
0.763876 3206
0.763876 3205
0.763876 3204
0.763876 3203
0.763876 3202
0.763876 3201
0.763876 3200
0.763876 3199
0.763876 3198
0.763876 3197
0.763876 3196
0.763876 3195
0.763876 3194
0.763876 3193
0.763876 3192
0.763876 3191
0.763876 3190
0.763876 3189
0.763876 3188
0.763876 3187
0.763876 3186
0.763876 3185
0.763876 3184
0.763876 3183
0.763876 3182
0.763876 3181
0.763876 3180
0.763876 3179
0.763876 3178
0.763876 3177
0.763876 3176
0.763876 3175
0.763876 3174
0.763876 3173
0.763876 3172
0.763876 3171
0.763876 3170
0.763876 3169
0.763876 3168
0.763876 3167
0.763876 3166
0.763876 3165
0.763876 3164
0.763876 3163
0.763876 3162
0.763876 3161
0.763876 3160
0.763876 3159
0.763876 3158
0.763876 3157
0.763876 3156
0.763876 3155
0.763876 3154
0.763876 3153
0.763876 3152
0.763876 3151
0.763876 3150
0.763876 3149
0.763876 3148
0.763876 3147
0.763876 3146
0.763876 3145
0.763876 3144
0.763876 3143
0.763876 3142
0.763876 3141
0.763876 3140
0.763876 3139
0.763876 3138
0.763876 3137
0.763876 3136
0.763876 3135
0.763876 3134
0.763876 3133
0.763876 3132
0.763876 3131
0.763876 3130
0.763876 3129
0.763876 3128
0.763876 3127
0.763876 3126
0.763876 3125
0.763876 3124
0.763876 3123
0.763876 3122
0.763876 3121
0.763876 3120
0.763876 3119
0.763876 3118
0.763876 3117
0.763876 3116
0.763876 3115
0.763876 3114
0.763876 3113
0.763876 3112
0.763876 3111
0.763876 3110
0.763876 3109
0.763876 3108
0.763876 3107
0.763876 3106
0.763876 3105
0.763876 3104
0.763876 3103
0.763876 3102
0.763876 3101
0.763876 3100
0.763876 3099
0.763876 3098
0.763876 3097
0.763876 3096
0.763876 3095
0.763876 3094
0.763876 3093
0.763876 3092
0.763876 3091
0.763876 3090
0.763876 3089
0.763876 3088
0.763876 3087
0.763876 3086
0.763876 3085
0.763876 3084
0.763876 3083
0.763876 3082
0.763876 3081
0.763876 3080
0.763876 3079
0.763876 3078
0.763876 3077
0.763876 3076
0.763876 3075
0.763876 3074
0.763876 3073
0.763876 3072
0.763876 3071
0.763876 3070
0.763876 3069
0.763876 3068
0.763876 3067
0.763876 3066
0.763876 3065
0.763876 3064
0.763876 3063
0.763876 3062
0.763876 3060
0.763876 3059
0.763876 3058
0.763876 3057
0.763876 3056
0.763876 3055
0.763876 3054
0.763876 3053
0.763876 3052
0.763876 3051
0.763876 3050
0.763876 3049
0.763876 3048
0.763876 3047
0.763876 3046
0.763876 3045
0.763876 3044
0.763876 3043
0.763876 3042
0.763876 3041
0.763876 3040
0.763876 3039
0.763876 3038
0.763876 3037
0.763876 3036
0.763876 3035
0.763876 3034
0.763876 3033
0.763876 3032
0.763876 3031
0.763876 3030
0.763876 3029
0.763876 3028
0.763876 3027
0.763876 3026
0.763876 3025
0.763876 3024
0.763876 3023
0.763876 3022
0.763876 3021
0.763876 3020
0.763876 3019
0.763876 3018
0.763876 3017
0.763734 3017
0.763734 3016
0.763734 3015
0.763734 3014
0.763734 3013
0.763734 3012
0.763734 3011
0.763734 3010
0.763734 3009
0.763734 3008
0.763734 3007
0.763734 3006
0.763734 3005
0.763734 3004
0.763734 3003
0.763734 3002
0.763734 3001
0.763734 3000
0.763734 2999
0.763734 2998
0.763734 2997
0.763734 2996
0.763734 2995
0.763734 2994
0.763734 2993
0.763734 2992
0.763734 2991
0.763734 2990
0.763734 2989
0.763734 2988
0.763734 2987
0.763734 2986
0.763734 2985
0.763734 2984
0.763734 2983
0.763734 2982
0.763734 2981
0.763734 2980
0.763734 2979
0.763734 2978
0.763734 2977
0.763734 2976
0.763734 2975
0.763734 2974
0.763734 2973
0.763734 2972
0.763734 2971
0.763734 2970
0.763734 2969
0.763734 2968
0.763734 2967
0.763734 2966
0.763734 2965
0.763734 2964
0.763734 2963
0.763734 2962
0.763734 2961
0.763734 2960
0.763734 2959
0.763734 2958
0.763734 2957
0.763734 2956
0.763734 2955
0.763734 2954
0.763734 2953
0.763734 2952
0.763734 2951
0.763734 2950
0.763734 2949
0.763734 2948
0.763734 2947
0.763734 2946
0.763734 2945
0.763734 2944
0.763734 2943
0.763734 2942
0.763734 2941
0.763734 2940
0.763734 2939
0.763734 2938
0.763734 2937
0.763734 2936
0.763734 2935
0.763734 2934
0.763734 2933
0.763734 2932
0.763734 2931
0.763734 2930
0.763734 2929
0.763734 2928
0.763734 2927
0.763734 2926
0.763734 2925
0.763734 2924
0.763734 2923
0.763734 2922
0.763734 2921
0.763734 2920
0.763734 2919
0.763734 2918
0.763734 2917
0.763734 2916
0.763734 2915
0.763734 2914
0.763734 2913
0.763734 2912
0.763734 2911
0.763734 2910
0.763734 2909
0.763734 2908
0.763734 2907
0.763734 2906
0.763734 2905
0.763734 2904
0.763734 2903
0.763734 2902
0.763734 2901
0.763734 2900
0.763734 2899
0.763734 2898
0.763734 2897
0.763734 2896
0.763734 2895
0.763734 2894
0.763734 2893
0.763734 2892
0.763734 2891
0.763734 2890
0.763734 2889
0.763734 2888
0.763734 2887
0.763734 2886
0.763734 2885
0.763734 2884
0.763734 2883
0.763734 2882
0.763734 2881
0.763734 2880
0.763734 2879
0.763734 2878
0.763734 2877
0.763734 2876
0.763734 2875
0.763734 2874
0.763734 2873
0.763734 2872
0.763734 2871
0.763734 2870
0.763734 2869
0.763734 2868
0.763734 2867
0.763734 2866
0.763734 2865
0.763734 2864
0.763734 2863
0.763734 2862
0.763734 2861
0.763734 2860
0.763734 2859
0.763734 2858
0.763734 2857
0.763734 2856
0.763734 2855
0.763667 2854
0.763667 2853
0.763667 2852
0.763667 2851
0.763667 2850
0.763667 2849
0.763667 2848
0.763667 2847
0.763667 2846
0.763667 2845
0.763667 2844
0.763667 2843
0.763667 2842
0.763667 2841
0.763667 2840
0.763667 2839
0.763667 2838
0.763667 2837
0.763667 2836
0.763667 2835
0.763667 2834
0.763667 2833
0.763667 2832
0.763667 2831
0.763667 2830
0.763667 2829
0.763667 2828
0.763667 2827
0.763667 2826
0.763667 2825
0.763667 2824
0.763667 2823
0.763667 2822
0.763667 2821
0.763667 2820
0.763667 2819
0.763667 2818
0.763667 2817
0.763667 2816
0.763667 2815
0.763667 2814
0.763667 2813
0.763667 2812
0.763667 2811
0.763534 2811
0.763534 2810
0.763534 2809
0.763534 2808
0.763534 2807
0.763534 2806
0.763534 2805
0.763534 2804
0.763534 2803
0.763534 2802
0.763534 2801
0.763534 2800
0.763534 2799
0.763534 2798
0.763534 2797
0.763534 2796
0.763534 2795
0.763534 2794
0.763534 2793
0.763534 2792
0.763534 2791
0.763534 2790
0.763534 2788
0.763534 2787
0.763534 2786
0.763534 2785
0.763534 2784
0.763534 2783
0.763534 2782
0.763534 2781
0.763534 2780
0.763534 2779
0.763534 2778
0.763534 2777
0.763534 2776
0.763534 2775
0.763534 2774
0.763534 2773
0.763534 2772
0.763534 2771
0.763534 2770
0.763534 2769
0.763534 2768
0.763534 2767
0.763534 2766
0.763534 2765
0.763534 2764
0.763534 2763
0.763534 2762
0.763534 2761
0.763534 2760
0.763534 2759
0.763534 2758
0.763534 2757
0.763534 2756
0.763534 2755
0.763534 2754
0.763534 2753
0.763534 2752
0.763534 2751
0.763534 2750
0.763534 2749
0.763534 2748
0.763534 2747
0.763534 2746
0.763534 2745
0.763534 2744
0.763534 2743
0.763534 2742
0.763534 2741
0.763534 2740
0.763534 2739
0.763534 2738
0.763534 2737
0.763534 2736
0.763534 2735
0.763534 2734
0.763532 2733
0.763532 2732
0.763532 2731
0.763532 2730
0.763532 2729
0.763532 2728
0.763532 2727
0.763532 2726
0.763532 2725
0.763532 2724
0.763532 2723
0.763532 2722
0.763532 2721
0.763532 2720
0.763532 2719
0.763532 2718
0.763532 2717
0.763532 2716
0.763532 2715
0.763532 2714
0.763532 2713
0.763532 2712
0.763532 2711
0.763532 2710
0.763532 2709
0.763532 2708
0.763532 2707
0.763532 2706
0.763532 2705
0.763532 2704
0.763532 2703
0.763532 2702
0.763532 2701
0.763532 2700
0.763532 2699
0.763532 2698
0.763532 2697
0.763532 2696
0.763532 2695
0.763532 2694
0.763532 2693
0.763532 2692
0.763532 2691
0.763532 2690
0.763532 2689
0.763532 2688
0.763532 2687
0.763532 2686
0.763532 2685
0.763532 2684
0.763532 2683
0.763532 2682
0.763532 2681
0.763532 2680
0.763532 2679
0.763532 2678
0.763532 2677
0.763532 2676
0.763532 2675
0.763532 2674
0.763532 2673
0.763532 2672
0.763532 2671
0.763532 2670
0.763532 2669
0.763532 2668
0.763532 2667
0.763532 2666
0.763532 2665
0.763532 2664
0.763532 2663
0.763532 2662
0.763532 2661
0.763532 2660
0.763532 2659
0.763532 2658
0.763532 2657
0.763532 2656
0.763532 2655
0.763532 2654
0.763532 2653
0.763532 2652
0.763532 2651
0.763532 2650
0.763532 2649
0.763532 2648
0.763532 2647
0.763532 2646
0.763532 2645
0.763532 2644
0.763532 2643
0.763532 2642
0.763532 2641
0.763532 2640
0.763532 2639
0.763532 2638
0.763532 2637
0.763532 2636
0.763532 2635
0.763532 2634
0.763532 2633
0.763532 2632
0.763532 2631
0.763532 2630
0.763532 2629
0.763532 2628
0.763532 2627
0.763532 2626
0.763532 2625
0.763532 2624
0.763532 2623
0.763532 2622
0.763532 2621
0.763532 2620
0.763532 2619
0.763532 2618
0.763532 2617
0.763532 2616
0.763532 2615
0.763532 2614
0.763532 2613
0.763532 2612
0.763532 2611
0.763532 2610
0.763532 2609
0.763532 2608
0.763532 2607
0.763532 2606
0.763532 2605
0.763532 2604
0.763532 2603
0.763532 2602
0.763532 2601
0.763532 2600
0.763532 2599
0.763532 2598
0.763532 2597
0.763439 2596
0.763439 2595
0.763439 2594
0.763439 2593
0.763439 2592
0.763439 2591
0.763439 2590
0.763439 2589
0.763439 2588
0.763439 2587
0.763439 2586
0.763439 2585
0.763439 2584
0.763439 2583
0.763439 2582
0.763439 2581
0.763439 2580
0.763439 2579
0.763439 2578
0.763439 2577
0.763439 2576
0.763439 2575
0.763439 2574
0.763439 2573
0.763439 2572
0.763439 2571
0.763439 2570
0.763439 2569
0.763439 2568
0.763439 2567
0.763439 2566
0.763439 2565
0.763439 2564
0.763439 2563
0.763439 2562
0.763439 2561
0.763439 2560
0.763439 2559
0.763439 2558
0.763439 2557
0.763439 2556
0.763439 2555
0.763439 2554
0.763439 2553
0.763439 2552
0.763439 2551
0.763439 2550
0.763439 2549
0.763439 2548
0.763439 2547
0.763439 2546
0.763439 2545
0.763439 2544
0.763439 2543
0.763439 2542
0.763439 2541
0.763439 2540
0.763439 2539
0.763439 2538
0.763439 2537
0.763439 2536
0.763439 2535
0.763439 2534
0.763439 2533
0.763439 2532
0.763439 2531
0.763439 2530
0.763439 2529
0.763439 2528
0.763439 2527
0.763439 2526
0.763439 2525
0.763439 2524
0.763439 2523
0.763439 2522
0.763439 2521
0.763439 2520
0.763439 2519
0.763439 2518
0.763439 2517
0.763439 2516
0.763439 2515
0.763439 2514
0.763439 2513
0.763439 2512
0.763439 2511
0.763439 2510
0.763439 2509
0.763439 2508
0.763439 2507
0.763439 2506
0.763439 2505
0.763439 2504
0.763439 2503
0.763439 2502
0.763439 2501
0.763439 2500
0.763439 2499
0.763439 2498
0.763439 2497
0.763439 2496
0.763439 2495
0.763439 2494
0.763439 2493
0.763439 2492
0.763439 2491
0.763439 2490
0.763439 2489
0.763439 2488
0.763439 2487
0.763439 2486
0.763439 2485
0.763439 2484
0.763439 2483
0.763439 2482
0.763439 2481
0.763439 2480
0.763439 2479
0.763439 2478
0.763439 2477
0.763439 2476
0.763439 2475
0.763439 2474
0.763439 2473
0.763439 2472
0.763439 2471
0.763439 2470
0.763439 2469
0.763439 2468
0.763439 2467
0.763439 2466
0.763439 2465
0.763439 2464
0.763439 2463
0.763439 2462
0.763439 2461
0.763439 2460
0.763439 2459
0.763439 2458
0.763439 2457
0.763439 2456
0.763439 2455
0.763439 2454
0.763439 2453
0.763439 2452
0.763439 2451
0.763439 2450
0.763439 2449
0.763439 2448
0.763439 2447
0.763439 2446
0.763439 2445
0.763439 2444
0.763439 2443
0.763439 2442
0.763439 2441
0.763439 2440
0.763439 2439
0.763439 2438
0.763439 2437
0.763439 2436
0.763439 2435
0.763439 2434
0.763439 2433
0.763439 2432
0.763439 2431
0.763439 2430
0.763439 2429
0.763439 2428
0.763439 2427
0.763439 2426
0.763439 2425
0.763439 2424
0.763439 2423
0.763439 2422
0.763439 2421
0.763439 2420
0.763439 2419
0.763439 2418
0.763439 2417
0.763439 2416
0.763439 2415
0.763439 2414
0.763439 2413
0.763439 2412
0.763439 2411
0.763286 2411
0.763286 2410
0.763286 2409
0.763286 2408
0.763286 2407
0.763286 2406
0.763286 2405
0.763286 2404
0.763286 2403
0.763286 2402
0.763286 2401
0.763286 2400
0.763286 2399
0.763286 2398
0.763286 2397
0.763159 2397
0.763159 2396
0.763159 2395
0.763159 2394
0.763159 2393
0.763159 2392
0.763159 2391
0.763159 2390
0.763159 2389
0.763159 2388
0.763159 2387
0.763159 2386
0.763159 2385
0.763159 2384
0.763159 2383
0.763159 2382
0.763159 2381
0.763159 2380
0.763159 2379
0.763159 2378
0.763159 2377
0.763159 2376
0.763159 2375
0.763159 2374
0.763159 2373
0.763159 2372
0.763159 2371
0.763159 2370
0.763159 2369
0.763159 2368
0.763159 2367
0.763159 2366
0.763159 2365
0.763159 2364
0.763159 2363
0.763159 2362
0.763159 2361
0.763159 2360
0.763159 2359
0.763159 2358
0.763159 2357
0.763159 2356
0.763159 2355
0.763159 2354
0.763159 2353
0.763159 2352
0.763159 2351
0.763159 2350
0.763159 2349
0.763159 2348
0.763159 2347
0.763159 2346
0.763159 2345
0.763159 2344
0.763159 2343
0.763159 2342
0.763159 2341
0.763159 2340
0.763159 2339
0.763159 2338
0.763159 2337
0.763159 2336
0.763159 2335
0.763159 2334
0.763159 2333
0.763159 2332
0.763159 2331
0.763159 2330
0.763159 2329
0.763159 2328
0.763159 2327
0.763159 2326
0.763159 2325
0.763159 2324
0.763159 2323
0.763159 2322
0.763159 2321
0.763159 2320
0.763159 2319
0.763159 2318
0.763159 2317
0.763159 2316
0.763159 2315
0.763159 2314
0.763159 2313
0.763159 2312
0.763159 2311
0.763159 2310
0.763159 2309
0.763159 2308
0.763159 2307
0.763033 2307
0.763033 2306
0.763033 2305
0.763033 2304
0.763033 2303
0.763033 2302
0.763033 2301
0.763033 2300
0.763033 2299
0.763033 2298
0.763033 2297
0.763033 2296
0.763033 2295
0.763033 2294
0.763033 2293
0.763033 2292
0.763033 2291
0.763033 2290
0.763033 2289
0.763033 2288
0.763033 2287
0.763033 2286
0.763033 2285
0.763033 2284
0.763033 2283
0.763033 2282
0.763033 2281
0.763033 2280
0.763033 2279
0.763033 2278
0.763033 2277
0.763033 2276
0.763033 2275
0.763033 2274
0.763033 2273
0.763033 2272
0.763033 2271
0.763033 2270
0.763033 2269
0.763033 2268
0.763033 2267
0.763033 2266
0.763033 2265
0.763033 2264
0.763033 2263
0.763033 2262
0.763033 2261
0.763033 2260
0.763033 2259
0.763033 2258
0.763033 2257
0.763033 2256
0.763033 2255
0.763033 2254
0.763033 2253
0.763033 2252
0.763033 2251
0.763033 2250
0.763033 2249
0.763033 2248
0.763033 2247
0.763033 2246
0.763033 2245
0.763033 2244
0.763033 2243
0.763033 2242
0.763033 2241
0.763033 2240
0.763033 2239
0.762897 2239
0.762897 2238
0.762897 2237
0.762897 2236
0.762774 2236
0.762774 2235
0.762774 2234
0.762774 2233
0.762774 2232
0.762774 2231
0.762774 2230
0.762774 2229
0.762774 2228
0.762774 2227
0.762774 2226
0.762774 2225
0.762774 2224
0.762774 2223
0.762774 2222
0.762774 2221
0.762774 2220
0.762774 2219
0.762774 2218
0.762774 2217
0.762774 2216
0.762774 2215
0.762774 2214
0.762774 2213
0.762774 2212
0.762774 2211
0.762774 2210
0.762774 2209
0.762774 2208
0.762774 2207
0.762774 2206
0.762774 2205
0.762774 2204
0.762774 2203
0.762774 2202
0.762774 2201
0.762774 2200
0.762774 2199
0.762774 2198
0.762774 2197
0.762774 2196
0.762774 2195
0.762774 2194
0.762774 2193
0.762774 2192
0.762774 2191
0.762774 2190
0.762774 2189
0.762774 2188
0.762774 2187
0.762774 2186
0.762774 2185
0.762774 2184
0.762774 2183
0.762774 2182
0.762774 2181
0.762774 2180
0.762774 2179
0.762774 2178
0.762774 2177
0.762774 2176
0.762774 2175
0.762774 2174
0.762774 2173
0.762774 2172
0.762774 2171
0.762774 2170
0.762774 2169
0.762774 2168
0.762774 2167
0.762774 2166
0.762774 2165
0.762724 2164
0.762724 2163
0.762724 2162
0.762724 2161
0.762724 2160
0.762724 2159
0.762724 2158
0.762724 2157
0.762724 2156
0.762724 2155
0.762724 2154
0.762724 2153
0.762724 2152
0.762724 2151
0.762724 2150
0.762724 2149
0.762724 2148
0.762724 2147
0.762724 2146
0.762724 2145
0.762724 2144
0.762724 2143
0.762724 2142
0.762724 2141
0.762724 2140
0.762724 2139
0.762724 2138
0.762724 2137
0.762724 2136
0.762724 2135
0.762724 2134
0.762724 2133
0.762724 2132
0.762724 2131
0.762724 2130
0.762724 2129
0.762724 2128
0.762724 2127
0.762724 2126
0.762724 2125
0.762724 2124
0.762724 2123
0.762724 2122
0.762724 2121
0.762724 2120
0.762724 2119
0.762724 2118
0.762724 2117
0.762724 2116
0.762724 2115
0.762724 2114
0.762724 2113
0.762724 2112
0.762724 2111
0.762724 2110
0.762724 2109
0.762724 2108
0.762724 2107
0.762724 2106
0.762724 2105
0.762724 2104
0.762724 2103
0.762724 2102
0.762724 2101
0.762724 2100
0.762724 2099
0.762724 2098
0.762724 2097
0.762724 2096
0.762724 2095
0.762724 2094
0.762709 2093
0.762709 2092
0.762709 2091
0.762709 2090
0.762709 2089
0.762709 2088
0.762709 2087
0.762709 2086
0.762709 2085
0.762709 2084
0.762709 2083
0.762709 2082
0.762709 2081
0.762709 2080
0.762709 2079
0.762599 2079
0.762599 2078
0.762599 2077
0.762599 2076
0.762599 2075
0.762599 2074
0.762599 2073
0.762599 2072
0.762599 2071
0.762599 2070
0.762599 2069
0.762599 2068
0.762599 2067
0.762599 2066
0.762599 2065
0.762599 2064
0.762599 2063
0.762599 2062
0.762599 2061
0.762599 2060
0.762599 2059
0.762599 2058
0.762599 2057
0.762467 2057
0.762467 2056
0.762467 2055
0.762467 2054
0.762467 2053
0.762467 2052
0.762467 2051
0.762467 2050
0.762467 2049
0.762467 2048
0.762467 2047
0.762467 2046
0.762467 2045
0.762467 2044
0.762467 2043
0.762467 2042
0.762467 2041
0.762467 2040
0.762467 2039
0.762467 2038
0.762467 2037
0.762467 2036
0.762467 2035
0.762467 2034
0.762467 2033
0.762467 2032
0.762467 2031
0.762467 2030
0.762467 2029
0.762467 2028
0.762467 2027
0.762467 2026
0.762467 2025
0.762467 2024
0.762467 2023
0.762467 2022
0.762467 2021
0.762467 2020
0.762467 2019
0.762467 2018
0.762467 2017
0.762467 2016
0.762467 2015
0.762467 2014
0.762467 2013
0.762467 2012
0.762467 2011
0.762467 2010
0.762467 2009
0.762467 2008
0.762467 2007
0.762467 2006
0.762467 2005
0.762467 2004
0.762467 2003
0.762467 2002
0.762467 2001
0.762467 2000
0.762467 1999
0.762467 1998
0.762467 1997
0.762467 1996
0.762467 1995
0.762467 1994
0.762467 1993
0.762467 1992
0.762467 1991
0.762467 1990
0.762467 1989
0.762467 1988
0.762467 1987
0.762467 1986
0.762467 1985
0.762467 1984
0.762467 1983
0.762467 1982
0.762467 1981
0.762467 1980
0.762467 1979
0.762467 1978
0.762319 1978
0.762319 1977
0.762319 1976
0.762319 1975
0.762319 1974
0.762319 1973
0.762319 1972
0.762319 1971
0.762319 1970
0.762319 1969
0.762319 1968
0.762319 1967
0.762319 1966
0.762319 1965
0.762319 1964
0.762319 1963
0.762319 1962
0.762319 1961
0.762319 1960
0.762319 1959
0.762319 1958
0.762319 1957
0.762188 1957
0.762188 1956
0.762188 1955
0.762188 1954
0.762188 1953
0.762188 1952
0.762188 1951
0.762188 1950
0.762188 1949
0.762188 1948
0.762188 1947
0.762188 1946
0.762188 1945
0.762188 1944
0.762188 1943
0.762188 1942
0.762188 1941
0.762188 1940
0.762188 1939
0.762188 1938
0.762188 1937
0.762188 1936
0.762188 1935
0.762188 1934
0.762188 1933
0.762188 1932
0.762188 1931
0.762188 1930
0.762188 1929
0.762188 1928
0.762188 1927
0.762188 1926
0.762188 1925
0.762188 1924
0.762188 1923
0.762188 1922
0.762188 1921
0.762188 1920
0.762188 1919
0.762188 1918
0.762188 1917
0.762188 1916
0.762188 1915
0.762046 1915
0.762046 1914
0.762046 1913
0.762046 1912
0.762046 1911
0.762046 1910
0.762046 1909
0.762046 1908
0.762046 1907
0.762046 1906
0.762046 1905
0.762046 1904
0.762046 1903
0.762046 1902
0.762046 1901
0.762046 1900
0.762046 1899
0.762046 1898
0.762046 1897
0.762046 1896
0.762046 1895
0.762046 1894
0.762046 1893
0.762046 1892
0.762046 1891
0.762046 1890
0.762046 1889
0.762046 1888
0.762046 1887
0.762046 1886
0.762046 1885
0.762046 1884
0.762046 1883
0.762046 1882
0.762046 1881
0.762046 1880
0.762046 1879
0.762046 1878
0.762046 1877
0.762046 1876
0.762046 1875
0.762046 1874
0.762046 1873
0.762046 1872
0.762046 1871
0.762046 1870
0.762046 1869
0.762046 1868
0.762046 1867
0.762046 1866
0.762046 1865
0.762043 1864
0.762043 1863
0.762036 1862
0.762036 1861
0.762036 1860
0.762036 1859
0.762036 1858
0.762036 1857
0.762036 1856
0.762036 1855
0.762036 1854
0.762036 1853
0.762036 1852
0.762036 1851
0.762036 1850
0.761905 1850
0.761905 1849
0.761905 1848
0.761905 1847
0.761905 1846
0.761905 1845
0.761905 1844
0.761905 1843
0.761905 1842
0.761905 1841
0.761905 1840
0.761905 1839
0.761905 1838
0.761905 1837
0.761905 1836
0.761905 1835
0.761905 1834
0.761905 1833
0.761801 1833
0.761801 1832
0.761801 1831
0.761776 1830
0.761776 1829
0.761776 1828
0.761776 1827
0.761776 1826
0.761776 1825
0.761776 1824
0.761776 1823
0.761776 1822
0.761776 1821
0.761776 1820
0.761776 1819
0.761776 1818
0.761776 1817
0.761776 1816
0.761776 1815
0.761776 1814
0.761776 1813
0.761776 1812
0.761776 1811
0.761776 1810
0.761776 1809
0.761776 1808
0.761776 1807
0.761776 1806
0.761776 1805
0.761776 1804
0.761625 1804
0.761625 1803
0.761625 1802
0.761625 1801
0.761625 1800
0.761625 1799
0.761625 1798
0.761625 1797
0.761625 1796
0.761625 1795
0.761625 1794
0.761625 1793
0.761625 1792
0.761625 1791
0.761625 1790
0.761625 1789
0.761625 1788
0.761625 1787
0.761625 1786
0.761625 1785
0.761625 1784
0.761625 1783
0.761625 1782
0.761625 1781
0.761625 1780
0.761625 1779
0.761625 1778
0.761625 1777
0.761625 1776
0.761625 1775
0.761625 1774
0.761625 1773
0.761625 1772
0.761625 1771
0.761625 1770
0.761625 1769
0.761625 1768
0.761625 1767
0.761625 1766
0.761625 1765
0.761625 1764
0.761625 1763
0.76156 1762
0.76156 1761
0.76156 1760
0.76156 1759
0.76156 1758
0.76156 1757
0.76156 1756
0.76156 1755
0.76156 1754
0.76156 1753
0.76156 1752
0.76156 1751
0.76156 1750
0.76156 1749
0.76156 1748
0.76156 1747
0.76156 1746
0.76156 1745
0.76156 1744
0.76156 1743
0.76156 1742
0.76156 1741
0.76156 1740
0.76156 1739
0.76156 1738
0.76156 1737
0.76156 1736
0.76156 1735
0.76156 1734
0.76156 1733
0.76156 1732
0.76156 1731
0.76156 1730
0.76156 1729
0.76156 1728
0.76156 1727
0.76156 1726
0.76156 1725
0.76156 1724
0.76156 1723
0.76156 1722
0.76156 1721
0.76156 1720
0.76156 1719
0.76156 1718
0.76156 1717
0.76156 1716
0.76156 1715
0.76156 1714
0.76156 1713
0.76156 1712
0.76156 1711
0.76156 1710
0.76156 1709
0.76156 1708
0.76156 1707
0.76156 1706
0.76156 1705
0.761422 1705
0.761422 1704
0.761422 1703
0.761422 1702
0.761422 1701
0.761422 1700
0.761422 1699
0.761422 1698
0.761422 1697
0.761422 1696
0.761422 1695
0.761422 1694
0.761422 1693
0.761422 1692
0.761422 1691
0.761422 1690
0.761422 1689
0.761422 1688
0.761422 1687
0.761422 1686
0.761422 1685
0.761422 1684
0.761422 1683
0.761422 1682
0.761422 1681
0.761422 1680
0.761422 1679
0.761422 1678
0.761422 1677
0.761422 1676
0.761422 1675
0.761422 1674
0.761422 1673
0.761422 1672
0.761422 1671
0.761422 1670
0.761422 1669
0.761422 1668
0.761422 1667
0.761422 1666
0.761422 1665
0.761422 1664
0.761422 1663
0.761422 1662
0.761422 1661
0.761422 1660
0.761422 1659
0.761422 1658
0.761422 1657
0.761422 1656
0.761422 1655
0.761422 1654
0.761422 1653
0.761422 1652
0.761422 1651
0.761422 1650
0.761422 1649
0.761422 1648
0.761422 1647
0.761422 1646
0.761422 1645
0.761422 1644
0.761422 1643
0.761422 1642
0.761422 1641
0.761282 1641
0.761282 1640
0.761282 1639
0.761282 1638
0.761282 1637
0.761282 1636
0.761282 1635
0.761282 1634
0.761282 1633
0.761282 1632
0.761282 1631
0.761282 1630
0.761282 1629
0.761282 1628
0.761282 1627
0.761282 1626
0.761282 1625
0.761282 1624
0.761282 1623
0.761282 1622
0.761282 1621
0.76126 1620
0.76126 1619
0.76126 1618
0.76126 1617
0.76126 1616
0.761132 1616
0.761132 1615
0.761132 1614
0.761132 1613
0.761132 1612
0.761132 1611
0.761132 1610
0.761132 1609
0.761132 1608
0.761132 1607
0.761132 1606
0.761132 1605
0.761132 1604
0.761132 1603
0.761132 1602
0.761132 1601
0.761132 1600
0.761132 1599
0.761132 1598
0.761132 1597
0.761132 1596
0.761132 1595
0.761132 1594
0.761132 1593
0.761132 1592
0.761132 1591
0.761132 1590
0.761132 1589
0.761132 1588
0.761132 1587
0.761132 1586
0.761132 1585
0.761132 1584
0.761132 1583
0.761132 1582
0.761132 1581
0.761132 1580
0.761132 1579
0.761132 1578
0.761132 1577
0.761132 1576
0.761132 1575
0.761132 1574
0.761132 1573
0.761132 1572
0.761132 1571
0.761132 1570
0.761132 1569
0.761132 1568
0.761132 1567
0.761132 1566
0.761132 1565
0.761132 1564
0.761132 1563
0.761132 1562
0.761132 1561
0.761132 1560
0.761132 1559
0.761132 1558
0.761132 1557
0.761132 1556
0.761132 1555
0.761132 1554
0.761132 1553
0.761132 1552
0.761132 1551
0.761132 1550
0.761132 1549
0.761132 1548
0.761132 1547
0.761132 1546
0.761132 1545
0.761132 1544
0.761132 1543
0.761132 1542
0.761132 1541
0.761132 1540
0.761132 1539
0.761132 1538
0.761132 1537
0.761132 1536
0.761132 1535
0.761132 1534
0.761132 1533
0.761132 1532
0.761132 1531
0.761132 1530
0.761132 1529
0.761132 1528
0.761132 1527
0.761132 1526
0.761132 1525
0.761132 1524
0.761132 1523
0.761132 1522
0.761132 1521
0.761132 1520
0.761132 1519
0.761132 1518
0.761132 1517
0.761132 1516
0.761132 1515
0.761132 1514
0.761132 1513
0.761132 1512
0.761132 1511
0.761132 1510
0.761132 1509
0.761132 1508
0.761132 1507
0.761132 1506
0.761132 1505
0.760986 1505
0.760986 1504
0.760986 1503
0.760986 1502
0.760986 1501
0.760986 1500
0.760986 1499
0.760986 1498
0.760854 1498
0.760854 1497
0.760854 1496
0.760854 1495
0.760854 1494
0.760854 1493
0.760854 1492
0.760854 1491
0.760763 1490
0.760763 1489
0.760763 1488
0.760763 1487
0.760763 1486
0.760763 1485
0.760763 1484
0.760763 1483
0.760763 1482
0.760763 1481
0.760763 1480
0.760763 1479
0.760763 1478
0.760763 1477
0.760763 1476
0.760763 1475
0.760763 1474
0.760763 1473
0.760763 1472
0.760763 1471
0.760763 1470
0.760763 1469
0.760763 1468
0.760763 1467
0.760704 1467
0.760704 1466
0.760704 1465
0.760704 1464
0.760704 1463
0.760704 1462
0.760704 1461
0.760704 1460
0.760704 1459
0.760704 1458
0.760704 1457
0.760704 1456
0.760704 1455
0.760704 1454
0.760704 1453
0.760704 1452
0.760704 1451
0.760704 1450
0.760683 1450
0.760683 1449
0.760683 1448
0.760683 1447
0.760683 1446
0.760683 1445
0.760683 1444
0.760683 1443
0.760683 1442
0.760683 1441
0.760683 1440
0.760683 1439
0.760683 1438
0.760683 1437
0.760683 1436
0.760683 1435
0.760683 1434
0.760683 1433
0.760683 1432
0.760683 1431
0.760683 1430
0.760683 1429
0.760683 1428
0.760683 1427
0.760683 1426
0.760683 1425
0.760683 1424
0.760683 1423
0.760683 1422
0.760683 1421
0.760683 1420
0.760683 1419
0.760683 1418
0.760683 1417
0.760683 1416
0.760683 1415
0.760683 1414
0.760683 1413
0.760683 1412
0.760683 1411
0.760683 1410
0.760683 1409
0.760683 1408
0.760683 1407
0.760683 1406
0.760683 1405
0.760683 1404
0.760683 1403
0.760683 1402
0.760683 1401
0.760683 1400
0.760683 1399
0.760683 1398
0.760683 1397
0.760683 1396
0.760683 1395
0.760683 1394
0.760683 1393
0.760683 1392
0.760683 1391
0.760683 1390
0.760683 1389
0.760683 1388
0.760683 1387
0.760683 1386
0.760683 1385
0.760683 1384
0.760683 1383
0.760683 1382
0.760683 1381
0.760683 1380
0.760683 1379
0.760683 1378
0.760683 1377
0.760683 1376
0.760683 1375
0.760683 1374
0.760683 1373
0.760683 1372
0.760683 1371
0.760683 1370
0.760683 1369
0.760683 1368
0.760683 1367
0.760683 1366
0.760683 1365
0.760683 1364
0.760683 1363
0.760683 1362
0.760683 1361
0.760683 1360
0.760683 1359
0.760683 1358
0.760683 1357
0.760683 1356
0.760683 1355
0.760683 1354
0.760683 1353
0.760683 1352
0.760683 1351
0.760683 1350
0.760683 1349
0.760683 1348
0.760683 1347
0.760683 1346
0.760683 1345
0.760526 1345
0.760526 1344
0.760526 1343
0.760375 1343
0.760375 1342
0.760375 1341
0.760375 1340
0.760375 1339
0.760375 1338
0.760375 1337
0.760375 1336
0.760375 1335
0.760375 1334
0.760375 1333
0.760375 1332
0.760375 1331
0.760375 1330
0.760375 1329
0.760375 1328
0.760375 1327
0.760375 1326
0.760375 1325
0.760375 1324
0.760375 1323
0.760375 1322
0.760269 1322
0.760269 1321
0.760269 1320
0.760269 1319
0.760269 1318
0.760269 1317
0.760269 1316
0.760269 1315
0.760269 1314
0.760269 1313
0.760269 1312
0.760269 1311
0.760269 1310
0.760269 1309
0.760269 1308
0.760269 1307
0.760269 1306
0.760269 1305
0.760269 1304
0.760269 1303
0.760269 1302
0.760269 1301
0.760269 1300
0.760269 1299
0.760269 1298
0.760269 1297
0.760269 1296
0.760269 1295
0.760269 1294
0.760269 1293
0.760269 1292
0.760269 1291
0.760269 1290
0.760269 1289
0.760269 1288
0.760269 1287
0.760269 1286
0.760269 1285
0.760269 1284
0.760269 1283
0.760269 1282
0.760269 1281
0.760269 1280
0.760269 1279
0.760269 1278
0.760269 1277
0.760269 1276
0.760269 1275
0.760269 1274
0.760269 1273
0.760269 1272
0.760269 1271
0.760269 1270
0.760269 1269
0.760269 1268
0.760269 1267
0.760269 1266
0.760269 1265
0.760269 1264
0.760269 1263
0.760269 1262
0.760269 1261
0.760269 1260
0.760269 1259
0.760269 1258
0.760131 1258
0.760131 1257
0.760131 1256
0.760131 1255
0.760103 1254
0.760103 1253
0.760103 1252
0.760103 1251
0.760103 1250
0.760103 1249
0.760103 1248
0.760103 1247
0.760103 1246
0.760103 1245
0.760103 1244
0.760103 1243
0.760103 1242
0.760103 1241
0.760103 1240
0.760103 1239
0.760103 1238
0.760103 1237
0.760103 1236
0.760103 1235
0.760103 1234
0.760103 1233
0.760103 1232
0.760103 1231
0.760103 1230
0.760103 1229
0.760103 1228
0.760103 1227
0.760103 1226
0.760103 1225
0.760103 1224
0.760103 1223
0.760103 1222
0.760103 1221
0.760079 1220
0.760079 1219
0.760079 1218
0.760079 1217
0.760079 1216
0.760079 1215
0.760079 1214
0.760079 1213
0.760079 1212
0.760079 1211
0.760079 1210
0.760079 1209
0.760079 1208
0.760079 1207
0.760079 1206
0.760079 1205
0.760079 1204
0.760079 1203
0.760079 1202
0.760079 1201
0.760079 1200
0.760079 1199
0.760079 1198
0.760079 1197
0.760079 1196
0.760079 1195
0.760079 1194
0.760079 1193
0.760079 1192
0.760079 1191
0.760079 1190
0.760079 1189
0.760079 1188
0.760079 1187
0.760079 1186
0.760076 1185
0.760076 1184
0.760076 1183
0.760076 1182
0.760076 1181
0.760076 1180
0.760076 1179
0.760076 1178
0.760076 1177
0.760076 1176
0.760076 1175
0.760076 1174
0.760076 1173
0.760076 1172
0.760076 1171
0.760076 1170
0.760076 1169
0.760076 1168
0.760076 1167
0.760076 1166
0.760076 1165
0.760076 1164
0.760076 1163
0.760076 1162
0.760076 1161
0.759982 1160
0.759982 1159
0.759982 1158
0.759982 1157
0.759982 1156
0.759982 1155
0.759982 1154
0.759982 1153
0.759982 1152
0.759982 1151
0.759982 1150
0.759982 1149
0.759982 1148
0.759982 1147
0.759982 1146
0.759982 1145
0.759836 1145
0.759836 1144
0.759836 1143
0.759836 1142
0.759836 1141
0.759836 1140
0.759836 1139
0.759836 1138
0.759836 1137
0.759836 1136
0.759836 1135
0.759836 1134
0.759711 1134
0.759711 1133
0.759711 1132
0.759711 1131
0.759711 1130
0.759711 1129
0.759711 1128
0.759711 1127
0.759564 1127
0.759564 1126
0.759564 1125
0.759564 1124
0.759564 1123
0.759564 1122
0.759452 1122
0.759452 1121
0.759452 1120
0.759452 1119
0.759452 1118
0.759452 1117
0.759452 1116
0.759452 1115
0.759452 1114
0.759452 1113
0.759452 1112
0.759452 1111
0.759452 1110
0.759452 1109
0.759452 1108
0.759452 1107
0.759452 1106
0.759452 1105
0.759452 1104
0.759452 1103
0.759452 1102
0.759452 1101
0.759452 1100
0.759452 1099
0.759324 1099
0.759324 1098
0.759324 1097
0.759324 1096
0.759324 1095
0.759324 1094
0.759324 1093
0.759324 1092
0.759324 1091
0.759324 1090
0.759324 1089
0.759324 1088
0.759324 1087
0.759324 1086
0.759324 1085
0.759324 1084
0.759324 1083
0.759324 1082
0.759324 1081
0.759324 1080
0.759324 1079
0.759324 1078
0.759324 1077
0.759324 1076
0.759324 1075
0.759324 1074
0.759324 1073
0.759324 1072
0.759324 1071
0.759324 1070
0.759324 1069
0.759324 1068
0.759324 1067
0.759324 1066
0.759324 1065
0.759324 1064
0.759324 1063
0.759324 1062
0.759324 1061
0.759324 1060
0.759324 1059
0.759324 1058
0.759324 1057
0.759324 1056
0.759324 1055
0.759324 1054
0.759324 1053
0.759324 1052
0.759178 1052
0.759178 1051
0.759178 1050
0.759178 1049
0.759178 1048
0.759178 1047
0.759178 1046
0.759178 1045
0.759178 1044
0.759178 1043
0.759178 1042
0.759178 1041
0.759178 1040
0.759178 1039
0.759178 1038
0.759178 1037
0.759178 1036
0.759178 1035
0.759178 1034
0.759178 1033
0.759178 1032
0.759178 1031
0.759178 1030
0.759178 1029
0.759178 1028
0.759178 1027
0.759178 1026
0.759178 1025
0.759178 1024
0.759178 1023
0.759178 1022
0.759178 1021
0.759038 1021
0.759038 1020
0.759038 1019
0.759038 1018
0.759038 1017
0.759038 1016
0.759038 1015
0.759038 1014
0.759038 1013
0.759038 1012
0.759038 1011
0.758939 1011
0.758939 1010
0.758939 1009
0.758939 1008
0.758939 1007
0.758939 1006
0.758858 1006
0.758858 1005
0.758858 1004
0.758858 1003
0.758858 1002
0.758858 1001
0.758858 1000
0.758858 999
0.758858 998
0.758697 998
0.758697 997
0.758697 996
0.758697 995
0.758697 994
0.758697 993
0.758697 992
0.758697 991
0.758697 990
0.758697 989
0.758697 988
0.758697 987
0.758697 986
0.758697 985
0.758697 984
0.758697 983
0.758697 982
0.758697 981
0.758697 980
0.758697 979
0.758569 979
0.758569 978
0.758569 977
0.758569 976
0.758569 975
0.758569 974
0.758569 973
0.758427 973
0.758427 972
0.758427 971
0.758427 970
0.758427 969
0.758285 969
0.758285 968
0.758285 967
0.758285 966
0.758285 965
0.758285 964
0.758285 963
0.758285 962
0.758285 961
0.758285 960
0.758285 959
0.758285 958
0.758285 957
0.758285 956
0.758285 955
0.758285 954
0.758285 953
0.758285 952
0.758285 951
0.758285 950
0.758285 949
0.758285 948
0.758285 947
0.758285 946
0.758285 945
0.758285 944
0.758285 943
0.758285 942
0.758285 941
0.758285 940
0.758285 939
0.758285 938
0.758285 937
0.758285 936
0.758285 935
0.758285 934
0.758285 933
0.758285 932
0.758285 931
0.758207 930
0.758207 929
0.758207 928
0.758207 927
0.758207 926
0.758207 925
0.758207 924
0.758207 923
0.758207 922
0.758207 921
0.758207 920
0.758207 919
0.758207 918
0.758207 917
0.758207 916
0.758207 915
0.758207 914
0.758207 913
0.758207 912
0.758207 911
0.758066 911
0.758066 910
0.758066 909
0.757945 909
0.757945 908
0.757945 907
0.757945 906
0.757945 905
0.757945 904
0.757787 904
0.757787 903
0.75764 903
0.75764 902
0.75764 901
0.75764 900
0.75764 899
0.75764 898
0.75764 897
0.757476 897
0.757476 896
0.757383 895
0.757383 894
0.757383 893
0.757383 892
0.757383 891
0.757383 890
0.757311 889
0.757311 888
0.757311 887
0.757311 886
0.757311 885
0.757311 884
0.757311 883
0.757311 882
0.757311 881
0.757311 880
0.757311 879
0.757311 878
0.757311 877
0.757311 876
0.757311 875
0.757311 874
0.757311 873
0.757311 872
0.757311 871
0.757311 870
0.757311 869
0.757311 868
0.757311 867
0.757311 866
0.757311 865
0.757311 864
0.757182 864
0.757182 863
0.757182 862
0.757182 861
0.757182 860
0.757182 859
0.757034 859
0.757034 858
0.757034 857
0.757034 856
0.757034 855
0.757034 854
0.757034 853
0.757034 852
0.757034 851
0.757034 850
0.757034 849
0.757034 848
0.757034 847
0.757034 846
0.757034 845
0.757034 844
0.757034 843
0.757034 842
0.757034 841
0.757034 840
0.757034 839
0.757034 838
0.757034 837
0.757034 836
0.757034 835
0.757034 834
0.757034 833
0.757034 832
0.757034 831
0.757034 830
0.757034 829
0.757034 828
0.757034 827
0.757034 826
0.757034 825
0.757034 824
0.757034 823
0.756941 822
0.756941 821
0.756941 820
0.756941 819
0.756941 818
0.756941 817
0.756941 816
0.756941 815
0.756941 814
0.756941 813
0.756941 812
0.756941 811
0.756941 810
0.756941 809
0.756941 808
0.756796 808
0.756796 807
0.756796 806
0.756796 805
0.756796 804
0.756796 803
0.756796 802
0.756796 801
0.756796 800
0.756796 799
0.756796 798
0.756796 797
0.756796 796
0.756796 795
0.756796 794
0.756796 793
0.756796 792
0.756796 791
0.756796 790
0.756796 789
0.756796 788
0.756796 787
0.756796 786
0.756796 785
0.756796 784
0.756796 783
0.756796 782
0.756796 781
0.756796 780
0.756796 779
0.756692 779
0.756692 778
0.756692 777
0.756692 776
0.756692 775
0.756692 774
0.756692 773
0.756692 772
0.756692 771
0.756692 770
0.756692 769
0.756692 768
0.756692 767
0.756692 766
0.756692 765
0.756692 764
0.756601 763
0.756601 762
0.756601 761
0.7566 760
0.7566 759
0.7566 758
0.756532 758
0.756532 757
0.756532 756
0.756425 756
0.756425 755
0.756425 754
0.756425 753
0.756425 752
0.756425 751
0.756425 750
0.756425 749
0.756425 748
0.756425 747
0.756425 746
0.756425 745
0.756425 744
0.756273 744
0.756273 743
0.756273 742
0.756273 741
0.756273 740
0.756273 739
0.756273 738
0.756273 737
0.756273 736
0.756273 735
0.756273 734
0.756273 733
0.75617 733
0.75617 732
0.75617 731
0.756036 731
0.756036 730
0.756036 729
0.756036 728
0.756036 727
0.756036 726
0.756036 725
0.755998 724
0.755998 723
0.755998 722
0.755998 721
0.755998 720
0.755868 720
0.755868 719
0.755868 718
0.755868 717
0.755868 716
0.755868 715
0.755868 714
0.755868 713
0.755868 712
0.755868 711
0.755868 710
0.755868 709
0.755868 708
0.755868 707
0.755868 706
0.755868 705
0.755868 704
0.755868 703
0.755856 702
0.755856 701
0.755856 700
0.755856 699
0.755856 698
0.755784 697
0.755702 696
0.755702 695
0.755702 694
0.755702 693
0.755702 692
0.755702 691
0.755702 690
0.755702 689
0.755702 688
0.755702 687
0.755702 686
0.755702 685
0.755702 684
0.755561 684
0.755561 683
0.755561 682
0.755561 681
0.755561 680
0.755431 680
0.755294 680
0.755294 679
0.755294 678
0.755294 677
0.755294 676
0.755171 676
0.75503 676
0.75503 675
0.75503 674
0.75503 673
0.75503 672
0.75503 671
0.75503 670
0.75503 669
0.75503 668
0.75503 667
0.75503 666
0.75503 665
0.75503 664
0.75503 663
0.75503 662
0.754925 662
0.754925 661
0.754925 660
0.754925 659
0.754925 658
0.754925 657
0.754797 657
0.754681 657
0.754681 656
0.754681 655
0.754681 654
0.754681 653
0.754681 652
0.754681 651
0.754681 650
0.754681 649
0.754681 648
0.754681 647
0.754681 646
0.754681 645
0.754681 644
0.754681 643
0.754681 642
0.754681 641
0.754681 640
0.754681 639
0.754681 638
0.754681 637
0.754548 637
0.754418 637
0.754276 637
0.754114 637
0.754114 636
0.754114 635
0.754114 634
0.754066 633
0.754066 632
0.754066 631
0.753918 631
0.753918 630
0.753918 629
0.753918 628
0.753767 628
0.753767 627
0.753767 626
0.753767 625
0.753767 624
0.753767 623
0.753713 622
0.753713 621
0.753713 620
0.753567 620
0.753567 619
0.753566 618
0.753566 617
0.753566 616
0.753566 615
0.753566 614
0.753566 613
0.753566 612
0.753512 611
0.753512 610
0.753373 610
0.753373 609
0.753373 608
0.753373 607
0.753373 606
0.753373 605
0.753332 604
0.753332 603
0.753332 602
0.753332 601
0.753332 600
0.753332 599
0.753181 599
0.753045 599
0.753045 598
0.753045 597
0.753045 596
0.753045 595
0.7529 595
0.7529 594
0.7529 593
0.7529 592
0.7529 591
0.7529 590
0.7529 589
0.7529 588
0.7529 587
0.7529 586
0.752791 586
0.752791 585
0.752791 584
0.752791 583
0.752791 582
0.752791 581
0.752791 580
0.752791 579
0.75266 579
0.75266 578
0.752528 578
0.752528 577
0.752374 577
0.752374 576
0.752374 575
0.752374 574
0.752374 573
0.752374 572
0.752374 571
0.752374 570
0.752374 569
0.752374 568
0.752245 568
0.752245 567
0.752085 567
0.752085 566
0.751954 566
0.751954 565
0.751954 564
0.751954 563
0.751954 562
0.751954 561
0.751954 560
0.751954 559
0.751954 558
0.751954 557
0.751954 556
0.751954 555
0.751954 554
0.751954 553
0.751954 552
0.751819 552
0.751819 551
0.751819 550
0.75168 550
0.75168 549
0.75168 548
0.75168 547
0.75168 546
0.75168 545
0.75168 544
0.75168 543
0.75168 542
0.75168 541
0.75168 540
0.75168 539
0.75168 538
0.751536 538
0.751536 537
0.751536 536
0.751434 536
0.751434 535
0.751434 534
0.751434 533
0.75141 532
0.751284 532
0.751284 531
0.751284 530
0.751284 529
0.751284 528
0.751284 527
0.751284 526
0.75114 526
0.75114 525
0.75114 524
0.75114 523
0.75114 522
0.75114 521
0.75114 520
0.75114 519
0.75114 518
0.75114 517
0.75114 516
0.750996 516
0.750996 515
0.750996 514
0.750996 513
0.750996 512
0.750996 511
0.750996 510
0.750996 509
0.750996 508
0.75084 508
0.75084 507
0.75084 506
0.75084 505
0.75084 504
0.75084 503
0.75084 502
0.75084 501
0.750729 501
0.750729 500
0.750729 499
0.750729 498
0.750729 497
0.750564 497
0.750564 496
0.750564 495
0.750564 494
0.750564 493
0.750456 493
0.750456 492
0.750456 491
0.750456 490
0.750456 489
0.750456 488
0.750456 487
0.750348 487
0.750348 486
0.750348 485
0.750348 484
0.750348 483
0.750206 483
0.750206 482
0.750206 481
0.750206 480
0.750206 479
0.750206 478
0.750206 477
0.750206 476
0.750206 475
0.750206 474
0.750206 473
0.750077 473
0.750077 472
0.750077 471
0.750077 470
0.750077 469
0.750077 468
0.750077 467
0.750077 466
0.750077 465
0.749963 465
0.749963 464
0.749963 463
0.749963 462
0.749963 461
0.749963 460
0.749963 459
0.749963 458
0.749963 457
0.749963 456
0.749841 456
0.749841 455
0.749841 454
0.749841 453
0.749841 452
0.749841 451
0.74984 450
0.749722 450
0.749722 449
0.749722 448
0.749722 447
0.749722 446
0.749612 446
0.749612 445
0.749612 444
0.749612 443
0.749448 443
0.749448 442
0.749448 441
0.749319 441
0.749319 440
0.749319 439
0.749319 438
0.749176 438
0.749023 438
0.749023 437
0.749023 436
0.748896 436
0.748896 435
0.748896 434
0.748896 433
0.748752 433
0.748752 432
0.748752 431
0.748629 431
0.748629 430
0.748629 429
0.748629 428
0.748535 427
0.748386 427
0.748285 427
0.748285 426
0.748285 425
0.748285 424
0.748285 423
0.748285 422
0.748161 422
0.748161 421
0.748161 420
0.748161 419
0.748002 419
0.747876 419
0.747725 419
0.747725 418
0.747725 417
0.747596 417
0.747596 416
0.747596 415
0.747596 414
0.747596 413
0.747596 412
0.747596 411
0.747444 411
0.747444 410
0.747444 409
0.747444 408
0.747435 407
0.747435 406
0.747435 405
0.747435 404
0.747293 404
0.747182 404
0.747182 403
0.747182 402
0.747075 402
0.747075 401
0.747075 400
0.747075 399
0.747075 398
0.747075 397
0.747075 396
0.747075 395
0.747075 394
0.747075 393
0.747075 392
0.746973 392
0.746845 392
0.746731 392
0.746731 391
0.746731 390
0.746606 390
0.746606 389
0.746493 389
0.746493 388
0.746493 387
0.746493 386
0.746493 385
0.74634 385
0.74634 384
0.74634 383
0.74634 382
0.74634 381
0.746228 381
0.746228 380
0.746228 379
0.746228 378
0.746228 377
0.746228 376
0.746228 375
0.746228 374
0.746228 373
0.746228 372
0.746228 371
0.746228 370
0.746228 369
0.746228 368
0.746228 367
0.746228 366
0.746228 365
0.746228 364
0.746137 363
0.745989 363
0.745989 362
0.745989 361
0.745989 360
0.745989 359
0.745989 358
0.745989 357
0.745989 356
0.745862 356
0.745723 356
0.74563 355
0.74563 354
0.74563 353
0.745489 353
0.745489 352
0.745489 351
0.745489 350
0.745355 350
0.745355 349
0.745234 349
0.745234 348
0.745234 347
0.745234 346
0.745234 345
0.745091 345
0.744941 345
0.744941 344
0.744941 343
0.744941 342
0.744802 342
0.744802 341
0.744664 341
0.744664 340
0.744664 339
0.744543 339
0.744391 339
0.744391 338
0.744391 337
0.744301 336
0.744301 335
0.744146 335
0.744146 334
0.74402 334
0.743879 334
0.743879 333
0.743879 332
0.743879 331
0.743879 330
0.743879 329
0.743739 329
0.743739 328
0.743739 327
0.743739 326
0.743739 325
0.743613 325
0.743613 324
0.743613 323
0.743613 322
0.743613 321
0.743519 321
0.743368 321
0.743241 321
0.743106 321
0.742988 321
0.742821 321
0.742677 321
0.742677 320
0.742677 319
0.742677 318
0.742553 318
0.742553 317
0.742553 316
0.742447 316
0.74231 316
0.74231 315
0.742183 315
0.742183 314
0.742038 314
0.742038 313
0.742038 312
0.742038 311
0.742038 310
0.741901 310
0.741901 309
0.741747 309
0.741747 308
0.741747 307
0.741747 306
0.741747 305
0.741747 304
0.741747 303
0.741747 302
0.74161 302
0.741485 302
0.741485 301
0.741485 300
0.741352 300
0.741272 299
0.741132 299
0.740995 299
0.740844 299
0.740724 299
0.740615 299
0.740615 298
0.740464 298
0.740464 297
0.740334 297
0.740215 297
0.740084 297
0.740084 296
0.740084 295
0.740084 294
0.740084 293
0.739937 293
0.739814 293
0.739709 293
0.739709 292
0.739552 292
0.739552 291
0.739552 290
0.739552 289
0.739552 288
0.739421 288
0.739273 288
0.739273 287
0.739273 286
0.739146 286
0.739024 286
0.739024 285
0.739024 284
0.739024 283
0.738875 283
0.738875 282
0.738731 282
0.738731 281
0.738593 281
0.738437 281
0.738437 280
0.738437 279
0.738437 278
0.738437 277
0.738437 276
0.738322 276
0.738322 275
0.738322 274
0.738322 273
0.738176 273
0.738047 273
0.738047 272
0.737888 272
0.737888 271
0.737888 270
0.737773 270
0.737773 269
0.737617 269
0.737509 269
0.737509 268
0.737509 267
0.737382 267
0.737382 266
0.737216 266
0.737216 265
0.737216 264
0.737216 263
0.737216 262
0.737216 261
0.737216 260
0.737216 259
0.737074 259
0.736937 259
0.736923 258
0.736923 257
0.736923 256
0.736923 255
0.736923 254
0.736923 253
0.736779 253
0.736779 252
0.736779 251
0.736651 251
0.736651 250
0.736651 249
0.736488 249
0.736346 249
0.736346 248
0.736346 247
0.736346 246
0.736228 246
0.736096 246
0.736096 245
0.736096 244
0.736096 243
0.736096 242
0.736096 241
0.735965 241
0.735812 241
0.735812 240
0.735812 239
0.735812 238
0.735812 237
0.735812 236
0.735666 236
0.735666 235
0.73554 235
0.73554 234
0.735399 234
0.735399 233
0.735399 232
0.735399 231
0.735399 230
0.735399 229
0.735116 230
0.735011 230
0.734887 230
0.734737 230
0.734737 229
0.734737 228
0.734737 227
0.734615 227
0.734615 226
0.734615 225
0.734364 225
0.734218 225
0.734072 225
0.733921 225
0.733808 225
0.73367 225
0.73367 224
0.73367 223
0.73367 222
0.73367 221
0.733541 221
0.733541 220
0.733451 219
0.73331 219
0.73331 218
0.733188 218
0.733188 217
0.733039 217
0.733026 216
0.732905 216
0.732763 216
0.732763 215
0.732618 215
0.732618 214
0.732618 213
0.732457 213
0.732313 213
0.732159 213
0.732159 212
0.732043 212
0.732043 211
0.731898 211
0.731898 210
0.731898 209
0.732047 207
0.732047 206
0.731918 206
0.731783 206
0.731783 205
0.731673 205
0.731559 205
0.73144 205
0.731298 205
0.731162 205
0.731013 205
0.731013 204
0.730856 204
0.730856 203
0.730856 202
0.730856 201
0.730856 200
0.730721 200
0.730588 200
0.730478 200
0.730478 199
0.730478 198
0.730478 197
0.730358 197
0.730212 197
0.730061 197
0.730061 196
0.72992 196
0.72992 195
0.729765 195
0.729619 195
0.729492 195
0.729346 195
0.729346 194
0.729346 193
0.729202 193
0.729202 192
0.729051 192
0.728899 192
0.728788 192
0.728788 191
0.728652 191
0.728652 190
0.728498 190
0.728498 189
0.728358 189
0.728358 188
0.728358 187
0.728237 187
0.728088 187
0.728088 186
0.72793 186
0.727792 186
0.727667 186
0.727667 185
0.727667 184
0.727547 184
0.727419 184
0.727282 184
0.727282 183
0.727163 183
0.727018 183
0.726868 183
0.726729 183
0.726729 182
0.726622 182
0.726622 181
0.726492 181
0.726348 181
0.726205 181
0.726067 181
0.725952 181
0.725952 180
0.725813 180
0.725813 179
0.725679 179
0.725542 179
0.725406 179
0.725261 179
0.725124 179
0.724965 179
0.724965 178
0.724843 178
0.724693 178
0.724556 178
0.724423 178
0.724423 177
0.724287 177
0.724146 177
0.724027 177
0.724027 176
0.723885 176
0.723885 175
0.723725 175
0.723633 174
0.723478 174
0.723478 173
0.723328 173
0.723188 173
0.723033 173
0.723033 172
0.722884 172
0.722736 172
0.722736 171
0.722736 170
0.722593 170
0.722593 169
0.722436 169
0.722293 169
0.722186 169
0.722036 169
0.721901 169
0.721901 168
0.721901 167
0.72177 167
0.72177 166
0.72177 165
0.721634 165
0.721634 164
0.721498 164
0.721498 163
0.72135 163
0.721225 163
0.721081 163
0.721081 162
0.720965 162
0.720817 162
0.720689 162
0.720553 162
0.720407 162
0.720265 162
0.720131 162
0.719978 162
0.719978 161
0.719848 161
0.719688 161
0.719532 161
0.719395 161
0.719395 160
0.719232 160
0.719232 159
0.719089 159
0.719089 158
0.719089 157
0.71893 157
0.718773 157
0.718622 157
0.718473 157
0.718321 157
0.718321 156
0.718321 155
0.718197 155
0.718197 154
0.718197 153
0.718197 152
0.718057 152
0.717908 152
0.717908 151
0.717822 150
0.717687 150
0.717539 150
0.717539 149
0.717411 149
0.717295 149
0.717147 149
0.717147 148
0.716984 148
0.716847 148
0.716847 147
0.716847 146
0.716847 145
0.716847 144
0.716847 143
0.716704 143
0.716576 143
0.716431 143
0.716275 143
0.716275 142
0.716275 141
0.716275 140
0.716129 140
0.716013 140
0.715859 140
0.715708 140
0.715569 140
0.715428 140
0.715428 139
0.715428 138
0.71527 138
0.71527 137
0.71527 136
0.71527 135
0.715147 135
0.715147 134
0.715147 133
0.714994 133
0.714881 133
0.714764 133
0.714634 133
0.714634 132
0.714634 131
0.714503 131
0.714361 131
0.714209 131
0.714209 130
0.714065 130
0.713919 130
0.71377 130
0.71377 129
0.713619 129
0.713467 129
0.713467 128
0.713323 128
0.713172 128
0.713172 127
0.713031 127
0.712912 127
0.71276 127
0.712629 127
0.712495 127
0.712343 127
0.712206 127
0.712063 127
0.711906 127
0.71175 127
0.711612 127
0.711464 127
0.7113 127
0.71116 127
0.71116 126
0.711023 126
0.711023 125
0.710882 125
0.71075 125
0.710601 125
0.710451 125
0.710296 125
0.710185 125
0.710185 124
0.710036 124
0.709916 124
0.709773 124
0.709632 124
0.70949 124
0.709344 124
0.709198 124
0.709101 124
0.708976 124
0.708831 124
0.708675 124
0.708549 124
0.708405 124
0.708255 124
0.708108 124
0.708108 123
0.70796 123
0.70781 123
0.70767 123
0.70767 122
0.707532 122
0.707401 122
0.707401 121
0.707242 121
0.707242 120
0.707123 120
0.706989 120
0.706855 120
0.706692 120
0.706692 119
0.706692 118
0.706557 118
0.7064 118
0.706276 118
0.706136 118
0.705993 118
0.705877 118
0.705734 118
0.705585 118
0.705585 117
0.705444 117
0.705444 116
0.705301 116
0.705301 115
0.705301 114
0.705301 113
0.705145 113
0.705145 112
0.705145 111
0.705007 111
0.704874 111
0.704707 111
0.704561 111
0.704429 111
0.70414 111
0.704026 111
0.703881 111
0.703732 111
0.703596 111
0.703453 111
0.703309 111
0.703309 110
0.703309 109
0.70315 109
0.70315 108
0.703011 108
0.702886 108
0.702737 108
0.702594 108
0.702594 107
0.702466 107
0.702315 107
0.702163 107
0.702041 107
0.701903 107
0.701903 106
0.701749 106
0.701621 106
0.70147 106
0.701334 106
0.701183 106
0.701027 106
0.700898 106
0.700751 106
0.70063 106
0.70063 105
0.70063 104
0.700473 104
0.700335 104
0.700205 104
0.700205 103
0.700205 102
0.700053 102
0.700053 101
0.700053 100
0.699906 100
0.699788 100
0.699788 99
0.699635 99
0.699482 99
0.699323 99
0.699179 99
0.699034 99
0.698883 99
0.698883 98
0.698754 98
0.698599 98
0.698566 97
0.698566 96
0.698434 96
0.698285 96
0.698162 96
0.698013 96
0.697855 96
0.6977 96
0.697568 96
0.697568 95
0.697434 95
0.697282 95
0.697162 95
0.697088 94
0.697088 93
0.697088 92
0.69696 92
0.696824 92
0.696729 91
0.696572 91
0.696423 91
0.696279 91
0.696279 90
0.696125 90
0.695977 90
0.695851 90
0.695693 90
0.695539 90
0.695539 89
0.695385 89
0.69525 89
0.695092 89
0.694935 89
0.69479 89
0.694641 89
0.694641 88
0.694487 88
0.694339 88
0.694184 88
0.694039 88
0.693894 88
0.693733 88
0.693602 88
0.693602 87
0.693602 86
0.693602 85
0.693455 85
0.69332 85
0.693194 85
0.693076 85
0.693076 84
0.692931 84
0.692782 84
0.692652 84
0.692496 84
0.692496 83
0.692378 83
0.692225 83
0.69206 83
0.691927 83
0.691786 83
0.691786 82
0.691645 82
0.691493 82
0.691337 82
0.691206 82
0.691055 82
0.690897 82
0.690897 81
0.690897 80
0.690742 80
0.690582 80
0.690454 80
0.690331 80
0.690331 79
0.690189 79
0.690039 79
0.690039 78
0.689885 78
0.689737 78
0.689737 77
0.689579 77
0.689425 77
0.68928 77
0.689152 77
0.689003 77
0.688855 77
0.688705 77
0.688555 77
0.688407 77
0.688291 77
0.68815 77
0.688006 77
0.687865 77
0.687745 77
0.687601 77
0.687453 77
0.6873 77
0.687155 77
0.687013 77
0.686887 77
0.686728 77
0.686575 77
0.68643 77
0.686297 77
0.686143 77
0.685995 77
0.685828 77
0.685828 76
0.685828 75
0.685671 75
0.685517 75
0.685393 75
0.685256 75
0.685092 75
0.684957 75
0.684957 74
0.684957 73
0.684817 73
0.684667 73
0.68451 73
0.68436 73
0.684214 73
0.684113 73
0.684113 72
0.683946 72
0.683785 72
0.683638 72
0.683489 72
0.68335 72
0.683198 72
0.683065 72
0.683065 71
0.682914 71
0.68278 71
0.682687 70
0.682536 70
0.682381 70
0.682381 69
0.682231 69
0.682078 69
0.681937 69
0.68178 69
0.68163 69
0.681474 69
0.681316 69
0.681173 69
0.681173 68
0.681014 68
0.681014 67
0.680864 67
0.680709 67
0.680709 66
0.680577 66
0.680428 66
0.680282 66
0.680126 66
0.679972 66
0.679822 66
0.679668 66
0.679499 66
0.679365 66
0.679231 66
0.679231 65
0.67909 65
0.678939 65
0.67882 65
0.678655 65
0.678498 65
0.678359 65
0.678211 65
0.678071 65
0.677921 65
0.677775 65
0.677676 65
0.677534 65
0.677534 64
0.677534 63
0.677389 63
0.677389 62
0.677241 62
0.677241 61
0.677081 61
0.676923 61
0.67677 61
0.676617 61
0.676486 61
0.676361 61
0.676223 61
0.676066 61
0.675945 61
0.675823 61
0.675663 61
0.67554 61
0.675389 61
0.675389 60
0.675259 60
0.675122 60
0.67497 60
0.67482 60
0.674685 60
0.674528 60
0.674518 59
0.674361 59
0.674195 59
0.67403 59
0.673883 59
0.67373 59
0.67357 59
0.67357 58
0.673427 58
0.673282 58
0.673139 58
0.673139 57
0.673003 57
0.672849 57
0.672687 57
0.672539 57
0.672385 57
0.672229 57
0.672081 57
0.671927 57
0.671778 57
0.671778 56
0.671675 56
0.671529 56
0.671394 56
0.671249 56
0.67111 56
0.670953 56
0.670804 56
0.670672 56
0.670535 56
0.670389 56
0.670389 55
0.670389 54
0.670237 54
0.670091 54
0.670091 53
0.669932 53
0.669787 53
0.669633 53
0.66951 53
0.66939 53
0.66939 52
0.669253 52
0.669105 52
0.668949 52
0.668804 52
0.668657 52
0.668505 52
0.668369 52
0.668213 52
0.668062 52
0.667907 52
0.667765 52
0.667612 52
0.667459 52
0.667331 52
0.66723 52
0.667074 52
0.666943 52
0.666802 52
0.666802 51
0.666652 51
0.666531 51
0.666521 50
0.666363 50
0.666212 50
0.666058 50
0.666058 49
0.665905 49
0.665755 49
0.665614 49
0.665476 49
0.66519 49
0.665033 49
0.664881 49
0.664714 49
0.664555 49
0.664414 49
0.664254 49
0.664254 48
0.664101 48
0.66395 48
0.663807 48
0.663658 48
0.663503 48
0.663355 48
0.663202 48
0.663048 48
0.662907 48
0.662767 48
0.662646 48
0.662499 48
0.662368 48
0.662225 48
0.662086 48
0.661944 48
0.661794 48
0.661648 48
0.661497 48
0.66134 48
0.661199 48
0.661199 47
0.661199 46
0.661072 46
0.660919 46
0.660778 46
0.660651 46
0.660651 45
0.660519 45
0.660377 45
0.660243 45
0.660243 44
0.660243 43
0.660078 43
0.659977 43
0.65982 43
0.659676 43
0.659521 43
0.659385 43
0.65923 43
0.659098 43
0.658947 43
0.658791 43
0.658652 43
0.658652 42
0.658511 42
0.658354 42
0.658193 42
0.658054 42
0.657899 42
0.657748 42
0.657594 42
0.657594 41
0.657473 41
0.657317 41
0.657161 41
0.657039 41
0.656918 41
0.656753 41
0.65661 41
0.65646 41
0.656306 41
0.656202 41
0.65605 41
0.655898 41
0.655775 41
0.655652 41
0.655511 41
0.655361 41
0.655209 41
0.655209 40
0.655061 40
0.654935 40
0.654935 39
0.654798 39
0.654639 39
0.654639 38
0.654498 38
0.654363 38
0.65422 38
0.654071 38
0.653928 38
0.653796 38
0.653653 38
0.65352 38
0.65338 38
0.653217 38
0.653077 38
0.652944 38
0.652788 38
0.652632 38
0.652502 38
0.652351 38
0.652204 38
0.652054 38
0.651902 38
0.651749 38
0.651626 38
0.651475 38
0.651475 37
0.651315 37
0.651156 37
0.651005 37
0.650852 37
0.650729 37
0.650569 37
0.650412 37
0.650297 37
0.650138 37
0.650012 37
0.649891 37
0.649762 37
0.64961 37
0.649466 37
0.649329 37
0.649188 37
0.649038 37
0.649038 36
0.648881 36
0.648745 36
0.648606 36
0.648606 35
0.648475 35
0.648332 35
0.648178 35
0.648021 35
0.647859 35
0.647728 35
0.647603 35
0.647463 35
0.647317 35
0.647317 34
0.647168 34
0.647168 33
0.647029 33
0.646875 33
0.646716 33
0.646578 33
0.646438 33
0.646289 33
0.646144 33
0.646007 33
0.645871 33
0.645725 33
0.64557 33
0.645446 33
0.645294 33
0.645147 33
0.645004 33
0.644852 33
0.644702 33
0.644702 32
0.644562 32
0.644403 32
0.64428 32
0.644123 32
0.643974 32
0.643852 32
0.643688 32
0.643541 32
0.643384 32
0.643246 32
0.643093 32
0.64295 32
0.64295 31
0.64295 30
0.642799 30
0.642651 30
0.642494 30
0.642347 30
0.642199 30
0.642039 30
0.641886 30
0.641738 30
0.641588 30
0.64144 30
0.641316 30
0.641167 30
0.641018 30
0.64086 30
0.640711 30
0.640559 30
0.640409 30
0.640264 30
0.640123 30
0.639991 30
0.639991 29
0.639843 29
0.639712 29
0.639575 29
0.639422 29
0.639289 29
0.63916 29
0.639009 29
0.638846 29
0.63871 29
0.638579 29
0.638423 29
0.638291 29
0.638281 28
0.63812 28
0.637977 28
0.637841 28
0.637712 28
0.637562 28
0.637445 28
0.637296 28
0.637151 28
0.637002 28
0.636874 28
0.636752 28
0.636595 28
0.636434 28
0.636284 28
0.636148 28
0.636005 28
0.635847 28
0.635702 28
0.635553 28
0.635431 28
0.635289 28
0.635153 28
0.635004 28
0.634845 28
0.63469 28
0.63455 28
0.63455 27
0.634397 27
0.634249 27
0.634129 27
0.633987 27
0.633845 27
0.633706 27
0.63354 27
0.633389 27
0.633236 27
0.633079 27
0.632939 27
0.632804 27
0.632804 26
0.632669 26
0.632543 26
0.632401 26
0.632261 26
0.632261 25
0.632108 25
0.631962 25
0.631831 25
0.631704 25
0.631585 25
0.631451 25
0.631304 25
0.631149 25
0.631007 25
0.63085 25
0.6307 25
0.630545 25
0.63039 25
0.630234 25
0.630076 25
0.629941 25
0.629781 25
0.629627 25
0.629471 25
0.629348 25
0.629194 25
0.629031 25
0.628879 25
0.628723 25
0.628569 25
0.628427 25
0.628278 25
0.628138 25
0.628004 25
0.627859 25
0.627717 25
0.627566 25
0.627418 25
0.627418 24
0.62725 24
0.627104 24
0.62695 24
0.626795 24
0.626643 24
0.626492 24
0.626351 24
0.626196 24
0.626046 24
0.625893 24
0.625738 24
0.62559 24
0.625437 24
0.625282 24
0.62513 24
0.624968 24
0.624825 24
0.624687 24
0.624531 24
0.624393 24
0.624243 24
0.624098 24
0.623949 24
0.623803 24
0.623664 24
0.623523 24
0.623383 24
0.623235 24
0.623073 24
0.62292 24
0.62292 23
0.622763 23
0.622608 23
0.622446 23
0.622314 23
0.622156 23
0.62201 23
0.621854 23
0.621703 23
0.621557 23
0.621415 23
0.621247 23
0.621104 23
0.620953 23
0.620795 23
0.620657 23
0.620497 23
0.620343 23
0.620194 23
0.620041 23
0.619884 23
0.619727 23
0.619579 23
0.619434 23
0.619302 23
0.619153 23
0.619002 23
0.618868 23
0.618714 23
0.618544 23
0.618393 23
0.618241 23
0.618087 23
0.617951 23
0.617951 22
0.617833 22
0.617672 22
0.617501 22
0.617352 22
0.617203 22
0.617043 22
0.616938 22
0.616784 22
0.61663 22
0.616496 22
0.616362 22
0.616208 22
0.616208 21
0.616048 21
0.61591 21
0.615778 21
0.615634 21
0.615478 21
0.61532 21
0.615168 21
0.61501 21
0.614856 21
0.614698 21
0.614554 21
0.614407 21
0.61426 21
0.614117 21
0.613998 21
0.613848 21
0.613706 21
0.613569 21
0.613407 21
0.613245 21
0.613091 21
0.612938 21
0.612788 21
0.612642 21
0.612483 21
0.612327 21
0.612185 21
0.612026 21
0.611872 21
0.611718 21
0.611574 21
0.611437 21
0.611284 21
0.611126 21
0.610973 21
0.610819 21
0.610668 21
0.610546 21
0.610392 21
0.610239 21
0.610093 21
0.609928 21
0.609771 21
0.609615 21
0.609469 21
0.609321 21
0.609162 21
0.609012 21
0.608856 21
0.60872 21
0.608568 21
0.608424 21
0.60827 21
0.608111 21
0.607959 21
0.607809 21
0.607662 21
0.607516 21
0.607378 21
0.607085 21
0.606927 21
0.606927 20
0.606773 20
0.606613 20
0.606462 20
0.606312 20
0.606155 20
0.606007 20
0.605852 20
0.605702 20
0.605545 20
0.605387 20
0.605247 20
0.605097 20
0.604971 20
0.604824 20
0.604677 20
0.604519 20
0.604365 20
0.604215 20
0.604055 20
0.603936 20
0.603793 20
0.603644 20
0.603503 20
0.603344 20
0.603184 20
0.603051 20
0.602893 20
0.602737 20
0.602588 20
0.602434 20
0.602288 20
0.60212 20
0.60196 20
0.601809 20
0.601659 20
0.601508 20
0.601508 19
0.601368 19
0.601219 19
0.601082 19
0.600932 19
0.600782 19
0.600626 19
0.600473 19
0.600336 19
0.600181 19
0.600022 19
0.599872 19
0.599731 19
0.599577 19
0.599417 19
0.599272 19
0.599113 19
0.598958 19
0.598809 19
0.598686 19
0.598538 19
0.598378 19
0.598223 19
0.598068 19
0.59794 19
0.597782 19
0.59764 19
0.597484 19
0.597337 19
0.597034 19
0.596895 19
0.596755 19
0.596611 19
0.596482 19
0.596328 19
0.596184 19
0.596033 19
0.595883 19
0.595734 19
0.595599 19
0.59545 19
0.595302 19
0.595167 19
0.59502 19
0.594887 19
0.59473 19
0.594572 19
0.594417 19
0.59427 19
0.594143 19
0.59399 19
0.593832 19
0.593687 19
0.59353 19
0.593393 19
0.593236 19
0.593101 19
0.592958 19
0.592829 19
0.592671 19
0.592523 19
0.59237 19
0.59223 19
0.592075 19
0.591927 19
0.59177 19
0.591635 19
0.591542 18
0.591542 17
0.591436 17
0.591298 17
0.591164 17
0.59101 17
0.590859 17
0.590705 17
0.59055 17
0.590394 17
0.590394 16
0.590242 16
0.590093 16
0.589939 16
0.589784 16
0.589614 16
0.589497 16
0.589344 16
0.5892 16
0.589048 16
0.588928 16
0.588809 16
0.588661 16
0.588517 16
0.58836 16
0.588222 16
0.588078 16
0.587923 16
0.587773 16
0.587627 16
0.587459 16
0.587309 16
0.587179 16
0.587029 16
0.586879 16
0.586731 16
0.586577 16
0.586426 16
0.586271 16
0.586132 16
0.585975 16
0.585823 16
0.585667 16
0.585519 16
0.585381 16
0.585228 16
0.585092 16
0.584937 16
0.584789 16
0.58465 16
0.58449 16
0.584343 16
0.584197 16
0.584048 16
0.583918 16
0.583771 16
0.583615 16
0.583466 16
0.583303 16
0.583156 16
0.583018 16
0.582863 16
0.582723 16
0.582559 16
0.582398 16
0.582239 16
0.582078 16
0.58193 16
0.581772 16
0.581623 16
0.581471 16
0.581312 16
0.581165 16
0.581013 16
0.58088 16
0.58072 16
0.580587 16
0.580465 16
0.580306 16
0.580153 16
0.580012 16
0.579874 16
0.579733 16
0.579595 16
0.579452 16
0.579299 16
0.579151 16
0.579013 16
0.578857 16
0.578712 16
0.57856 16
0.578406 16
0.578258 16
0.578112 16
0.577961 16
0.577803 16
0.577644 16
0.577499 16
0.577499 15
0.577352 15
0.577197 15
0.577038 15
0.576899 15
0.576755 15
0.576596 15
0.576453 15
0.576302 15
0.576145 15
0.575985 15
0.57584 15
0.57569 15
0.575537 15
0.575403 15
0.575253 15
0.575102 15
0.574945 15
0.574791 15
0.57466 15
0.574515 15
0.57436 15
0.574269 14
0.574109 14
0.573951 14
0.573796 14
0.573654 14
0.573501 14
0.573354 14
0.573204 14
0.573046 14
0.572907 14
0.572907 13
0.57275 13
0.572598 13
0.572439 13
0.572288 13
0.572137 13
0.571994 13
0.571839 13
0.571679 13
0.571527 13
0.571369 13
0.571225 13
0.571071 13
0.57092 13
0.570787 13
0.570634 13
0.570483 13
0.570341 13
0.570185 13
0.570044 13
0.569899 13
0.569746 13
0.569592 13
0.569432 13
0.569288 13
0.569138 13
0.568983 13
0.568826 13
0.568677 13
0.568527 13
0.568416 13
0.568265 13
0.568116 13
0.567955 13
0.567796 13
0.567674 13
0.567529 13
0.56737 13
0.567214 13
0.566912 13
0.566912 12
0.566764 12
0.566608 12
0.566454 12
0.566306 12
0.566149 12
0.566003 12
0.56585 12
0.565691 12
0.56554 12
0.565401 12
0.565262 12
0.565119 12
0.564969 12
0.564808 12
0.564665 12
0.564523 12
0.564375 12
0.564222 12
0.564064 12
0.563935 12
0.563802 12
0.563653 12
0.563501 12
0.563367 12
0.563215 12
0.56306 12
0.562899 12
0.562757 12
0.562608 12
0.562449 12
0.562306 12
0.562153 12
0.562006 12
0.561866 12
0.561717 12
0.561567 12
0.561426 12
0.561266 12
0.561109 12
0.560983 12
0.560823 12
0.560667 12
0.56051 12
0.56036 12
0.560212 12
0.560072 12
0.559919 12
0.559758 12
0.559605 12
0.559447 12
0.559298 12
0.559141 12
0.558997 12
0.558854 12
0.558731 12
0.558586 12
0.558448 12
0.558321 12
0.558189 12
0.558034 12
0.557734 12
0.557579 12
0.557438 12
0.557277 12
0.55712 12
0.556962 12
0.55681 12
0.556656 12
0.556505 12
0.556352 12
0.55621 12
0.556053 12
0.555898 12
0.555774 12
0.555627 12
0.555469 12
0.555313 12
0.555166 12
0.555006 12
0.554854 12
0.554698 12
0.55455 12
0.554397 12
0.554237 12
0.554081 12
0.553944 12
0.553801 12
0.553663 12
0.553513 12
0.553361 12
0.553218 12
0.553063 12
0.552911 12
0.552762 12
0.552614 12
0.552448 12
0.552294 12
0.552133 12
0.551979 12
0.551832 12
0.55169 12
0.551543 12
0.55139 12
0.551233 12
0.551072 12
0.550939 12
0.55079 12
0.55064 12
0.550483 12
0.550323 12
0.550172 12
0.550172 11
0.550017 11
0.549868 11
0.549714 11
0.549568 11
0.549419 11
0.549269 11
0.549123 11
0.548971 11
0.548822 11
0.54867 11
0.548524 11
0.548386 11
0.54823 11
0.548082 11
0.547945 11
0.547786 11
0.547642 11
0.547489 11
0.547351 11
0.547213 11
0.547072 11
0.546921 11
0.546763 11
0.546612 11
0.546455 11
0.546308 11
0.54615 11
0.546005 11
0.545852 11
0.545705 11
0.545705 10
0.545559 10
0.545405 10
0.545259 10
0.5451 10
0.544788 10
0.544636 10
0.544478 10
0.544344 10
0.544186 10
0.544058 10
0.543908 10
0.543749 10
0.543595 10
0.54347 10
0.543336 10
0.543181 10
0.543025 10
0.54287 10
0.542716 10
0.542571 10
0.542433 10
0.542294 10
0.542136 10
0.541964 10
0.541812 10
0.541659 10
0.541495 10
0.54134 10
0.541181 10
0.541049 10
0.540893 10
0.540737 10
0.54058 10
0.540426 10
0.540289 10
0.540164 10
0.54002 10
0.539868 10
0.539703 10
0.539548 10
0.539397 10
0.539251 10
0.539091 10
0.538934 10
0.53878 10
0.538625 10
0.538473 10
0.538318 10
0.538161 10
0.538015 10
0.537866 10
0.537706 10
0.537564 10
0.537408 10
0.537257 10
0.537103 10
0.536949 10
0.536807 10
0.536652 10
0.536496 10
0.536361 10
0.536209 10
0.536051 10
0.535906 10
0.535777 10
0.535637 10
0.53549 10
0.535336 10
0.535187 10
0.535027 10
0.534871 10
0.534729 10
0.534575 10
0.534433 10
0.534317 10
0.534164 10
0.534024 10
0.533872 10
0.533719 10
0.533567 10
0.533414 10
0.533263 10
0.533104 10
0.53295 10
0.532815 10
0.532662 10
0.532511 10
0.532368 10
0.532224 10
0.532081 10
0.531943 10
0.531786 10
0.531638 10
0.531484 10
0.531325 10
0.53117 10
0.53101 10
0.530853 10
0.530703 10
0.530553 10
0.530416 10
0.530269 10
0.530117 10
0.529982 10
0.529827 10
0.529671 10
0.529518 10
0.529366 10
0.529205 10
0.529047 10
0.528887 10
0.528743 10
0.528594 10
0.528443 10
0.528294 10
0.528147 10
0.527996 10
0.527846 10
0.527692 10
0.527549 10
0.527405 10
0.527248 10
0.527094 10
0.52694 10
0.526799 10
0.526663 10
0.526513 10
0.52638 10
0.526239 10
0.526089 10
0.525932 10
0.525775 10
0.525623 10
0.525484 10
0.525328 10
0.525177 10
0.525022 10
0.524865 10
0.524706 10
0.524706 9
0.524562 9
0.524413 9
0.524254 9
0.524095 9
0.523938 9
0.523795 9
0.523644 9
0.523491 9
0.52334 9
0.523181 9
0.523181 8
0.523042 8
0.522887 8
0.522737 8
0.522581 8
0.522428 8
0.52227 8
0.522117 8
0.521963 8
0.521811 8
0.521658 8
0.521501 8
0.521356 8
0.521204 8
0.521049 8
0.52089 8
0.520736 8
0.520577 8
0.520423 8
0.520276 8
0.520128 8
0.519978 8
0.519841 8
0.519691 8
0.519556 8
0.519415 8
0.519263 8
0.519119 8
0.518963 8
0.51881 8
0.518656 8
0.518501 8
0.518361 8
0.51821 8
0.517912 8
0.517758 8
0.517599 8
0.517482 8
0.517327 8
0.517185 8
0.517033 8
0.516877 8
0.516732 8
0.516594 8
0.516447 8
0.516291 8
0.516139 8
0.516001 8
0.515859 8
0.515723 8
0.515583 8
0.515426 8
0.515271 8
0.515115 8
0.515115 7
0.514967 7
0.514815 7
0.514658 7
0.5145 7
0.514353 7
0.51422 7
0.514109 7
0.513954 7
0.513824 7
0.513824 6
0.513668 6
0.513512 6
0.513364 6
0.513209 6
0.513053 6
0.512915 6
0.512753 6
0.512609 6
0.512455 6
0.512303 6
0.512184 6
0.512023 6
0.511865 6
0.511715 6
0.5116 6
0.511443 6
0.511297 6
0.511142 6
0.510982 6
0.510827 6
0.510671 6
0.510532 6
0.510385 6
0.510232 6
0.510075 6
0.50993 6
0.509772 6
0.509616 6
0.509476 6
0.509319 6
0.509174 6
0.509017 6
0.50886 6
0.508707 6
0.508556 6
0.508401 6
0.508253 6
0.508096 6
0.507951 6
0.507809 6
0.507653 6
0.507504 6
0.507359 6
0.507207 6
0.507061 6
0.506909 6
0.506758 6
0.506625 6
0.506476 6
0.506318 6
0.50618 6
0.506035 6
0.505905 6
0.505757 6
0.505601 6
0.505449 6
0.505289 6
0.505135 6
0.504986 6
0.50483 6
0.504684 6
0.504527 6
0.504369 6
0.504225 6
0.504081 6
0.503924 6
0.503762 6
0.503615 6
0.503453 6
0.503301 6
0.503155 6
0.502997 6
0.50284 6
0.50269 6
0.502543 6
0.502386 6
0.502239 6
0.5021 6
0.501952 6
0.501796 6
0.50166 6
0.501517 6
0.501364 6
0.501211 6
0.501087 6
0.500929 6
0.500773 6
0.500616 6
0.500473 6
0.500322 6
0.500166 6
0.500013 6
0.499863 6
0.499708 6
0.499552 6
0.499417 6
0.499267 6
0.499102 6
0.498954 6
0.498787 6
0.498628 6
0.498333 6
0.498179 6
0.498022 6
0.497877 6
0.497725 6
0.497577 6
0.497448 6
0.497297 6
0.497143 6
0.496997 6
0.496868 6
0.496722 6
0.496563 6
0.496404 6
0.496262 6
0.496107 6
0.495952 6
0.49581 6
0.495651 6
0.495493 6
0.495352 6
0.4952 6
0.49504 6
0.494896 6
0.494744 6
0.494586 6
0.494434 6
0.494275 6
0.494118 6
0.493973 6
0.493816 6
0.493671 6
0.493521 6
0.493378 6
0.493219 6
0.493066 6
0.492907 6
0.492753 6
0.492597 6
0.492438 6
0.492284 6
0.492134 6
0.491976 6
0.491811 6
0.491654 6
0.491503 6
0.491355 6
0.491205 6
0.491055 6
0.490909 6
0.49075 6
0.490615 6
0.49047 6
0.490331 6
0.490186 6
0.490038 6
0.489887 6
0.489746 6
0.48959 6
0.489457 6
0.489322 6
0.489174 6
0.489174 5
0.48902 5
0.488863 5
0.488706 5
0.488551 5
0.488393 5
0.488233 5
0.48808 5
0.487919 5
0.487772 5
0.487619 5
0.48747 5
0.487313 5
0.487165 5
0.487009 5
0.486868 5
0.486868 4
0.486715 4
0.486575 4
0.486422 4
0.48627 4
0.486111 4
0.485969 4
0.485822 4
0.485674 4
0.485528 4
0.485528 3
0.48537 3
0.485227 3
0.485072 3
0.484915 3
0.484761 3
0.484609 3
0.484459 3
0.484315 3
0.48416 3
0.484003 3
0.483849 3
0.483691 3
0.483536 3
0.483387 3
0.483229 3
0.48307 3
0.482927 3
0.482775 3
0.482628 3
0.482474 3
0.482333 3
0.48219 3
0.482037 3
0.481891 3
0.481742 3
0.481586 3
0.481586 2
0.481431 2
0.481276 2
0.481134 2
0.48099 2
0.480838 2
0.4807 2
0.480551 2
0.480406 2
0.480256 2
0.480109 2
0.479952 2
0.479814 2
0.479643 2
0.479487 2
0.479175 2
0.479023 2
0.478862 2
0.478705 2
0.478553 2
0.478417 2
0.478267 2
0.478113 2
0.477958 2
0.477807 2
0.477676 2
0.47753 2
0.477372 2
0.477219 2
0.477072 2
0.476915 2
0.47677 2
0.476634 2
0.47648 2
0.476329 2
0.476178 2
0.47602 2
0.475868 2
0.475712 2
0.475567 2
0.475418 2
0.475273 2
0.475121 2
0.474965 2
0.474816 2
0.474677 2
0.474523 2
0.47438 2
0.474227 2
0.474077 2
0.473927 2
0.473775 2
0.473624 2
0.473336 2
0.473051 2
0.472899 2
0.472747 2
0.472597 2
0.47244 2
0.472303 2
0.472144 2
0.471992 2
0.471844 2
0.471693 2
0.471543 2
0.471397 2
0.471243 2
0.471089 2
0.470953 2
0.470793 2
0.470636 2
0.470491 2
0.470351 2
0.470193 2
0.470058 2
0.469907 2
0.469769 2
0.469622 2
0.469469 2
0.469317 2
0.46916 2
0.469006 2
0.468847 2
0.468693 2
0.468534 2
0.468379 2
0.468232 2
0.468081 2
0.468081 1
0.467931 1
0.467778 1
0.467624 1
0.467471 1
0.467311 1
0.467155 1
0.466997 1
0.466852 1
0.466697 1
0.466536 1
0.466387 1
0.466232 1
0.466075 1
0.465916 1
0.465758 1
0.465616 1
0.465454 1
0.465312 1
0.465173 1
0.465015 1
0.464856 1
0.464705 1
0.464556 1
0.464419 1
0.464267 1
0.46412 1
0.463972 1
0.463807 1
0.463692 1
0.463547 1
0.463393 1
0.463233 1
0.463081 1
0.462946 1
0.46279 1
0.46263 1
0.462493 1
0.462339 1
0.462184 1
0.462028 1
0.461872 1
0.461713 1
0.461561 1
0.461409 1
0.461257 1
0.4611 1
0.460946 1
0.460639 1
0.46049 1
0.46034 1
0.460181 1
0.460037 1
0.459881 1
0.459727 1
0.459579 1
0.459432 1
0.459275 1
0.459103 1
0.458947 1
0.458808 1
0.458655 1
0.458497 1
0.458347 1
0.458189 1
0.45804 1
0.457899 1
0.457753 1
0.457607 1
0.457475 1
0.457328 1
0.45717 1
0.457014 1
0.456873 1
0.456721 1
0.456441 1
0.456286 1
0.456126 1
0.455972 1
0.455825 1
0.455669 1
0.455506 1
0.455363 1
0.455218 1
0.455067 1
0.454924 1
0.454799 1
0.454654 1
0.454504 1
0.454382 1
0.45424 1
0.454099 1
0.453946 1
0.453805 1
0.453648 1
0.453513 1
0.453358 1
0.453208 1
0.453056 1
0.452921 1
0.452776 1
0.452618 1
0.452463 1
0.452308 1
0.452166 1
0.452015 1
0.451877 1
0.451714 1
0.451571 1
0.451406 1
0.451246 1
0.45109 1
0.450933 1
0.450775 1
0.450613 1
0.45047 1
0.450313 1
0.450157 1
0.450005 1
0.449848 1
0.449692 1
0.449545 1
0.449388 1
0.449258 1
0.449113 1
0.448961 1
0.448801 1
0.448648 1
0.448356 1
0.448249 1
0.447959 1
0.447802 1
0.447657 1
0.447498 1
0.44734 1
0.447183 1
0.447032 1
0.446883 1
0.446716 1
0.446559 1
0.446411 1
0.446253 1
0.446108 1
0.445964 1
0.445809 1
0.445656 1
0.445513 1
0.445361 1
0.445202 1
0.445064 1
0.444911 1
0.444755 1
0.444607 1
0.444452 1
0.444295 1
0.444154 1
0.443991 1
0.44383 1
0.443671 1
0.443517 1
0.443363 1
0.443213 1
0.443067 1
0.442915 1
0.442777 1
0.442622 1
0.442471 1
0.442314 1
0.442166 1
0.442008 1
0.441861 1
0.441712 1
0.441563 1
0.441421 1
0.441278 1
0.441132 1
0.440975 1
0.440818 1
0.440661 1
0.440507 1
0.440369 1
0.440218 1
0.440065 1
0.439931 1
0.439801 1
0.439647 1
0.439491 1
0.439359 1
0.439207 1
0.439055 1
0.438903 1
0.438744 1
0.43843 1
0.438294 1
0.438139 1
0.437982 1
0.437827 1
0.437675 1
0.437518 1
0.437373 1
0.437218 1
0.437064 1
0.436907 1
0.436756 1
0.436595 1
0.436445 1
0.436299 1
0.436146 1
0.435995 1
0.435849 1
0.435689 1
0.435532 1
0.435388 1
0.435233 1
0.435074 1
0.43494 1
0.434796 1
0.43464 1
0.434495 1
0.434344 1
0.43419 1
0.434035 1
0.433884 1
0.433717 1
0.433563 1
0.433409 1
0.433255 1
0.433111 1
0.432957 1
0.432803 1
0.43267 1
0.432517 1
0.432374 1
0.432215 1
0.432059 1
0.431914 1
0.431772 1
0.431622 1
0.431475 1
0.431327 1
0.43117 1
0.431018 1
0.43087 1
0.430721 1
0.430563 1
0.430423 1
0.430316 1
0.430164 1
0.430016 1
0.429883 1
0.429737 1
0.42961 1
0.429458 1
0.429298 1
0.42915 1
0.429019 1
0.428885 1
0.428729 1
0.428587 1
0.428442 1
0.428302 1
0.428143 1
0.427838 1
0.427694 1
0.427542 1
0.427405 1
0.427263 1
0.427118 1
0.426812 1
0.426658 1
0.426517 1
0.42637 1
0.426227 1
0.426069 1
0.425913 1
0.42576 1
0.425614 1
0.425466 1
0.425322 1
0.425177 1
0.425025 1
0.424884 1
0.424728 1
0.424584 1
0.42443 1
0.424275 1
0.424126 1
0.423968 1
0.423814 1
0.423654 1
0.423495 1
0.423346 1
0.423195 1
0.423067 1
0.422923 1
0.422798 1
0.422644 1
0.422332 1
0.42218 1
0.422031 1
0.421879 1
0.421725 1
0.42141 1
0.421244 1
0.421089 1
0.420946 1
0.420804 1
0.420654 1
0.420504 1
0.420345 1
0.420186 1
0.420034 1
0.419873 1
0.419718 1
0.419568 1
0.419414 1
0.419274 1
0.419124 1
0.418973 1
0.418818 1
0.418668 1
0.418526 1
0.418374 1
0.418226 1
0.418082 1
0.417932 1
0.417774 1
0.417628 1
0.417475 1
0.417315 1
0.417161 1
0.417018 1
0.41686 1
0.416701 1
0.416561 1
0.416406 1
0.41625 1
0.416103 1
0.415949 1
0.415792 1
0.41565 1
0.415502 1
0.41535 1
0.415196 1
0.415044 1
0.414914 1
0.414755 1
0.414596 1
0.414295 1
0.414142 1
0.413982 1
0.413827 1
0.413688 1
0.413552 1
0.413395 1
0.413244 1
0.412933 1
0.412779 1
0.412639 1
0.412484 1
0.412341 1
0.412202 1
0.412063 1
0.411923 1
0.411776 1
0.411624 1
0.411475 1
0.411318 1
0.411164 1
0.411022 1
0.410868 1
0.410707 1
0.410555 1
0.410249 1
0.410103 1
0.409961 1
0.409811 1
0.409664 1
0.409537 1
0.409382 1
0.409222 1
0.408925 1
0.408796 1
0.40864 1
0.408501 1
0.408344 1
0.408186 1
0.408032 1
0.407875 1
0.407718 1
0.407563 1
0.407414 1
0.407276 1
0.407133 1
0.40686 1
0.406704 1
0.406548 1
0.406407 1
0.406247 1
0.406116 1
0.405974 1
0.405816 1
0.405658 1
0.405502 1
0.405354 1
0.405205 1
0.405078 1
0.404929 1
0.404622 1
0.404465 1
0.40431 1
0.404162 1
0.404018 1
0.40386 1
0.403705 1
0.403549 1
0.4034 1
0.403246 1
0.40294 1
0.402833 1
0.402678 1
0.402533 1
0.402377 1
0.402251 1
0.402101 1
0.401971 1
0.401816 1
0.401512 1
0.401355 1
0.401198 1
0.401063 1
0.400921 1
0.400778 1
0.400625 1
0.40046 1
0.400319 1
0.400174 1
0.400008 1
0.399852 1
0.399704 1
0.399551 1
0.399395 1
0.399238 1
0.399083 1
0.398928 1
0.398773 1
0.39862 1
0.398479 1
0.398333 1
0.398178 1
0.39788 1
0.397721 1
0.397569 1
0.397403 1
0.397258 1
0.39711 1
0.396972 1
0.396814 1
0.396656 1
0.396519 1
0.396364 1
0.396215 1
0.396056 1
0.395906 1
0.395749 1
0.395428 1
0.395277 1
0.395125 1
0.394972 1
0.394834 1
0.394693 1
0.394537 1
0.394403 1
0.394245 1
0.394093 1
0.393937 1
0.39381 1
0.39365 1
0.393497 1
0.393349 1
0.393201 1
0.393054 1
0.392899 1
0.392746 1
0.392593 1
0.392437 1
0.392279 1
0.392127 1
0.391971 1
0.391844 1
0.39169 1
0.391534 1
0.391382 1
0.391234 1
0.39108 1
0.390934 1
0.390777 1
0.390627 1
0.39047 1
0.390323 1
0.390164 1
0.390008 1
0.389861 1
0.389702 1
0.389549 1
0.389403 1
0.38925 1
0.389102 1
0.388954 1
0.388804 1
0.388646 1
0.388341 1
0.388192 1
0.388044 1
0.387889 1
0.38773 1
0.387427 1
0.387283 1
0.387131 1
0.386989 1
0.386842 1
0.386707 1
0.38655 1
0.386399 1
0.386252 1
0.386096 1
0.385783 1
0.385629 1
0.385466 1
0.385312 1
0.38516 1
0.385012 1
0.384864 1
0.38471 1
0.384552 1
0.384404 1
0.384243 1
0.384091 1
0.38393 1
0.383776 1
0.383627 1
0.383476 1
0.383308 1
0.383164 1
0.38301 1
0.382852 1
0.382554 1
0.382398 1
0.382251 1
0.382105 1
0.381957 1
0.381811 1
0.381672 1
0.381518 1
0.381369 1
0.381224 1
0.381075 1
0.380916 1
0.380624 1
0.380471 1
0.380327 1
0.380188 1
0.380048 1
0.379892 1
0.379751 1
0.379597 1
0.379302 1
0.379 1
0.378858 1
0.378724 1
0.378582 1
0.378425 1
0.378277 1
0.378127 1
0.377972 1
0.377829 1
0.377679 1
0.377525 1
0.377364 1
0.377216 1
0.376909 1
0.376753 1
0.376599 1
0.376445 1
0.376287 1
0.37614 1
0.375993 1
0.375686 1
0.375535 1
0.375375 1
0.375234 1
0.375094 1
0.374943 1
0.374791 1
0.374639 1
0.374486 1
0.374332 1
0.374176 1
0.373873 1
0.373716 1
0.373567 1
0.373408 1
0.373249 1
0.373097 1
0.372957 1
0.3728 1
0.37264 1
0.37249 1
0.372337 1
0.372205 1
0.372055 1
0.371903 1
0.371756 1
0.371602 1
0.371451 1
0.37129 1
0.371135 1
0.370982 1
0.370681 1
0.370528 1
0.370376 1
0.370221 1
0.370073 1
0.36994 1
0.369789 1
0.369636 1
0.369476 1
0.369327 1
0.369019 1
0.368864 1
0.368564 1
0.368424 1
0.368271 1
0.36814 1
0.367985 1
0.36783 1
0.367676 1
0.367534 1
0.367234 1
0.367074 1
0.366918 1
0.366771 1
0.366628 1
0.366474 1
0.366165 1
0.366011 1
0.365714 1
0.36556 1
0.365409 1
0.365254 1
0.365098 1
0.364944 1
0.364812 1
0.364663 1
0.364497 1
0.364344 1
0.364192 1
0.364038 1
0.363901 1
0.363747 1
0.363599 1
0.363449 1
0.363294 1
0.363136 1
0.362825 1
0.362667 1
0.362519 1
0.362378 1
0.362238 1
0.362084 1
0.361929 1
0.361769 1
0.361611 1
0.361455 1
0.361309 1
0.361156 1
0.360997 1
0.360852 1
0.360721 1
0.360568 1
0.360409 1
0.360251 1
0.359945 1
0.359799 1
0.359643 1
0.359494 1
0.359351 1
0.359206 1
0.359052 1
0.358906 1
0.35874 1
0.35859 1
0.358439 1
0.358286 1
0.358139 1
0.357982 1
0.35783 1
0.357675 1
0.35753 1
0.357222 1
0.357075 1
0.356919 1
0.356776 1
0.35662 1
0.356472 1
0.356317 1
0.356018 1
0.355728 1
0.35557 1
0.355414 1
0.355266 1
0.355116 1
0.35496 1
0.354802 1
0.354649 1
0.354497 1
0.35434 1
0.354187 1
0.354042 1
0.353883 1
0.353739 1
0.353595 1
0.353437 1
0.35328 1
0.353121 1
0.352982 1
0.352831 1
0.352678 1
0.352365 1
0.352214 1
0.352054 1
0.351757 1
0.351622 1
0.351464 1
0.351309 1
0.351157 1
0.351016 1
0.350857 1
0.350697 1
0.350547 1
0.350392 1
0.350231 1
0.350083 1
0.349931 1
0.349778 1
0.349633 1
0.349483 1
0.349331 1
0.349177 1
0.349034 1
0.348886 1
0.348739 1
0.348583 1
0.348114 1
0.347963 1
0.347804 1
0.347656 1
0.3475 1
0.347341 1
0.347192 1
0.34704 1
0.346889 1
0.346735 1
0.34658 1
0.346423 1
0.346268 1
0.346123 1
0.345965 1
0.345809 1
0.345656 1
0.3455 1
0.345343 1
0.345191 1
0.345037 1
0.34488 1
0.344741 1
0.344589 1
0.344427 1
0.34428 1
0.343973 1
0.343818 1
0.34366 1
0.34336 1
0.343214 1
0.343069 1
0.342917 1
0.342761 1
0.342613 1
0.342464 1
0.342305 1
0.342148 1
0.341998 1
0.341851 1
0.341692 1
0.341536 1
0.341377 1
0.341219 1
0.341062 1
0.340908 1
0.340762 1
0.340616 1
0.340467 1
0.34031 1
0.340153 1
0.339998 1
0.339834 1
0.339671 1
0.339531 1
0.339383 1
0.339258 1
0.339119 1
0.338982 1
0.338832 1
0.338676 1
0.338518 1
0.338369 1
0.338209 1
0.338054 1
0.337744 1
0.33759 1
0.337288 1
0.337134 1
0.336985 1
0.336688 1
0.336558 1
0.3364 1
0.336264 1
0.335808 1
0.335493 1
0.335333 1
0.335186 1
0.335033 1
0.33489 1
0.334762 1
0.334612 1
0.334302 1
0.333998 1
0.33384 1
0.333687 1
0.333383 1
0.333227 1
0.332933 1
0.332779 1
0.33264 1
0.33249 1
0.33233 1
0.332174 1
0.332048 1
0.331912 1
0.331753 1
0.331441 1
0.331284 1
0.331136 1
0.331005 1
0.3307 1
0.330554 1
0.330399 1
0.330252 1
0.330108 1
0.329806 1
0.329672 1
0.329518 1
0.329375 1
0.329221 1
0.32893 1
0.328774 1
0.328621 1
0.328466 1
0.328309 1
0.328154 1
0.327871 1
0.327558 1
0.327406 1
0.327279 1
0.327127 1
0.326982 1
0.326844 1
0.326541 1
0.326385 1
0.326238 1
0.326086 1
0.325927 1
0.325774 1
0.325616 1
0.325458 1
0.325142 1
0.324826 1
0.32467 1
0.324512 1
0.324363 1
0.324054 1
0.323899 1
0.323741 1
0.32359 1
0.32343 1
0.323129 1
0.322825 1
0.32267 1
0.322382 1
0.322076 1
0.321935 1
0.321781 1
0.321629 1
0.320894 1
0.320744 1
0.320598 1
0.320302 1
0.320142 1
0.319983 1
0.319822 1
0.319663 1
0.319503 1
0.319345 1
0.319203 1
0.319062 1
0.318916 1
0.318756 1
0.318463 1
0.318305 1
0.318147 1
0.318005 1
0.317848 1
0.317696 1
0.317559 1
0.317409 1
0.316945 1
0.316796 1
0.31648 1
0.316169 1
0.315861 1
0.315702 1
0.315394 1
0.315245 1
0.315093 1
0.314938 1
0.314782 1
0.314633 1
0.314486 1
0.31433 1
0.314172 1
0.314024 1
0.313734 1
0.313585 1
0.313456 1
0.313307 1
0.313153 1
0.312842 1
0.312696 1
0.312538 1
0.312219 1
0.312062 1
0.31192 1
0.311766 1
0.311625 1
0.311327 1
0.311172 1
0.311013 1
0.310861 1
0.310702 1
0.310551 1
0.310405 1
0.310266 1
0.310115 1
0.309816 1
0.309661 1
0.309505 1
0.309353 1
0.3092 1
0.309043 1
0.308896 1
0.308578 1
0.30827 1
0.307953 1
0.307802 1
0.307485 1
0.307342 1
0.307018 1
0.306557 1
0.306419 1
0.3061 1
0.305961 1
0.305804 1
0.30566 1
0.305344 1
0.304908 1
0.304621 1
0.30447 1
0.304326 1
0.304025 1
0.303866 1
0.303709 1
0.303402 1
0.303254 1
0.302937 1
0.302786 1
0.302629 1
0.302472 1
0.302312 1
0.302162 1
0.302006 1
0.301854 1
0.301549 1
0.301398 1
0.301251 1
0.300791 1
0.30034 1
0.300179 1
0.299871 1
0.299408 1
0.299113 1
0.298797 1
0.298334 1
0.298188 1
0.298029 1
0.297714 1
0.297563 1
0.297403 1
0.297244 1
0.296938 1
0.296778 1
0.296475 1
0.29616 1
0.296003 1
0.295852 1
0.295722 1
0.295566 1
0.295252 1
0.295102 1
0.294791 1
0.294623 1
0.294471 1
0.294316 1
0.294166 1
0.29402 1
0.293871 1
0.293583 1
0.293272 1
0.292811 1
0.292653 1
0.292364 1
0.292212 1
0.292057 1
0.291905 1
0.29176 1
0.291324 1
0.291013 1
0.290701 1
0.290393 1
0.290079 1
0.289761 1
0.289459 1
0.289176 1
0.288872 1
0.288573 1
0.288441 1
0.288131 1
0.287987 1
0.287684 1
0.287538 1
0.287391 1
0.287236 1
0.28678 1
0.286643 1
0.286487 1
0.286339 1
0.286186 1
0.286037 1
0.28573 1
0.285435 1
0.285135 1
0.284987 1
0.284834 1
0.284408 1
0.28426 1
0.284103 1
0.283954 1
0.283644 1
0.283489 1
0.283339 1
0.283187 1
0.283028 1
0.282721 1
0.282276 1
0.281969 1
0.281667 1
0.281522 1
0.281366 1
0.281209 1
0.28075 1
0.280595 1
0.280161 1
0.280009 1
0.279857 1
0.279415 1
0.279257 1
0.278944 1
0.278791 1
0.278648 1
0.278496 1
0.278338 1
0.278191 1
0.278038 1
0.277886 1
0.277756 1
0.277444 1
0.276991 1
0.276854 1
0.276697 1
0.2764 1
0.276254 1
0.2761 1
0.275812 1
0.275512 1
0.275357 1
0.275053 1
0.274913 1
0.274758 1
0.274612 1
0.274317 1
0.274161 1
0.274026 1
0.273735 1
0.273577 1
0.273267 1
0.273114 1
0.272958 1
0.272648 1
0.272495 1
0.272339 1
0.272041 1
0.271596 1
0.271447 1
0.271291 1
0.270991 1
0.270685 1
0.27008 1
0.269923 1
0.269476 1
0.269177 1
0.269046 1
0.268907 1
0.268759 1
0.268618 1
0.267717 1
0.267565 1
0.267254 1
0.267101 1
0.266944 1
0.266327 1
0.266178 1
0.266021 1
0.265711 1
0.265564 1
0.265255 1
0.264951 1
0.264654 1
0.264341 1
0.264184 1
0.264033 1
0.263889 1
0.263744 1
0.263429 1
0.262983 1
0.262823 1
0.262668 1
0.262515 1
0.26236 1
0.262059 1
0.261755 1
0.261448 1
0.261291 1
0.260993 1
0.260547 1
0.260414 1
0.259961 1
0.259661 1
0.259385 1
0.259078 1
0.258924 1
0.258767 1
0.258467 1
0.258178 1
0.258019 1
0.257876 1
0.257733 1
0.257573 1
0.257423 1
0.257113 1
0.256971 1
0.256514 1
0.255901 1
0.255589 1
0.255451 1
0.254993 1
0.254685 1
0.254079 1
0.253462 1
0.253164 1
0.25271 0
0.252398 0
0.251936 0
0.251777 0
0.251491 0
0.251337 0
0.250886 0
0.250244 0
0.249951 0
0.24902 0
0.248261 0
0.247968 0
0.247657 0
0.247496 0
0.247346 0
0.246608 0
0.246465 0
0.245835 0
0.245534 0
0.245224 0
0.244933 0
0.244641 0
0.244488 0
0.244347 0
0.24405 0
0.243746 0
0.243294 0
0.24298 0
0.242524 0
0.242372 0
0.242068 0
0.241913 0
0.24161 0
0.241455 0
0.241297 0
0.240982 0
0.240825 0
0.240669 0
0.240523 0
0.240216 0
0.239605 0
0.239461 0
0.238844 0
0.238534 0
0.23808 0
0.237779 0
0.237031 0
0.236873 0
0.236413 0
0.235489 0
0.234883 0
0.234414 0
0.233814 0
0.233669 0
0.233211 0
0.233052 0
0.232748 0
0.232599 0
0.23199 0
0.231687 0
0.231384 0
0.230627 0
0.230331 0
0.229722 0
0.228789 0
0.22836 0
0.227433 0
0.226836 0
0.226219 0
0.226064 0
0.225613 0
0.22486 0
0.224402 0
0.224246 0
0.223789 0
0.223006 0
0.222711 0
0.222408 0
0.221836 0
0.221379 0
0.220456 0
0.22001 0
0.219401 0
0.219102 0
0.218481 0
0.21833 0
0.218022 0
0.217553 0
0.216944 0
0.216632 0
0.21617 0
0.216011 0
0.215092 0
0.214632 0
0.213877 0
0.213421 0
0.212354 0
0.211313 0
0.210867 0
0.209966 0
0.2086 0
0.207674 0
0.206912 0
0.206615 0
0.205849 0
0.205254 0
0.203571 0
0.202805 0
0.202335 0
0.201103 0
0.19957 0
0.198194 0
0.197413 0
0.19697 0
0.196206 0
0.19576 0
0.194691 0
0.193786 0
0.192279 0
0.191674 0
0.190919 0
0.190157 0
0.188993 0
0.186881 0
0.185351 0
0.184435 0
0.183362 0
0.182925 0
0.181367 0
0.179242 0
0.178019 0
0.176532 0
0.174274 0
0.173366 0
0.17186 0
0.170189 0
0.168067 0
0.166399 0
0.164897 0
0.163377 0
0.160425 0
0.157975 0
0.155526 0
0.153383 0
0.15142 0
0.148554 0
0.145802 0
0.140802 0
0.138524 0
0.134141 0
0.13122 0
0.125619 0
0.121084 0
0.114996 0
0.108436 0
0.0999701 0
0.0906752 0
0.0766307 0
0.0479955 0
