0.828853 38 0.001328
0.82866 38 0.001509
0.82866 37 0.008375
0.828466 37 0.013616
0.828273 37 0.015073
0.82808 37 0.021651
0.827886 37 0.02202
0.827693 37 0.023204
0.8275 37 0.027974
0.827306 37 0.028644
0.827113 37 0.02883
0.826919 37 0.031698
0.826726 37 0.031972
0.826726 36 0.032361
0.826533 36 0.036618
0.826533 35 0.037295
0.826533 34 0.038918
0.826533 33 0.039673
0.826339 33 0.040807
0.826146 33 0.040977
0.826146 32 0.042058
0.825952 32 0.045213
0.825952 31 0.046026
0.825759 31 0.046634
0.825566 31 0.047706
0.825372 31 0.050806
0.825179 31 0.055877
0.824985 31 0.056836
0.824792 31 0.057775
0.824792 30 0.058635
0.824599 30 0.065703
0.824405 30 0.066738
0.824212 30 0.066855
0.824212 29 0.067699
0.824019 29 0.072508
0.824019 28 0.076107
0.823825 28 0.078588
0.823632 28 0.078746
0.823438 28 0.079798
0.823245 28 0.081921
0.823052 28 0.083297
0.823052 27 0.088754
0.822858 27 0.094125
0.822665 27 0.098486
0.822471 27 0.101802
0.822278 27 0.103369
0.822085 27 0.103927
0.821891 27 0.105129
0.821698 27 0.106238
0.821505 27 0.109231
0.821311 27 0.109367
0.821118 27 0.10956
0.820924 27 0.110109
0.820731 27 0.11112
0.820538 27 0.111311
0.820538 26 0.11371
0.820344 26 0.115023
0.820151 26 0.115996
0.819957 26 0.117231
0.819764 26 0.12152
0.819571 26 0.122099
0.819377 26 0.130777
0.819184 26 0.143789
0.818991 26 0.145996
0.818991 25 0.152853
0.818797 25 0.153157
0.818604 25 0.15651
0.81841 25 0.165179
0.818217 25 0.166942
0.818217 24 0.169143
0.818024 24 0.170287
0.81783 24 0.173582
0.817637 24 0.176742
0.817443 24 0.18226
0.817443 23 0.185493
0.81725 23 0.18966
0.81725 22 0.190272
0.817057 22 0.190826
0.816863 22 0.193711
0.81667 22 0.194578
0.816477 22 0.203818
0.816283 22 0.205464
0.816283 21 0.207383
0.81609 21 0.207817
0.815896 21 0.207917
0.815703 21 0.210655
0.81551 21 0.213068
0.815316 21 0.213251
0.815123 21 0.214035
0.814929 21 0.215529
0.814929 20 0.215752
0.814929 19 0.216448
0.814736 19 0.216827
0.814543 19 0.221681
0.814349 19 0.223894
0.814156 19 0.226038
0.813962 19 0.235979
0.813769 19 0.242012
0.813576 19 0.242266
0.813382 19 0.248495
0.813189 19 0.258273
0.812996 19 0.258795
0.812802 19 0.267308
0.812609 19 0.270486
0.812415 19 0.270614
0.812222 19 0.271037
0.812222 18 0.272356
0.812222 17 0.273127
0.812029 17 0.275571
0.811835 17 0.282086
0.811642 17 0.282422
0.811448 17 0.288977
0.811255 17 0.291403
0.811062 17 0.29576
0.810868 17 0.297658
0.810675 17 0.298752
0.810482 17 0.301298
0.810288 17 0.304256
0.810095 17 0.30503
0.809901 17 0.305528
0.809708 17 0.30687
0.809515 17 0.307156
0.809321 17 0.31199
0.809128 17 0.313519
0.808934 17 0.31608
0.808741 17 0.316947
0.808548 17 0.318754
0.808354 17 0.319003
0.808161 17 0.321064
0.808161 16 0.329715
0.808161 15 0.335363
0.808161 14 0.337381
0.807968 14 0.340703
0.807774 14 0.342222
0.807581 14 0.343987
0.807387 14 0.344289
0.807194 14 0.349257
0.807001 14 0.349443
0.806807 14 0.354461
0.806614 14 0.355463
0.80642 14 0.356645
0.806227 14 0.363321
0.806034 14 0.367505
0.80584 14 0.380842
0.805647 14 0.383108
0.805453 14 0.3872
0.805453 13 0.404304
0.80526 13 0.405987
0.80526 12 0.41329
0.805067 12 0.419424
0.804873 12 0.42025
0.80468 12 0.422053
0.804487 12 0.424887
0.804293 12 0.425024
0.8041 12 0.427259
0.803906 12 0.437368
0.803713 12 0.442953
0.80352 12 0.446158
0.803326 12 0.447415
0.803133 12 0.448159
0.802939 12 0.450974
0.802746 12 0.452388
0.802746 11 0.456807
0.802553 11 0.459876
0.802359 11 0.462971
0.802166 11 0.467404
0.801973 11 0.467589
0.801779 11 0.469699
0.801586 11 0.472477
0.801392 11 0.473902
0.801199 11 0.47535
0.801006 11 0.47723
0.800812 11 0.480694
0.800619 11 0.480748
0.800619 10 0.482719
0.800425 10 0.483638
0.800232 10 0.492016
0.800039 10 0.501572
0.799845 10 0.504179
0.799652 10 0.508401
0.799459 10 0.5118
0.799265 10 0.512571
0.799072 10 0.514468
0.798878 10 0.516886
0.798685 10 0.518251
0.798492 10 0.521645
0.798298 10 0.527713
0.798105 10 0.540141
0.797911 10 0.542856
0.797718 10 0.545175
0.797525 10 0.546669
0.797331 10 0.546676
0.797138 10 0.552277
0.796944 10 0.553003
0.796751 10 0.553782
0.796558 10 0.556325
0.796364 10 0.566447
0.796171 10 0.567429
0.795978 10 0.57072
0.795978 9 0.571997
0.795784 9 0.574456
0.795591 9 0.578931
0.795397 9 0.585315
0.795204 9 0.587206
0.795011 9 0.591706
0.794817 9 0.592476
0.794624 9 0.596793
0.79443 9 0.60045
0.794237 9 0.603664
0.794044 9 0.607422
0.79385 9 0.607445
0.793657 9 0.607622
0.793657 8 0.614083
0.793464 8 0.61526
0.79327 8 0.61871
0.793077 8 0.621141
0.792883 8 0.625365
0.79269 8 0.626844
0.792497 8 0.632178
0.792303 8 0.633979
0.79211 8 0.636487
0.791916 8 0.644495
0.791723 8 0.645877
0.79153 8 0.649148
0.791336 8 0.650139
0.791143 8 0.651321
0.79095 8 0.651437
0.790756 8 0.653844
0.790563 8 0.658812
0.790369 8 0.660094
0.790176 8 0.661079
0.789983 8 0.661394
0.789789 8 0.6655
0.789596 8 0.67107
0.789402 8 0.671162
0.789209 8 0.677972
0.789016 8 0.679688
0.788822 8 0.682062
0.788629 8 0.682282
0.788436 8 0.682461
0.788242 8 0.682684
0.788049 8 0.682963
0.787855 8 0.687909
0.787662 8 0.689644
0.787469 8 0.695791
0.787275 8 0.697114
0.787082 8 0.697951
0.786888 8 0.699209
0.786695 8 0.709432
0.786502 8 0.710002
0.786308 8 0.71138
0.786115 8 0.71733
0.785921 8 0.717465
0.785728 8 0.719595
0.785535 8 0.726733
0.785341 8 0.728959
0.785148 8 0.729766
0.784955 8 0.734993
0.784955 7 0.735599
0.784761 7 0.74393
0.784568 7 0.746657
0.784374 7 0.746889
0.784181 7 0.748238
0.783988 7 0.755147
0.783794 7 0.755381
0.783601 7 0.758963
0.783407 7 0.759313
0.783214 7 0.76004
0.783021 7 0.772927
0.782827 7 0.774535
0.782634 7 0.778077
0.782441 7 0.782297
0.782247 7 0.782797
0.782054 7 0.784626
0.78186 7 0.793935
0.781667 7 0.796694
0.781474 7 0.797068
0.78128 7 0.800909
0.781087 7 0.80338
0.780893 7 0.808775
0.780893 6 0.809654
0.7807 6 0.816711
0.7807 5 0.817343
0.780507 5 0.81891
0.780313 5 0.824704
0.78012 5 0.825314
0.779927 5 0.827916
0.779733 5 0.831109
0.77954 5 0.834652
0.779346 5 0.84397
0.779153 5 0.844357
0.77896 5 0.846471
0.778766 5 0.848351
0.778573 5 0.851999
0.778379 5 0.852231
0.778186 5 0.854036
0.777993 5 0.856482
0.777799 5 0.858514
0.777606 5 0.858942
0.777412 5 0.865462
0.777219 5 0.871508
0.777026 5 0.872693
0.776832 5 0.873018
0.776639 5 0.874081
0.776446 5 0.874475
0.776252 5 0.875128
0.776059 5 0.875211
0.775865 5 0.876325
0.775672 5 0.877851
0.775479 5 0.878852
0.775285 5 0.880147
0.775092 5 0.882813
0.774898 5 0.883874
0.774705 5 0.886848
0.774512 5 0.899673
0.774318 5 0.904171
0.774125 5 0.904696
0.773932 5 0.910235
0.773738 5 0.911776
0.773545 5 0.912397
0.773351 5 0.913406
0.773351 4 0.917939
0.773158 4 0.93033
0.772965 4 0.935194
0.772771 4 0.938037
0.772578 4 0.938561
0.772384 4 0.942555
0.772191 4 0.94305
0.771998 4 0.943374
0.771804 4 0.94629
0.771611 4 0.951269
0.771418 4 0.951708
0.771224 4 0.953934
0.771031 4 0.957891
0.770837 4 0.957893
0.770644 4 0.958088
0.770451 4 0.9609
0.770257 4 0.961917
0.770064 4 0.962443
0.76987 4 0.962893
0.769677 4 0.963103
0.769484 4 0.964657
0.76929 4 0.970755
0.769097 4 0.971916
0.768904 4 0.974011
0.76871 4 0.974553
0.768517 4 0.975233
0.768323 4 0.978578
0.76813 4 0.981207
0.767937 4 0.981824
0.767743 4 0.982912
0.76755 4 0.984139
0.767356 4 0.985509
0.767163 4 0.985567
0.76697 4 0.987816
0.766776 4 0.992016
0.766583 4 0.99927
0.766389 4 1.00011
0.766196 4 1.00185
0.766003 4 1.005
0.765809 4 1.01135
0.765616 4 1.01408
0.765423 4 1.01731
0.765229 4 1.01749
0.765036 4 1.01875
0.764842 4 1.02117
0.764649 4 1.02321
0.764456 4 1.02328
0.764262 4 1.02418
0.764069 4 1.02492
0.763875 4 1.02966
0.763682 4 1.03432
0.763489 4 1.03499
0.763295 4 1.03656
0.763102 4 1.03699
0.762909 4 1.03759
0.762715 4 1.03968
0.762522 4 1.04076
0.762328 4 1.04101
0.762135 4 1.04679
0.761942 4 1.0474
0.761748 4 1.05643
0.761555 4 1.05847
0.761361 4 1.05943
0.761168 4 1.05959
0.760975 4 1.05982
0.760781 4 1.06112
0.760588 4 1.06178
0.760395 4 1.06474
0.760201 4 1.07324
0.760008 4 1.07484
0.759814 4 1.07531
0.759621 4 1.07595
0.759428 4 1.08011
0.759234 4 1.08269
0.759041 4 1.09211
0.758847 4 1.09294
0.758654 4 1.09334
0.758461 4 1.09353
0.758267 4 1.09531
0.758074 4 1.09536
0.75788 4 1.09716
0.757687 4 1.09915
0.757494 4 1.10494
0.7573 4 1.10946
0.757107 4 1.10982
0.756914 4 1.11093
0.75672 4 1.11361
0.756527 4 1.11431
0.756333 4 1.11549
0.75614 4 1.11679
0.755947 4 1.11905
0.755753 4 1.12091
0.75556 4 1.12163
0.755366 4 1.12731
0.755173 4 1.13303
0.75498 4 1.1342
0.754786 4 1.14345
0.754593 4 1.14876
0.7544 4 1.14933
0.754206 4 1.1515
0.754013 4 1.15172
0.753819 4 1.15535
0.753626 4 1.15765
0.753433 4 1.15848
0.753239 4 1.15953
0.753046 4 1.1606
0.752852 4 1.16849
0.752659 4 1.17368
0.752466 4 1.17452
0.752272 4 1.17455
0.752079 4 1.17524
0.751886 4 1.17588
0.751692 4 1.18842
0.751499 4 1.1914
0.751305 4 1.19312
0.751112 4 1.19378
0.750919 4 1.19459
0.750725 4 1.19736
0.750532 4 1.19748
0.750338 4 1.19842
0.750145 4 1.20173
0.749952 4 1.20241
0.749758 4 1.20306
0.749565 4 1.20649
0.749371 4 1.20795
0.749178 4 1.20997
0.748985 4 1.21292
0.748791 4 1.21341
0.748598 4 1.21448
0.748405 4 1.21641
0.748211 4 1.21719
0.748018 4 1.2195
0.747824 4 1.22231
0.747631 4 1.22524
0.747438 4 1.22555
0.747244 4 1.22583
0.747051 4 1.22866
0.746857 4 1.23229
0.746664 4 1.23432
0.746471 4 1.24476
0.746277 4 1.2458
0.746084 4 1.2484
0.745891 4 1.24862
0.745697 4 1.24883
0.745504 4 1.24918
0.74531 4 1.25311
0.745117 4 1.25401
0.744924 4 1.25872
0.74473 4 1.26529
0.744537 4 1.26905
0.744343 4 1.27026
0.74415 4 1.27164
0.743957 4 1.27169
0.743763 4 1.27249
0.74357 4 1.2725
0.743377 4 1.27595
0.743183 4 1.28219
0.74299 4 1.28342
0.742796 4 1.28448
0.742603 4 1.28463
0.74241 4 1.28678
0.742216 4 1.28688
0.742023 4 1.29063
0.741829 4 1.29816
0.741636 4 1.30294
0.741443 4 1.30299
0.741249 4 1.30352
0.741056 4 1.30465
0.741056 3 1.30755
0.740863 3 1.31095
0.740669 3 1.31113
0.740476 3 1.31174
0.740282 3 1.31179
0.740089 3 1.31913
0.739896 3 1.32024
0.739702 3 1.32249
0.739509 3 1.32978
0.739315 3 1.33255
0.739122 3 1.3404
0.738929 3 1.34093
0.738929 2 1.34226
0.738735 2 1.3449
0.738542 2 1.34861
0.738348 2 1.3504
0.738155 2 1.35133
0.737962 2 1.35144
0.737768 2 1.35373
0.737575 2 1.35416
0.737382 2 1.35635
0.737188 2 1.35736
0.736995 2 1.3581
0.736801 2 1.35826
0.736608 2 1.35827
0.736415 2 1.36122
0.736221 2 1.36286
0.736028 2 1.36499
0.735834 2 1.36813
0.735641 2 1.37073
0.735448 2 1.37246
0.735254 2 1.37749
0.735061 2 1.3775
0.734868 2 1.37834
0.734674 2 1.38087
0.734481 2 1.38149
0.734287 2 1.38786
0.734094 2 1.38895
0.733901 2 1.38948
0.733707 2 1.38964
0.733514 2 1.39011
0.73332 2 1.39219
0.733127 2 1.39267
0.732934 2 1.39475
0.73274 2 1.39815
0.732547 2 1.39979
0.732354 2 1.40026
0.73216 2 1.40103
0.731967 2 1.40495
0.731773 2 1.41456
0.73158 2 1.41793
0.731387 2 1.42294
0.731193 2 1.42383
0.731 2 1.42395
0.730806 2 1.42712
0.730613 2 1.42833
0.73042 2 1.42953
0.73042 1 1.43139
0.730226 1 1.43151
0.730033 1 1.43229
0.729839 1 1.43384
0.729646 1 1.43737
0.729453 1 1.43782
0.729259 1 1.4406
0.729066 1 1.44434
0.728873 1 1.44853
0.728679 1 1.44858
0.728486 1 1.44906
0.728292 1 1.45044
0.728099 1 1.45064
0.727906 1 1.45303
0.727712 1 1.45346
0.727519 1 1.45406
0.727325 1 1.45469
0.727132 1 1.45837
0.726939 1 1.46007
0.726745 1 1.46013
0.726552 1 1.46185
0.726359 1 1.4624
0.726165 1 1.46732
0.725972 1 1.46945
0.725778 1 1.47023
0.725585 1 1.47136
0.725392 1 1.47311
0.725198 1 1.47414
0.725005 1 1.47471
0.724811 1 1.47582
0.724618 1 1.4796
0.724425 1 1.48181
0.724231 1 1.48226
0.724038 1 1.48424
0.723845 1 1.4862
0.723651 1 1.48625
0.723458 1 1.48762
0.723264 1 1.48846
0.723071 1 1.48898
0.722878 1 1.4891
0.722684 1 1.49533
0.722491 1 1.49649
0.722297 1 1.50051
0.722104 1 1.50097
0.721911 1 1.50527
0.721717 1 1.50663
0.721524 1 1.51209
0.72133 1 1.51446
0.721137 1 1.51837
0.720944 1 1.52083
0.72075 1 1.52148
0.720557 1 1.52765
0.720364 1 1.52974
0.72017 1 1.53022
0.719977 1 1.53381
0.719783 1 1.53974
0.71959 1 1.544
0.719397 1 1.54423
0.719203 1 1.5444
0.71901 1 1.54466
0.718816 1 1.54485
0.718623 1 1.55062
0.71843 1 1.55064
0.718236 1 1.55165
0.718043 1 1.55363
0.71785 1 1.55455
0.717656 1 1.55703
0.717463 1 1.55898
0.717269 1 1.56091
0.717076 1 1.56442
0.716883 1 1.56589
0.716689 1 1.57107
0.716496 1 1.57929
0.716302 1 1.5843
0.716109 1 1.58567
0.715916 1 1.5857
0.715722 1 1.58605
0.715529 1 1.5899
0.715336 1 1.59363
0.715142 1 1.60078
0.714949 1 1.60131
0.714755 1 1.60171
0.714562 1 1.60176
0.714369 1 1.60223
0.714175 1 1.60341
0.713982 1 1.605
0.713788 1 1.60536
0.713595 1 1.60637
0.713402 1 1.60677
0.713208 1 1.60735
0.713015 1 1.60773
0.712822 1 1.61037
0.712628 1 1.6109
0.712435 1 1.61175
0.712241 1 1.61283
0.712048 1 1.61351
0.711855 1 1.61746
0.711661 1 1.61913
0.711468 1 1.61994
0.711274 1 1.62092
0.711081 1 1.62166
0.710888 1 1.62624
0.710694 1 1.62731
0.710501 1 1.62997
0.710307 1 1.63091
0.710114 1 1.63192
0.709921 1 1.63378
0.709727 1 1.63792
0.709534 1 1.63907
0.709341 1 1.6405
0.709147 1 1.64229
0.708954 1 1.64436
0.70876 1 1.65041
0.708567 1 1.65103
0.708374 1 1.65114
0.70818 1 1.65179
0.707987 1 1.65237
0.707793 1 1.6531
0.7076 1 1.65352
0.7076 0 1.65366
0.707407 0 1.6541
0.707213 0 1.65495
0.706827 0 1.65554
0.706633 0 1.65649
0.70644 0 1.65967
0.706246 0 1.66017
0.706053 0 1.6605
0.70586 0 1.66442
0.705666 0 1.66522
0.705473 0 1.66672
0.705279 0 1.66752
0.705086 0 1.6682
0.704893 0 1.66837
0.704699 0 1.67012
0.704506 0 1.67362
0.704313 0 1.67458
0.704119 0 1.67826
0.703926 0 1.6806
0.703732 0 1.68205
0.703539 0 1.6826
0.703346 0 1.6829
0.703152 0 1.68368
0.702959 0 1.685
0.702765 0 1.68621
0.702572 0 1.68763
0.702379 0 1.68935
0.702185 0 1.68957
0.701992 0 1.69262
0.701798 0 1.69483
0.701605 0 1.69584
0.701412 0 1.69593
0.701218 0 1.69725
0.701025 0 1.70051
0.700832 0 1.70279
0.700638 0 1.70606
0.700445 0 1.70613
0.700251 0 1.70672
0.700058 0 1.70758
0.699865 0 1.70824
0.699671 0 1.70963
0.699478 0 1.71062
0.699284 0 1.71155
0.699091 0 1.7119
0.698898 0 1.7128
0.698704 0 1.7148
0.698511 0 1.71593
0.698318 0 1.71607
0.698124 0 1.71934
0.697931 0 1.71946
0.697737 0 1.72777
0.697544 0 1.72823
0.697351 0 1.73057
0.697157 0 1.73072
0.696964 0 1.7338
0.69677 0 1.73562
0.696577 0 1.73594
0.696384 0 1.73629
0.69619 0 1.7382
0.695997 0 1.73961
0.695804 0 1.74054
0.69561 0 1.74113
0.695417 0 1.74124
0.695223 0 1.74429
0.69503 0 1.7447
0.694837 0 1.74522
0.694643 0 1.74828
0.69445 0 1.74834
0.694256 0 1.75141
0.694063 0 1.75341
0.69387 0 1.7552
0.693676 0 1.75788
0.693483 0 1.75885
0.693289 0 1.76294
0.693096 0 1.76553
0.692903 0 1.76713
0.692709 0 1.76889
0.692516 0 1.76916
0.692323 0 1.77114
0.692129 0 1.77149
0.691936 0 1.77224
0.691742 0 1.77283
0.691549 0 1.7736
0.691356 0 1.77729
0.691162 0 1.77791
0.690969 0 1.77837
0.690775 0 1.77865
0.690582 0 1.78278
0.690389 0 1.78457
0.690195 0 1.78482
0.690002 0 1.78517
0.689809 0 1.78642
0.689615 0 1.78815
0.689422 0 1.79037
0.689228 0 1.79053
0.689035 0 1.79221
0.688842 0 1.7925
0.688648 0 1.79498
0.688455 0 1.79694
0.688261 0 1.79837
0.688068 0 1.8007
0.687875 0 1.80098
0.687681 0 1.80108
0.687488 0 1.80128
0.687295 0 1.8026
0.687101 0 1.80701
0.686908 0 1.80869
0.686714 0 1.81067
0.686521 0 1.81069
0.686328 0 1.81075
0.686134 0 1.81404
0.685941 0 1.81736
0.685747 0 1.81778
0.685554 0 1.81829
0.685361 0 1.82023
0.684974 0 1.82129
0.684781 0 1.82295
0.684587 0 1.82358
0.684394 0 1.82468
0.6842 0 1.82565
0.684007 0 1.82782
0.683814 0 1.82844
0.68362 0 1.82862
0.683427 0 1.8308
0.683233 0 1.83116
0.68304 0 1.83255
0.682847 0 1.83322
0.682653 0 1.8348
0.68246 0 1.83619
0.682266 0 1.83697
0.682073 0 1.83739
0.68188 0 1.83897
0.681686 0 1.84043
0.681493 0 1.84192
0.6813 0 1.84287
0.681106 0 1.8448
0.680913 0 1.84505
0.680719 0 1.84773
0.680526 0 1.8488
0.680333 0 1.85136
0.680139 0 1.85207
0.679946 0 1.85234
0.679752 0 1.85334
0.679559 0 1.85353
0.679366 0 1.8569
0.679172 0 1.85872
0.678979 0 1.85919
0.678786 0 1.86004
0.678592 0 1.8608
0.678399 0 1.86218
0.678205 0 1.86328
0.678012 0 1.86397
0.677819 0 1.8645
0.677625 0 1.86454
0.677432 0 1.86718
0.677238 0 1.87203
0.677045 0 1.87313
0.676852 0 1.87523
0.676658 0 1.87613
0.676465 0 1.87838
0.676272 0 1.88102
0.676078 0 1.88163
0.675885 0 1.8817
0.675691 0 1.88319
0.675498 0 1.88402
0.675305 0 1.88444
0.675111 0 1.88499
0.674918 0 1.88531
0.674724 0 1.8854
0.674531 0 1.887
0.674338 0 1.89013
0.674144 0 1.89199
0.673951 0 1.89336
0.673757 0 1.89342
0.673564 0 1.89376
0.673371 0 1.89486
0.673177 0 1.89604
0.672984 0 1.89667
0.672791 0 1.89888
0.672597 0 1.90124
0.672404 0 1.90172
0.67221 0 1.90177
0.672017 0 1.90182
0.671824 0 1.90183
0.67163 0 1.90495
0.671437 0 1.90531
0.671243 0 1.90619
0.67105 0 1.90773
0.670857 0 1.90857
0.670663 0 1.91049
0.67047 0 1.91373
0.670277 0 1.91385
0.670083 0 1.91702
0.66989 0 1.91752
0.669696 0 1.91908
0.669503 0 1.92161
0.66931 0 1.9227
0.669116 0 1.92412
0.668923 0 1.9242
0.668729 0 1.92479
0.668536 0 1.9253
0.668343 0 1.92817
0.668149 0 1.93114
0.667956 0 1.93121
0.667763 0 1.93648
0.667569 0 1.93699
0.667376 0 1.93752
0.667182 0 1.93792
0.666989 0 1.94211
0.666796 0 1.94471
0.666602 0 1.94554
0.666409 0 1.94632
0.666215 0 1.94794
0.666022 0 1.94842
0.665829 0 1.94855
0.665635 0 1.94896
0.665442 0 1.9511
0.665249 0 1.95129
0.665055 0 1.95563
0.664862 0 1.95808
0.664668 0 1.95884
0.664475 0 1.96012
0.664282 0 1.96016
0.663895 0 1.96182
0.663701 0 1.96185
0.663508 0 1.96643
0.663315 0 1.96875
0.663121 0 1.96886
0.662928 0 1.96887
0.662734 0 1.96983
0.662541 0 1.97024
0.662348 0 1.97331
0.662154 0 1.97333
0.661961 0 1.97416
0.661768 0 1.97527
0.661574 0 1.97529
0.661381 0 1.97687
0.661187 0 1.97894
0.660994 0 1.97912
0.660801 0 1.97964
0.660607 0 1.98152
0.660414 0 1.98215
0.66022 0 1.98287
0.660027 0 1.98533
0.659834 0 1.98587
0.65964 0 1.98656
0.659447 0 1.98912
0.659254 0 1.99194
0.65906 0 1.99195
0.658867 0 1.99241
0.658673 0 1.99546
0.65848 0 1.99677
0.658287 0 2.00245
0.658093 0 2.00396
0.6579 0 2.00762
0.657706 0 2.01335
0.657513 0 2.01358
0.65732 0 2.01388
0.657126 0 2.0142
0.656933 0 2.01431
0.65674 0 2.01645
0.656546 0 2.017
0.656353 0 2.01819
0.656159 0 2.01925
0.655966 0 2.01994
0.655773 0 2.0221
0.655579 0 2.02255
0.655386 0 2.02374
0.655192 0 2.02453
0.654999 0 2.02533
0.654806 0 2.026
0.654612 0 2.0263
0.654419 0 2.02721
0.654225 0 2.02728
0.654032 0 2.02887
0.653839 0 2.03095
0.653645 0 2.03163
0.653452 0 2.03164
0.653259 0 2.03233
0.653065 0 2.0332
0.652872 0 2.03599
0.652678 0 2.03619
0.652485 0 2.03787
0.652292 0 2.03938
0.652098 0 2.04109
0.651905 0 2.04163
0.651711 0 2.04227
0.651518 0 2.04366
0.651325 0 2.04613
0.651131 0 2.04631
0.650938 0 2.04631
0.650745 0 2.04833
0.650551 0 2.04923
0.650358 0 2.05979
0.650164 0 2.06071
0.649971 0 2.06116
0.649778 0 2.06137
0.649584 0 2.06209
0.649391 0 2.0627
0.649197 0 2.06273
0.649004 0 2.06439
0.648811 0 2.06833
0.648617 0 2.06872
0.648424 0 2.06911
0.648231 0 2.0703
0.648037 0 2.07123
0.647844 0 2.07235
0.64765 0 2.0728
0.647457 0 2.07338
0.647264 0 2.07588
0.64707 0 2.07687
0.646877 0 2.07789
0.646683 0 2.07912
0.64649 0 2.08339
0.646297 0 2.08397
0.646103 0 2.08698
0.64591 0 2.0891
0.645716 0 2.09025
0.645523 0 2.09106
0.64533 0 2.09695
0.645136 0 2.097
0.644943 0 2.09804
0.64475 0 2.09867
0.644556 0 2.09869
0.644363 0 2.10166
0.644169 0 2.1022
0.643976 0 2.10238
0.643783 0 2.10308
0.643589 0 2.10396
0.643396 0 2.10696
0.643202 0 2.10888
0.643009 0 2.10998
0.642816 0 2.10999
0.642622 0 2.11098
0.642429 0 2.11225
0.642236 0 2.11264
0.642042 0 2.11462
0.641849 0 2.11593
0.641655 0 2.11659
0.641462 0 2.11767
0.641269 0 2.11902
0.641075 0 2.11919
0.640882 0 2.12089
0.640688 0 2.12109
0.640495 0 2.1214
0.640302 0 2.12243
0.640108 0 2.12308
0.639915 0 2.12444
0.639722 0 2.12484
0.639528 0 2.12612
0.639335 0 2.12732
0.639141 0 2.12913
0.638948 0 2.13127
0.638755 0 2.13286
0.638561 0 2.13344
0.638368 0 2.13561
0.638174 0 2.1358
0.637981 0 2.13635
0.637788 0 2.13664
0.637594 0 2.13999
0.637401 0 2.14001
0.637208 0 2.14009
0.637014 0 2.1416
0.636821 0 2.14228
0.636627 0 2.14322
0.636434 0 2.14467
0.636241 0 2.14724
0.636047 0 2.14834
0.635854 0 2.15203
0.63566 0 2.1541
0.635467 0 2.15412
0.635274 0 2.15587
0.63508 0 2.15731
0.634887 0 2.16099
0.634693 0 2.16231
0.6345 0 2.16435
0.634307 0 2.16877
0.634113 0 2.16944
0.63392 0 2.17025
0.633727 0 2.17055
0.633533 0 2.17079
0.63334 0 2.17081
0.633146 0 2.17153
0.632953 0 2.17301
0.63276 0 2.17326
0.632566 0 2.17423
0.632373 0 2.17577
0.632179 0 2.17728
0.631986 0 2.17739
0.631793 0 2.17739
0.631599 0 2.1794
0.631406 0 2.17982
0.631213 0 2.18121
0.631019 0 2.18258
0.630826 0 2.18287
0.630632 0 2.18356
0.630439 0 2.18369
0.630246 0 2.18381
0.630052 0 2.186
0.629859 0 2.18622
0.629665 0 2.18691
0.629472 0 2.18953
0.629279 0 2.19057
0.629085 0 2.19227
0.628892 0 2.19289
0.628699 0 2.19364
0.628505 0 2.19821
0.628312 0 2.20115
0.628118 0 2.20299
0.627925 0 2.2041
0.627732 0 2.20414
0.627538 0 2.20563
0.627345 0 2.20646
0.627151 0 2.2071
0.626958 0 2.20815
0.626765 0 2.20972
0.626571 0 2.21703
0.626378 0 2.21749
0.626184 0 2.21806
0.625991 0 2.22085
0.625798 0 2.22163
0.625604 0 2.22207
0.625411 0 2.22272
0.625218 0 2.22337
0.625024 0 2.22539
0.624831 0 2.22595
0.624637 0 2.22657
0.624444 0 2.22741
0.624251 0 2.22801
0.624057 0 2.22848
0.623864 0 2.23126
0.62367 0 2.23282
0.623477 0 2.23335
0.623284 0 2.23355
0.62309 0 2.2362
0.622897 0 2.23903
0.622704 0 2.23953
0.62251 0 2.23969
0.622317 0 2.23972
0.622123 0 2.2401
0.62193 0 2.24128
0.621737 0 2.24144
0.621543 0 2.2446
0.62135 0 2.24465
0.621156 0 2.24513
0.620963 0 2.24544
0.62077 0 2.24942
0.620576 0 2.25065
0.620383 0 2.25099
0.62019 0 2.25319
0.619996 0 2.255
0.619803 0 2.25501
0.619609 0 2.25651
0.619416 0 2.25658
0.619223 0 2.25792
0.619029 0 2.25939
0.618836 0 2.26163
0.618642 0 2.26199
0.618449 0 2.26253
0.618256 0 2.26351
0.618062 0 2.26441
0.617869 0 2.26649
0.617675 0 2.26698
0.617482 0 2.26745
0.617289 0 2.26802
0.617095 0 2.26875
0.616902 0 2.27081
0.616709 0 2.27106
0.616515 0 2.27184
0.616322 0 2.27186
0.616128 0 2.27511
0.615935 0 2.27516
0.615742 0 2.27546
0.615548 0 2.27639
0.615355 0 2.27663
0.615161 0 2.27742
0.614968 0 2.27798
0.614775 0 2.27909
0.614581 0 2.27949
0.614388 0 2.27951
0.614195 0 2.27978
0.614001 0 2.28132
0.613808 0 2.28178
0.613614 0 2.28379
0.613421 0 2.28394
0.613228 0 2.28464
0.613034 0 2.28516
0.612841 0 2.28682
0.612647 0 2.28933
0.612454 0 2.2899
0.612261 0 2.29127
0.612067 0 2.29134
0.611874 0 2.2919
0.611681 0 2.29223
0.611487 0 2.29242
0.611294 0 2.29531
0.6111 0 2.29652
0.610907 0 2.3009
0.610714 0 2.30286
0.61052 0 2.3038
0.610327 0 2.30565
0.610133 0 2.30568
0.60994 0 2.30724
0.609747 0 2.30939
0.609553 0 2.30961
0.60936 0 2.31039
0.609167 0 2.3147
0.608973 0 2.31538
0.60878 0 2.31565
0.608586 0 2.31808
0.608393 0 2.31809
0.6082 0 2.3199
0.608006 0 2.32021
0.607813 0 2.32112
0.607619 0 2.32133
0.607426 0 2.32208
0.607233 0 2.3227
0.607039 0 2.32404
0.606846 0 2.32468
0.606652 0 2.32701
0.606459 0 2.32712
0.606266 0 2.32719
0.606072 0 2.32865
0.605879 0 2.32905
0.605686 0 2.32952
0.605492 0 2.33109
0.605299 0 2.33135
0.605105 0 2.33144
0.604912 0 2.33211
0.604719 0 2.33324
0.604525 0 2.33497
0.604332 0 2.33564
0.604138 0 2.33722
0.603945 0 2.33726
0.603752 0 2.33777
0.603558 0 2.33905
0.603365 0 2.3403
0.603172 0 2.34237
0.602978 0 2.34245
0.602785 0 2.34347
0.602591 0 2.34372
0.602398 0 2.34403
0.602205 0 2.34452
0.602011 0 2.34518
0.601818 0 2.34777
0.601624 0 2.34782
0.601431 0 2.34784
0.601238 0 2.34873
0.601044 0 2.35023
0.600851 0 2.35038
0.600658 0 2.35041
0.600464 0 2.3517
0.600271 0 2.35218
0.600077 0 2.35284
0.599884 0 2.35285
0.599691 0 2.35291
0.599497 0 2.35386
0.599304 0 2.35421
0.59911 0 2.35461
0.598917 0 2.3568
0.598724 0 2.3583
0.59853 0 2.35959
0.598337 0 2.35993
0.598143 0 2.36015
0.59795 0 2.36082
0.597757 0 2.36104
0.59737 0 2.36242
0.597177 0 2.363
0.596983 0 2.36344
0.59679 0 2.36458
0.596596 0 2.36576
0.596403 0 2.36777
0.59621 0 2.36859
0.596016 0 2.36917
0.595823 0 2.36964
0.595629 0 2.37039
0.595436 0 2.37052
0.595243 0 2.37099
0.595049 0 2.37161
0.594856 0 2.37169
0.594663 0 2.37394
0.594469 0 2.37395
0.594276 0 2.37402
0.594082 0 2.37483
0.593696 0 2.37523
0.593502 0 2.37623
0.593309 0 2.37774
0.593115 0 2.37827
0.592922 0 2.3829
0.592729 0 2.38322
0.592535 0 2.38392
0.592342 0 2.38457
0.592149 0 2.38475
0.591955 0 2.39066
0.591762 0 2.39069
0.591568 0 2.39132
0.591375 0 2.39373
0.591182 0 2.3954
0.590988 0 2.39633
0.590795 0 2.39688
0.590601 0 2.39715
0.590408 0 2.39748
0.590215 0 2.39924
0.590021 0 2.40012
0.589828 0 2.4002
0.589635 0 2.4023
0.589441 0 2.40594
0.589248 0 2.4071
0.589054 0 2.40949
0.588861 0 2.40956
0.588668 0 2.40977
0.588474 0 2.41221
0.588281 0 2.41253
0.588087 0 2.41276
0.587894 0 2.41387
0.587701 0 2.41744
0.587507 0 2.42152
0.587314 0 2.42197
0.58712 0 2.42407
0.586927 0 2.4252
0.586734 0 2.42662
0.58654 0 2.427
0.586347 0 2.42851
0.586154 0 2.42863
0.58596 0 2.42949
0.585767 0 2.43169
0.585573 0 2.43255
0.58538 0 2.43426
0.585187 0 2.43496
0.584993 0 2.43547
0.5848 0 2.43603
0.584606 0 2.43629
0.584413 0 2.43756
0.58422 0 2.43948
0.584026 0 2.44139
0.583833 0 2.4422
0.58364 0 2.44401
0.583446 0 2.44546
0.583253 0 2.44592
0.583059 0 2.4465
0.582866 0 2.44692
0.582673 0 2.45014
0.582479 0 2.45115
0.582286 0 2.45272
0.582092 0 2.45487
0.581706 0 2.45799
0.581512 0 2.4587
0.581319 0 2.45912
0.581126 0 2.45924
0.580932 0 2.46155
0.580739 0 2.462
0.580545 0 2.46385
0.580352 0 2.46487
0.580159 0 2.46614
0.579965 0 2.46835
0.579772 0 2.46843
0.579578 0 2.46947
0.579385 0 2.46992
0.579192 0 2.47349
0.578998 0 2.47438
0.578805 0 2.47455
0.578611 0 2.4748
0.578418 0 2.47576
0.578225 0 2.47642
0.578031 0 2.47669
0.577838 0 2.47788
0.577645 0 2.47863
0.577451 0 2.47896
0.577258 0 2.48097
0.577064 0 2.48118
0.576871 0 2.48202
0.576678 0 2.48253
0.576484 0 2.48265
0.576291 0 2.48302
0.576097 0 2.48349
0.575904 0 2.48503
0.575711 0 2.48593
0.575517 0 2.48717
0.575324 0 2.48732
0.575131 0 2.48929
0.574937 0 2.48973
0.574744 0 2.49332
0.57455 0 2.49635
0.574357 0 2.49774
0.574164 0 2.49936
0.57397 0 2.49988
0.573777 0 2.50082
0.573583 0 2.50203
0.57339 0 2.50228
0.573197 0 2.50313
0.573003 0 2.50349
0.57281 0 2.50517
0.572617 0 2.5053
0.572423 0 2.5061
0.57223 0 2.50631
0.572036 0 2.50722
0.571843 0 2.50811
0.57165 0 2.50845
0.571456 0 2.50848
0.571263 0 2.50984
0.571069 0 2.51021
0.570876 0 2.51033
0.570683 0 2.51041
0.570489 0 2.51203
0.570296 0 2.51264
0.570102 0 2.51285
0.569909 0 2.5149
0.569716 0 2.5151
0.569522 0 2.51645
0.569329 0 2.51756
0.569136 0 2.51963
0.568942 0 2.51992
0.568749 0 2.52006
0.568555 0 2.52085
0.568362 0 2.52191
0.568169 0 2.52225
0.567975 0 2.52305
0.567782 0 2.52479
0.567588 0 2.52485
0.567395 0 2.52583
0.567202 0 2.52744
0.567008 0 2.52787
0.566815 0 2.52827
0.566622 0 2.5287
0.566428 0 2.53061
0.566235 0 2.53317
0.566041 0 2.53461
0.565848 0 2.53489
0.565655 0 2.53565
0.565461 0 2.5361
0.565268 0 2.5363
0.565074 0 2.53667
0.564881 0 2.53676
0.564688 0 2.53714
0.564494 0 2.53734
0.564301 0 2.5376
0.564108 0 2.53946
0.563914 0 2.53989
0.563721 0 2.54038
0.563527 0 2.54042
0.563334 0 2.54108
0.563141 0 2.54233
0.562947 0 2.54251
0.562754 0 2.54256
0.56256 0 2.54285
0.562367 0 2.54312
0.562174 0 2.54447
0.56198 0 2.54502
0.561787 0 2.5459
0.561594 0 2.54818
0.5614 0 2.54908
0.561207 0 2.54963
0.561013 0 2.54997
0.56082 0 2.55205
0.560627 0 2.55567
0.560433 0 2.55668
0.56024 0 2.55791
0.560046 0 2.55873
0.559853 0 2.55962
0.55966 0 2.56013
0.559466 0 2.56048
0.559273 0 2.56076
0.559079 0 2.56164
0.558886 0 2.56237
0.558693 0 2.56267
0.558499 0 2.56915
0.558306 0 2.56983
0.558113 0 2.57005
0.557919 0 2.57035
0.557726 0 2.57047
0.557532 0 2.57062
0.557339 0 2.57063
0.557146 0 2.57101
0.556952 0 2.57111
0.556759 0 2.57124
0.556565 0 2.57128
0.556372 0 2.57309
0.556179 0 2.5744
0.555985 0 2.57671
0.555792 0 2.57684
0.555599 0 2.57695
0.555405 0 2.57704
0.555212 0 2.57709
0.555018 0 2.57714
0.554825 0 2.57792
0.554632 0 2.57962
0.554438 0 2.58032
0.554245 0 2.58227
0.554051 0 2.58285
0.553858 0 2.58315
0.553665 0 2.58386
0.553471 0 2.58412
0.553278 0 2.5845
0.553085 0 2.58482
0.552891 0 2.58502
0.552698 0 2.58542
0.552504 0 2.58551
0.552311 0 2.58705
0.552118 0 2.58773
0.551924 0 2.58915
0.551731 0 2.58954
0.551537 0 2.59065
0.551344 0 2.59196
0.551151 0 2.59243
0.550957 0 2.59267
0.550764 0 2.59298
0.55057 0 2.59446
0.550377 0 2.59474
0.550184 0 2.59511
0.54999 0 2.59539
0.549797 0 2.5958
0.549604 0 2.59606
0.54941 0 2.59784
0.549217 0 2.59851
0.549023 0 2.59874
0.54883 0 2.59932
0.548637 0 2.60053
0.548443 0 2.60076
0.54825 0 2.60094
0.548056 0 2.60127
0.547863 0 2.6014
0.54767 0 2.60248
0.547476 0 2.60295
0.547283 0 2.60548
0.54709 0 2.60632
0.546896 0 2.60703
0.546703 0 2.60854
0.546509 0 2.61407
0.546316 0 2.61641
0.546123 0 2.61678
0.545929 0 2.61761
0.545736 0 2.61934
0.545542 0 2.61957
0.545349 0 2.62004
0.545156 0 2.62008
0.544962 0 2.62192
0.544769 0 2.62203
0.544576 0 2.62527
0.544382 0 2.62703
0.544189 0 2.62754
0.543995 0 2.62977
0.543802 0 2.63073
0.543609 0 2.63213
0.543415 0 2.63243
0.543222 0 2.63266
0.543028 0 2.63321
0.542835 0 2.63324
0.542642 0 2.63674
0.542448 0 2.63729
0.542255 0 2.63762
0.542061 0 2.6384
0.541868 0 2.63913
0.541675 0 2.64215
0.541481 0 2.6453
0.541288 0 2.64566
0.541095 0 2.64613
0.540901 0 2.6467
0.540708 0 2.64701
0.540514 0 2.64711
0.540321 0 2.64745
0.540128 0 2.64822
0.539934 0 2.64843
0.539741 0 2.64885
0.539547 0 2.6495
0.539354 0 2.65035
0.539161 0 2.65215
0.538967 0 2.65225
0.538774 0 2.65251
0.538581 0 2.65636
0.538387 0 2.65662
0.538194 0 2.65687
0.538 0 2.65725
0.537807 0 2.65987
0.537614 0 2.66037
0.53742 0 2.66098
0.537227 0 2.66111
0.537033 0 2.66153
0.53684 0 2.66214
0.536647 0 2.66359
0.536453 0 2.66402
0.53626 0 2.66533
0.536067 0 2.66552
0.535873 0 2.66588
0.53568 0 2.6667
0.535486 0 2.66675
0.535293 0 2.66822
0.5351 0 2.66992
0.534906 0 2.67064
0.534713 0 2.67153
0.534519 0 2.67281
0.534326 0 2.67394
0.534133 0 2.67404
0.533939 0 2.6742
0.533746 0 2.67506
0.533553 0 2.67529
0.533359 0 2.67577
0.533166 0 2.67782
0.532972 0 2.67784
0.532779 0 2.68051
0.532586 0 2.68124
0.532392 0 2.68311
0.532199 0 2.68334
0.532005 0 2.68453
0.531812 0 2.68554
0.531619 0 2.68554
0.531425 0 2.68593
0.531232 0 2.68617
0.531038 0 2.68623
0.530845 0 2.68685
0.530652 0 2.68757
0.530458 0 2.68866
0.530265 0 2.68917
0.530072 0 2.69025
0.529878 0 2.69131
0.529685 0 2.6914
0.529491 0 2.69221
0.529298 0 2.69229
0.529105 0 2.69352
0.528911 0 2.69414
0.528718 0 2.69461
0.528524 0 2.69578
0.528331 0 2.69791
0.528138 0 2.69798
0.527944 0 2.6989
0.527751 0 2.69985
0.527558 0 2.70064
0.527364 0 2.7013
0.527171 0 2.70313
0.526977 0 2.70419
0.526784 0 2.70421
0.526591 0 2.7045
0.526397 0 2.70457
0.526204 0 2.70644
0.52601 0 2.70685
0.525817 0 2.70757
0.525624 0 2.70811
0.52543 0 2.70992
0.525237 0 2.71023
0.525044 0 2.71159
0.52485 0 2.71165
0.524657 0 2.71166
0.524463 0 2.71185
0.52427 0 2.71324
0.524077 0 2.71355
0.523883 0 2.71368
0.52369 0 2.71431
0.523496 0 2.71608
0.523303 0 2.71654
0.52311 0 2.71655
0.522916 0 2.71669
0.522723 0 2.71707
0.522529 0 2.71722
0.522336 0 2.7173
0.522143 0 2.71778
0.521949 0 2.71801
0.521756 0 2.71843
0.521563 0 2.71879
0.521369 0 2.71901
0.521176 0 2.71926
0.520982 0 2.72111
0.520789 0 2.72174
0.520596 0 2.72304
0.520402 0 2.72315
0.520209 0 2.72374
0.520015 0 2.72376
0.519822 0 2.72414
0.519629 0 2.72436
0.519435 0 2.72505
0.519242 0 2.72529
0.519049 0 2.72602
0.518855 0 2.72882
0.518662 0 2.72914
0.518468 0 2.7295
0.518275 0 2.72972
0.518082 0 2.73031
0.517888 0 2.73067
0.517695 0 2.73071
0.517501 0 2.73095
0.517308 0 2.73155
0.517115 0 2.73253
0.516921 0 2.73285
0.516728 0 2.73308
0.516535 0 2.7332
0.516341 0 2.73507
0.516148 0 2.73525
0.515954 0 2.7354
0.515761 0 2.73586
0.515568 0 2.73597
0.515374 0 2.73598
0.515181 0 2.73623
0.514987 0 2.73634
0.514794 0 2.73659
0.514601 0 2.73766
0.514407 0 2.73828
0.514214 0 2.73862
0.51402 0 2.74087
0.513827 0 2.74161
0.513634 0 2.74216
0.51344 0 2.74344
0.513247 0 2.74642
0.513054 0 2.74693
0.51286 0 2.74721
0.512667 0 2.74747
0.512473 0 2.75032
0.51228 0 2.75085
0.512087 0 2.7524
0.511893 0 2.75264
0.5117 0 2.75291
0.511506 0 2.75635
0.511313 0 2.75694
0.51112 0 2.75781
0.510926 0 2.75944
0.510733 0 2.76001
0.51054 0 2.76037
0.510346 0 2.76114
0.510153 0 2.76143
0.509959 0 2.76222
0.509766 0 2.76236
0.509573 0 2.76306
0.509379 0 2.76486
0.509186 0 2.765
0.508992 0 2.76553
0.508799 0 2.7658
0.508606 0 2.76617
0.508412 0 2.76693
0.508219 0 2.7676
0.508026 0 2.76893
0.507832 0 2.76908
0.507639 0 2.76926
0.507445 0 2.76977
0.507252 0 2.7705
0.507059 0 2.77085
0.506865 0 2.77105
0.506672 0 2.77134
0.506478 0 2.77136
0.506285 0 2.77176
0.506092 0 2.77295
0.505898 0 2.77326
0.505705 0 2.7748
0.505512 0 2.77501
0.505318 0 2.77625
0.505125 0 2.77651
0.504931 0 2.77674
0.504738 0 2.77747
0.504545 0 2.77846
0.504351 0 2.77961
0.504158 0 2.78008
0.503964 0 2.78093
0.503771 0 2.78094
0.503578 0 2.78213
0.503384 0 2.78299
0.503191 0 2.78516
0.502997 0 2.78545
0.502804 0 2.78573
0.502611 0 2.78583
0.502417 0 2.78813
0.502224 0 2.78835
0.502031 0 2.78894
0.501837 0 2.78906
0.501644 0 2.78929
0.50145 0 2.78989
0.501257 0 2.79049
0.501064 0 2.79077
0.50087 0 2.79087
0.500677 0 2.79118
0.500483 0 2.79157
0.50029 0 2.79247
0.500097 0 2.79353
0.499903 0 2.79401
0.49971 0 2.79494
0.499517 0 2.79549
0.499323 0 2.79614
0.49913 0 2.79616
0.498936 0 2.79942
0.498743 0 2.80087
0.49855 0 2.80325
0.498356 0 2.80347
0.498163 0 2.80471
0.497969 0 2.80509
0.497776 0 2.8055
0.497583 0 2.80773
0.497389 0 2.80806
0.497196 0 2.80859
0.497003 0 2.80882
0.496809 0 2.80969
0.496616 0 2.81034
0.496422 0 2.81048
0.496036 0 2.81129
0.495842 0 2.81143
0.495649 0 2.81187
0.495455 0 2.81229
0.495262 0 2.81298
0.495069 0 2.81301
0.494875 0 2.81394
0.494682 0 2.81577
0.494488 0 2.81581
0.494295 0 2.81622
0.494102 0 2.81634
0.493908 0 2.81852
0.493715 0 2.81892
0.493522 0 2.81903
0.493328 0 2.8202
0.493135 0 2.82027
0.492941 0 2.82098
0.492748 0 2.82137
0.492555 0 2.82184
0.492361 0 2.82204
0.492168 0 2.82638
0.491974 0 2.82695
0.491781 0 2.82834
0.491588 0 2.82956
0.491394 0 2.8297
0.491201 0 2.82971
0.491008 0 2.83042
0.490814 0 2.83118
0.490621 0 2.83274
0.490427 0 2.83394
0.490234 0 2.83468
0.490041 0 2.83606
0.489847 0 2.83894
0.489654 0 2.83932
0.48946 0 2.8396
0.489267 0 2.83983
0.489074 0 2.84023
0.48888 0 2.84073
0.488687 0 2.8411
0.488494 0 2.84155
0.4883 0 2.84204
0.488107 0 2.84454
0.487913 0 2.84522
0.48772 0 2.84606
0.487527 0 2.84799
0.487333 0 2.84845
0.48714 0 2.84857
0.486946 0 2.8486
0.486753 0 2.84919
0.48656 0 2.84958
0.486366 0 2.8499
0.486173 0 2.85044
0.48598 0 2.8505
0.485786 0 2.85062
0.485593 0 2.85085
0.485399 0 2.85141
0.485206 0 2.85219
0.485013 0 2.8524
0.484819 0 2.85328
0.484626 0 2.85631
0.484432 0 2.85672
0.484239 0 2.85721
0.484046 0 2.85735
0.483852 0 2.85781
0.483659 0 2.85802
0.483465 0 2.85953
0.483272 0 2.85988
0.483079 0 2.86006
0.482885 0 2.861
0.482692 0 2.86149
0.482499 0 2.86356
0.482305 0 2.86406
0.482112 0 2.86471
0.481918 0 2.86562
0.481725 0 2.86632
0.481532 0 2.86684
0.481338 0 2.86901
0.481145 0 2.87058
0.480951 0 2.87066
0.480758 0 2.87077
0.480565 0 2.87135
0.480371 0 2.87286
0.480178 0 2.87611
0.479985 0 2.87614
0.479791 0 2.8766
0.479598 0 2.8779
0.479404 0 2.87813
0.479211 0 2.87863
0.479018 0 2.87934
0.478824 0 2.87953
0.478631 0 2.88013
0.478437 0 2.88075
0.478244 0 2.88223
0.478051 0 2.88241
0.477857 0 2.88242
0.477664 0 2.88378
0.477471 0 2.88393
0.477277 0 2.88398
0.477084 0 2.88434
0.47689 0 2.88645
0.476697 0 2.88695
0.476504 0 2.88718
0.47631 0 2.88863
0.476117 0 2.8899
0.475923 0 2.89227
0.47573 0 2.89583
0.475537 0 2.89583
0.475343 0 2.89598
0.47515 0 2.89641
0.474956 0 2.8965
0.474763 0 2.89652
0.47457 0 2.89682
0.474376 0 2.89696
0.474183 0 2.8982
0.47399 0 2.89875
0.473796 0 2.9012
0.473603 0 2.90122
0.473409 0 2.90202
0.473216 0 2.90251
0.473023 0 2.90298
0.472829 0 2.90299
0.472636 0 2.90316
0.472442 0 2.90317
0.472249 0 2.90326
0.472056 0 2.90598
0.471862 0 2.90645
0.471669 0 2.90763
0.471476 0 2.90768
0.471282 0 2.90791
0.471089 0 2.90799
0.470895 0 2.91082
0.470702 0 2.91134
0.470509 0 2.91282
0.470315 0 2.91377
0.470122 0 2.91386
0.469928 0 2.91444
0.469735 0 2.91513
0.469542 0 2.91515
0.469348 0 2.9157
0.469155 0 2.91798
0.468962 0 2.91821
0.468768 0 2.91939
0.468575 0 2.9198
0.468381 0 2.92006
0.468188 0 2.9204
0.467995 0 2.92096
0.467801 0 2.92147
0.467608 0 2.92181
0.467414 0 2.92303
0.467221 0 2.92327
0.467028 0 2.92329
0.466834 0 2.92361
0.466641 0 2.92618
0.466447 0 2.92739
0.466254 0 2.92811
0.466061 0 2.92877
0.465867 0 2.92971
0.465674 0 2.93013
0.465481 0 2.9313
0.465287 0 2.93158
0.465094 0 2.93467
0.4649 0 2.93493
0.464707 0 2.93516
0.464514 0 2.93611
0.46432 0 2.93772
0.464127 0 2.93934
0.463933 0 2.94012
0.46374 0 2.94018
0.463547 0 2.9402
0.463353 0 2.94063
0.46316 0 2.94251
0.462967 0 2.94267
0.462773 0 2.94335
0.46258 0 2.94381
0.462386 0 2.94426
0.462193 0 2.94523
0.462 0 2.9462
0.461806 0 2.94752
0.461613 0 2.94894
0.461419 0 2.94946
0.461226 0 2.94982
0.461033 0 2.95053
0.460839 0 2.95114
0.460646 0 2.95215
0.460453 0 2.95266
0.460259 0 2.95268
0.460066 0 2.95318
0.459872 0 2.95371
0.459679 0 2.95381
0.459486 0 2.95403
0.459292 0 2.95427
0.459099 0 2.95427
0.458905 0 2.95534
0.458712 0 2.95693
0.458519 0 2.95726
0.458325 0 2.95745
0.458132 0 2.95769
0.457939 0 2.95815
0.457745 0 2.95857
0.457552 0 2.95879
0.457358 0 2.96101
0.457165 0 2.96199
0.456972 0 2.96225
0.456778 0 2.96494
0.456585 0 2.9674
0.456391 0 2.96789
0.456198 0 2.968
0.456005 0 2.96832
0.455811 0 2.96934
0.455618 0 2.96944
0.455424 0 2.97051
0.455231 0 2.97065
0.455038 0 2.97118
0.454844 0 2.97168
0.454651 0 2.9721
0.454458 0 2.97283
0.454264 0 2.97356
0.454071 0 2.97534
0.453877 0 2.97612
0.453684 0 2.97631
0.453491 0 2.97636
0.453297 0 2.97697
0.453104 0 2.97829
0.45291 0 2.97904
0.452717 0 2.97969
0.452524 0 2.97982
0.45233 0 2.9805
0.452137 0 2.98121
0.451944 0 2.98232
0.45175 0 2.98271
0.451557 0 2.98445
0.451363 0 2.98485
0.45117 0 2.98495
0.450977 0 2.98559
0.450783 0 2.98634
0.450396 0 2.9867
0.450203 0 2.98691
0.45001 0 2.987
0.449816 0 2.98785
0.449623 0 2.98804
0.44943 0 2.98867
0.449236 0 2.98908
0.449043 0 2.98928
0.448849 0 2.99013
0.448656 0 2.99093
0.448463 0 2.99103
0.448269 0 2.99173
0.448076 0 2.9927
0.447882 0 2.99285
0.447689 0 2.99301
0.447496 0 2.99329
0.447302 0 2.99419
0.447109 0 2.99561
0.446915 0 2.99609
0.446722 0 2.99647
0.446529 0 2.99817
0.446335 0 2.99819
0.446142 0 2.99849
0.445949 0 2.99857
0.445755 0 2.99872
0.445562 0 2.99882
0.445368 0 2.99971
0.444982 0 3.00391
0.444788 0 3.00493
0.444595 0 3.00504
0.444401 0 3.00581
0.444208 0 3.00785
0.444015 0 3.00855
0.443821 0 3.00977
0.443628 0 3.00991
0.443435 0 3.01032
0.443241 0 3.01047
0.443048 0 3.01092
0.442854 0 3.01166
0.442661 0 3.01202
0.442468 0 3.01256
0.442274 0 3.01336
0.442081 0 3.01527
0.441887 0 3.01564
0.441694 0 3.01584
0.441501 0 3.01734
0.441307 0 3.01749
0.441114 0 3.01765
0.440921 0 3.01811
0.440727 0 3.01838
0.440534 0 3.02162
0.44034 0 3.02168
0.440147 0 3.02225
0.439954 0 3.02231
0.43976 0 3.02232
0.439567 0 3.02308
0.439373 0 3.02318
0.43918 0 3.02328
0.438987 0 3.0236
0.438793 0 3.02408
0.4386 0 3.02471
0.438406 0 3.02475
0.438213 0 3.02477
0.43802 0 3.02491
0.437826 0 3.02492
0.437633 0 3.025
0.43744 0 3.02607
0.437246 0 3.02674
0.437053 0 3.02693
0.436859 0 3.02732
0.436666 0 3.02736
0.436473 0 3.02736
0.436279 0 3.02758
0.436086 0 3.02767
0.435892 0 3.02971
0.435699 0 3.03075
0.435506 0 3.03105
0.435312 0 3.03217
0.435119 0 3.03229
0.434926 0 3.03422
0.434732 0 3.03463
0.434539 0 3.03675
0.434345 0 3.0373
0.434152 0 3.03881
0.433959 0 3.03932
0.433765 0 3.04029
0.433572 0 3.04143
0.433378 0 3.04173
0.433185 0 3.0422
0.432992 0 3.04223
0.432798 0 3.04238
0.432605 0 3.04243
0.432412 0 3.04287
0.432218 0 3.04305
0.432025 0 3.04693
0.431831 0 3.04772
0.431638 0 3.04877
0.431445 0 3.04985
0.431251 0 3.05067
0.431058 0 3.05108
0.430864 0 3.05111
0.430671 0 3.05152
0.430478 0 3.05185
0.430284 0 3.05282
0.430091 0 3.05423
0.429898 0 3.05464
0.429704 0 3.05552
0.429511 0 3.05637
0.429317 0 3.0575
0.429124 0 3.05792
0.428931 0 3.05824
0.428737 0 3.05831
0.428544 0 3.06136
0.42835 0 3.06142
0.428157 0 3.06258
0.427964 0 3.06269
0.42777 0 3.06508
0.427577 0 3.06531
0.427383 0 3.06584
0.42719 0 3.06726
0.426997 0 3.06778
0.426803 0 3.06795
0.42661 0 3.06808
0.426417 0 3.06929
0.426223 0 3.07136
0.42603 0 3.07162
0.425836 0 3.07182
0.425643 0 3.07213
0.42545 0 3.074
0.425256 0 3.07414
0.425063 0 3.07536
0.424869 0 3.07656
0.424676 0 3.07707
0.424483 0 3.0782
0.424289 0 3.0783
0.424096 0 3.07864
0.423903 0 3.07878
0.423709 0 3.0793
0.423516 0 3.08035
0.423322 0 3.08152
0.423129 0 3.08195
0.422936 0 3.08418
0.422742 0 3.08552
0.422549 0 3.08773
0.422355 0 3.08913
0.422162 0 3.08951
0.421969 0 3.0899
0.421775 0 3.08997
0.421582 0 3.09028
0.421389 0 3.09149
0.421195 0 3.09233
0.421002 0 3.09242
0.420808 0 3.09401
0.420615 0 3.09431
0.420422 0 3.09457
0.420228 0 3.09478
0.420035 0 3.0952
0.419841 0 3.09541
0.419648 0 3.09544
0.419455 0 3.09811
0.419261 0 3.10091
0.419068 0 3.10105
0.418874 0 3.10111
0.418681 0 3.10159
0.418488 0 3.10229
0.418294 0 3.10257
0.418101 0 3.10332
0.417908 0 3.10436
0.417714 0 3.10437
0.417521 0 3.10509
0.417327 0 3.1053
0.417134 0 3.10625
0.416941 0 3.10701
0.416747 0 3.10766
0.416554 0 3.10809
0.41636 0 3.10815
0.416167 0 3.1083
0.415974 0 3.10887
0.41578 0 3.10991
0.415587 0 3.11002
0.415394 0 3.11051
0.4152 0 3.11185
0.415007 0 3.11264
0.414813 0 3.11287
0.41462 0 3.11352
0.414427 0 3.11387
0.414233 0 3.11503
0.41404 0 3.11549
0.413846 0 3.1155
0.413653 0 3.11602
0.41346 0 3.11606
0.413266 0 3.11613
0.413073 0 3.11639
0.41288 0 3.11742
0.412686 0 3.11761
0.412493 0 3.11773
0.412299 0 3.11863
0.412106 0 3.11925
0.411913 0 3.11957
0.411719 0 3.11967
0.411526 0 3.12032
0.411332 0 3.12053
0.411139 0 3.12144
0.410946 0 3.12186
0.410752 0 3.12201
0.410559 0 3.12228
0.410365 0 3.12246
0.410172 0 3.12289
0.409979 0 3.1244
0.409785 0 3.1245
0.409592 0 3.12458
0.409399 0 3.12588
0.409205 0 3.12676
0.409012 0 3.12676
0.408818 0 3.12785
0.408625 0 3.12832
0.408432 0 3.12854
0.408238 0 3.12874
0.408045 0 3.1292
0.407851 0 3.13088
0.407658 0 3.13126
0.407465 0 3.13134
0.407271 0 3.13185
0.407078 0 3.13192
0.406885 0 3.13207
0.406691 0 3.13282
0.406498 0 3.13318
0.406304 0 3.1334
0.406111 0 3.13615
0.405918 0 3.13626
0.405724 0 3.13953
0.405531 0 3.14221
0.405337 0 3.14235
0.405144 0 3.14254
0.404951 0 3.14301
0.404757 0 3.14377
0.404564 0 3.14396
0.404371 0 3.14445
0.404177 0 3.14464
0.403984 0 3.145
0.40379 0 3.14535
0.403597 0 3.14565
0.403404 0 3.14625
0.40321 0 3.14749
0.403017 0 3.14831
0.402823 0 3.14988
0.40263 0 3.1499
0.402437 0 3.15191
0.402243 0 3.15231
0.40205 0 3.15231
0.401857 0 3.15419
0.401663 0 3.15475
0.40147 0 3.15481
0.401276 0 3.15512
0.401083 0 3.15529
0.40089 0 3.15569
0.400696 0 3.15682
0.400503 0 3.1574
0.400309 0 3.15867
0.400116 0 3.15931
0.399923 0 3.15976
0.399729 0 3.16021
0.399536 0 3.16376
0.399342 0 3.16415
0.399149 0 3.16435
0.398956 0 3.16516
0.398762 0 3.16517
0.398569 0 3.16528
0.398376 0 3.16578
0.398182 0 3.16632
0.397989 0 3.16889
0.397795 0 3.16968
0.397602 0 3.17026
0.397409 0 3.17057
0.397215 0 3.17101
0.397022 0 3.17134
0.396828 0 3.17218
0.396635 0 3.17286
0.396442 0 3.17291
0.396248 0 3.17305
0.396055 0 3.17453
0.395862 0 3.17485
0.395668 0 3.17504
0.395475 0 3.17597
0.395281 0 3.17656
0.395088 0 3.17691
0.394895 0 3.17737
0.394701 0 3.17944
0.394508 0 3.17981
0.394314 0 3.17999
0.394121 0 3.18116
0.393928 0 3.18155
0.393734 0 3.18316
0.393541 0 3.18361
0.393348 0 3.18414
0.393154 0 3.18417
0.392961 0 3.18499
0.392767 0 3.18705
0.392574 0 3.1877
0.392381 0 3.18785
0.392187 0 3.18818
0.391994 0 3.18836
0.3918 0 3.19238
0.391607 0 3.19439
0.391414 0 3.1959
0.39122 0 3.19605
0.391027 0 3.19676
0.390833 0 3.19696
0.39064 0 3.19815
0.390447 0 3.20028
0.390253 0 3.20044
0.39006 0 3.20051
0.389867 0 3.20069
0.389673 0 3.20499
0.38948 0 3.20566
0.389286 0 3.20607
0.389093 0 3.20674
0.3889 0 3.20699
0.388706 0 3.20705
0.388513 0 3.20728
0.388319 0 3.20776
0.388126 0 3.20936
0.387933 0 3.2097
0.387739 0 3.21126
0.387546 0 3.21167
0.387353 0 3.21265
0.387159 0 3.21317
0.386966 0 3.21427
0.386772 0 3.21532
0.386579 0 3.21642
0.386386 0 3.21654
0.386192 0 3.21961
0.385999 0 3.22015
0.385805 0 3.22049
0.385612 0 3.22077
0.385419 0 3.22109
0.385225 0 3.22198
0.385032 0 3.22209
0.384839 0 3.22227
0.384645 0 3.22239
0.384452 0 3.22256
0.384258 0 3.22408
0.384065 0 3.22426
0.383872 0 3.22513
0.383678 0 3.22523
0.383485 0 3.22526
0.383291 0 3.22684
0.383098 0 3.22691
0.382905 0 3.2274
0.382711 0 3.22795
0.382518 0 3.22813
0.382325 0 3.22817
0.382131 0 3.22991
0.381938 0 3.23032
0.381744 0 3.23083
0.381551 0 3.23112
0.381358 0 3.23169
0.381164 0 3.23251
0.380971 0 3.23275
0.380777 0 3.23492
0.380584 0 3.23516
0.380197 0 3.23535
0.380004 0 3.23547
0.37981 0 3.23579
0.379617 0 3.23587
0.379424 0 3.23681
0.37923 0 3.23695
0.379037 0 3.23709
0.378844 0 3.23753
0.37865 0 3.2392
0.378457 0 3.23982
0.378263 0 3.23994
0.37807 0 3.24062
0.377877 0 3.24064
0.377683 0 3.24087
0.37749 0 3.24244
0.377296 0 3.24331
0.377103 0 3.24373
0.37691 0 3.24393
0.376716 0 3.24454
0.376523 0 3.24568
0.37633 0 3.24568
0.376136 0 3.24584
0.375943 0 3.24589
0.375749 0 3.24644
0.375556 0 3.2466
0.375363 0 3.2469
0.375169 0 3.24753
0.374976 0 3.24862
0.374782 0 3.24887
0.374589 0 3.24895
0.374396 0 3.24977
0.374202 0 3.25037
0.374009 0 3.25059
0.373816 0 3.25071
0.373622 0 3.25097
0.373429 0 3.25215
0.373235 0 3.25294
0.373042 0 3.25386
0.372849 0 3.25464
0.372655 0 3.2552
0.372462 0 3.25536
0.372268 0 3.25603
0.372075 0 3.25709
0.371882 0 3.25718
0.371688 0 3.25968
0.371495 0 3.25974
0.371301 0 3.25978
0.371108 0 3.26039
0.370915 0 3.26064
0.370721 0 3.26141
0.370528 0 3.26188
0.370335 0 3.26216
0.370141 0 3.2636
0.369948 0 3.26373
0.369754 0 3.26478
0.369561 0 3.26485
0.369368 0 3.26489
0.369174 0 3.26495
0.368981 0 3.26517
0.368787 0 3.2652
0.368594 0 3.26558
0.368401 0 3.26592
0.368207 0 3.26601
0.368014 0 3.2663
0.367821 0 3.26885
0.367627 0 3.27008
0.367434 0 3.27075
0.36724 0 3.27124
0.367047 0 3.27179
0.366854 0 3.2721
0.36666 0 3.27241
0.366467 0 3.27271
0.366273 0 3.27358
0.36608 0 3.27467
0.365887 0 3.27681
0.365693 0 3.27797
0.3655 0 3.27804
0.365307 0 3.27829
0.365113 0 3.27943
0.36492 0 3.28016
0.364726 0 3.28077
0.364533 0 3.28079
0.36434 0 3.2815
0.364146 0 3.28169
0.363953 0 3.28216
0.363759 0 3.28306
0.363566 0 3.28467
0.363373 0 3.28486
0.363179 0 3.28516
0.362986 0 3.28595
0.362792 0 3.28599
0.362599 0 3.28673
0.362406 0 3.28733
0.362212 0 3.2877
0.362019 0 3.28791
0.361826 0 3.28826
0.361632 0 3.29064
0.361439 0 3.29111
0.361245 0 3.29181
0.361052 0 3.29183
0.360859 0 3.29244
0.360665 0 3.29306
0.360472 0 3.29322
0.360278 0 3.29336
0.360085 0 3.29567
0.359892 0 3.29673
0.359698 0 3.29673
0.359505 0 3.29679
0.359312 0 3.29705
0.359118 0 3.29725
0.358925 0 3.29788
0.358731 0 3.30043
0.358538 0 3.30082
0.358345 0 3.3017
0.358151 0 3.30261
0.357958 0 3.30285
0.357764 0 3.3029
0.357571 0 3.30299
0.357378 0 3.30462
0.357184 0 3.30549
0.356991 0 3.30577
0.356798 0 3.30589
0.356604 0 3.30652
0.356411 0 3.30672
0.356217 0 3.30943
0.356024 0 3.30956
0.355831 0 3.31064
0.355637 0 3.31168
0.355444 0 3.31174
0.35525 0 3.31183
0.355057 0 3.31304
0.354864 0 3.31425
0.35467 0 3.31471
0.354477 0 3.31645
0.354284 0 3.31819
0.35409 0 3.31825
0.353897 0 3.31852
0.353703 0 3.31877
0.35351 0 3.31883
0.353317 0 3.31928
0.353123 0 3.32068
0.35293 0 3.32085
0.352736 0 3.32133
0.352543 0 3.32256
0.35235 0 3.32261
0.352156 0 3.32272
0.351963 0 3.32347
0.351769 0 3.32348
0.351576 0 3.32357
0.351383 0 3.32384
0.351189 0 3.32554
0.350996 0 3.32602
0.350803 0 3.3261
0.350609 0 3.32837
0.350416 0 3.33029
0.350222 0 3.33291
0.350029 0 3.33345
0.349836 0 3.33361
0.349642 0 3.33415
0.349449 0 3.33434
0.349255 0 3.33452
0.349062 0 3.33519
0.348869 0 3.3352
0.348675 0 3.33631
0.348482 0 3.33684
0.348289 0 3.33718
0.348095 0 3.33828
0.347902 0 3.3402
0.347708 0 3.34163
0.347515 0 3.34182
0.347322 0 3.34321
0.347128 0 3.34424
0.346935 0 3.34454
0.346741 0 3.34456
0.346548 0 3.34668
0.346355 0 3.34679
0.346161 0 3.34686
0.345968 0 3.34702
0.345775 0 3.34748
0.345581 0 3.34813
0.345388 0 3.34844
0.345194 0 3.35031
0.345001 0 3.351
0.344808 0 3.35105
0.344614 0 3.35217
0.344421 0 3.35499
0.344227 0 3.355
0.344034 0 3.35538
0.343841 0 3.35589
0.343647 0 3.35757
0.343454 0 3.35876
0.34326 0 3.36086
0.343067 0 3.36115
0.342874 0 3.36121
0.34268 0 3.3621
0.342487 0 3.36522
0.342294 0 3.36543
0.3421 0 3.3663
0.341907 0 3.36847
0.341713 0 3.36875
0.34152 0 3.36989
0.341327 0 3.3711
0.341133 0 3.37123
0.34094 0 3.37152
0.340746 0 3.37263
0.340553 0 3.37354
0.34036 0 3.37431
0.340166 0 3.37533
0.339973 0 3.37555
0.33978 0 3.37575
0.339586 0 3.37639
0.339393 0 3.37679
0.339199 0 3.37709
0.339006 0 3.37727
0.338813 0 3.37782
0.338619 0 3.37854
0.338426 0 3.37898
0.338232 0 3.37933
0.338039 0 3.38031
0.337846 0 3.38086
0.337652 0 3.38339
0.337459 0 3.3843
0.337266 0 3.38436
0.337072 0 3.38488
0.336879 0 3.3849
0.336685 0 3.38646
0.336492 0 3.38699
0.336299 0 3.38711
0.336105 0 3.38773
0.335912 0 3.38775
0.335718 0 3.38868
0.335525 0 3.38928
0.335332 0 3.38956
0.335138 0 3.39063
0.334945 0 3.39064
0.334751 0 3.39138
0.334558 0 3.39142
0.334365 0 3.39257
0.334171 0 3.3935
0.333978 0 3.39431
0.333785 0 3.3952
0.333591 0 3.39645
0.333398 0 3.39648
0.333204 0 3.3967
0.333011 0 3.39689
0.332818 0 3.39817
0.332624 0 3.39832
0.332431 0 3.39933
0.332237 0 3.3998
0.332044 0 3.40064
0.331851 0 3.40099
0.331657 0 3.40112
0.331464 0 3.40139
0.331271 0 3.4019
0.331077 0 3.40268
0.330884 0 3.40288
0.33069 0 3.40337
0.330497 0 3.40368
0.330304 0 3.40431
0.33011 0 3.40445
0.329917 0 3.40514
0.329723 0 3.40516
0.32953 0 3.40581
0.329337 0 3.40582
0.329143 0 3.40605
0.32895 0 3.40804
0.328757 0 3.40829
0.328563 0 3.40832
0.32837 0 3.40845
0.328176 0 3.40912
0.327983 0 3.40979
0.32779 0 3.41015
0.327596 0 3.41021
0.327403 0 3.41093
0.327209 0 3.41152
0.327016 0 3.41188
0.326823 0 3.41206
0.326629 0 3.41259
0.326436 0 3.41284
0.326243 0 3.41366
0.326049 0 3.41417
0.325856 0 3.41469
0.325662 0 3.41482
0.325469 0 3.41845
0.325276 0 3.41977
0.325082 0 3.42034
0.324889 0 3.42216
0.324695 0 3.42248
0.324502 0 3.42249
0.324309 0 3.42366
0.324115 0 3.42371
0.323922 0 3.424
0.323728 0 3.42406
0.323535 0 3.42461
0.323342 0 3.42479
0.323148 0 3.42514
0.322955 0 3.42601
0.322762 0 3.42676
0.322568 0 3.42727
0.322375 0 3.42779
0.322181 0 3.42796
0.321988 0 3.42829
0.321795 0 3.42854
0.321601 0 3.42884
0.321408 0 3.42957
0.321214 0 3.43123
0.321021 0 3.43224
0.320828 0 3.43323
0.320634 0 3.43379
0.320441 0 3.43417
0.320248 0 3.43491
0.320054 0 3.43568
0.319861 0 3.43638
0.319667 0 3.43859
0.319474 0 3.43911
0.319281 0 3.4398
0.319087 0 3.43995
0.318894 0 3.43996
0.3187 0 3.44114
0.318507 0 3.44201
0.318314 0 3.44204
0.31812 0 3.44253
0.317927 0 3.44254
0.317734 0 3.44269
0.31754 0 3.44416
0.317347 0 3.44548
0.317153 0 3.44656
0.31696 0 3.44713
0.316767 0 3.44721
0.316573 0 3.44876
0.31638 0 3.45066
0.316186 0 3.45314
0.315993 0 3.45397
0.3158 0 3.45481
0.315606 0 3.45482
0.315413 0 3.45637
0.315219 0 3.45693
0.315026 0 3.45861
0.314833 0 3.45868
0.314639 0 3.4595
0.314446 0 3.45957
0.314253 0 3.45967
0.314059 0 3.4598
0.313866 0 3.46027
0.313672 0 3.4626
0.313479 0 3.46262
0.313286 0 3.46334
0.313092 0 3.46476
0.312899 0 3.46509
0.312705 0 3.46614
0.312512 0 3.46732
0.312319 0 3.46763
0.312125 0 3.46838
0.311932 0 3.4691
0.311739 0 3.46981
0.311545 0 3.47069
0.311352 0 3.47172
0.311158 0 3.47262
0.310965 0 3.47305
0.310772 0 3.47335
0.310578 0 3.4747
0.310385 0 3.47496
0.310191 0 3.47592
0.309998 0 3.47626
0.309805 0 3.47634
0.309611 0 3.47733
0.309418 0 3.4776
0.309225 0 3.47795
0.309031 0 3.47972
0.308838 0 3.48012
0.308644 0 3.48079
0.308451 0 3.48083
0.308258 0 3.48089
0.308064 0 3.481
0.307871 0 3.48154
0.307677 0 3.48202
0.307484 0 3.4821
0.307291 0 3.48237
0.307097 0 3.48252
0.306904 0 3.48356
0.306711 0 3.48458
0.306517 0 3.48483
0.306324 0 3.48544
0.30613 0 3.48557
0.305937 0 3.48597
0.305744 0 3.48605
0.30555 0 3.48715
0.305357 0 3.48819
0.305163 0 3.48825
0.30497 0 3.4889
0.304777 0 3.48955
0.304583 0 3.49296
0.30439 0 3.49377
0.304196 0 3.49379
0.304003 0 3.49441
0.30381 0 3.49496
0.303616 0 3.49503
0.303423 0 3.4956
0.30323 0 3.49569
0.303036 0 3.49646
0.302843 0 3.49653
0.302649 0 3.50006
0.302456 0 3.50086
0.302263 0 3.50165
0.302069 0 3.50314
0.301876 0 3.504
0.301682 0 3.50523
0.301489 0 3.50704
0.301296 0 3.50839
0.301102 0 3.51219
0.300909 0 3.51227
0.300716 0 3.51246
0.300522 0 3.51281
0.300135 0 3.51318
0.299942 0 3.51409
0.299749 0 3.51409
0.299555 0 3.51495
0.299362 0 3.51557
0.299168 0 3.51622
0.298975 0 3.5165
0.298782 0 3.5179
0.298588 0 3.51944
0.298395 0 3.51999
0.298202 0 3.52107
0.298008 0 3.52153
0.297815 0 3.52237
0.297621 0 3.52306
0.297428 0 3.52332
0.297235 0 3.52362
0.297041 0 3.52512
0.296848 0 3.52926
0.296654 0 3.53085
0.296461 0 3.53096
0.296268 0 3.53125
0.296074 0 3.53197
0.295881 0 3.53215
0.295687 0 3.53308
0.295494 0 3.53359
0.295301 0 3.53368
0.295107 0 3.53391
0.294914 0 3.53511
0.294721 0 3.53523
0.294527 0 3.53738
0.294334 0 3.53813
0.29414 0 3.53854
0.293947 0 3.53862
0.293754 0 3.5393
0.29356 0 3.53951
0.293367 0 3.5396
0.293173 0 3.53967
0.29298 0 3.54008
0.292787 0 3.54019
0.292593 0 3.54032
0.2924 0 3.54137
0.292207 0 3.54145
0.292013 0 3.54248
0.29182 0 3.54281
0.291626 0 3.54417
0.291433 0 3.54422
0.29124 0 3.54506
0.291046 0 3.54622
0.290853 0 3.54657
0.290659 0 3.54682
0.290466 0 3.54765
0.290273 0 3.54885
0.290079 0 3.55102
0.289886 0 3.55104
0.289693 0 3.55164
0.289499 0 3.55198
0.289306 0 3.55229
0.289112 0 3.55339
0.288919 0 3.55376
0.288726 0 3.55548
0.288532 0 3.55583
0.288339 0 3.5565
0.288145 0 3.55702
0.287952 0 3.55772
0.287759 0 3.55808
0.287565 0 3.55845
0.287372 0 3.5585
0.287178 0 3.55897
0.286985 0 3.559
0.286792 0 3.55939
0.286598 0 3.55945
0.286405 0 3.56069
0.286212 0 3.56078
0.286018 0 3.56091
0.285825 0 3.56119
0.285631 0 3.56125
0.285438 0 3.56211
0.285245 0 3.56313
0.285051 0 3.56384
0.284858 0 3.565
0.284664 0 3.56542
0.284471 0 3.5665
0.284278 0 3.56723
0.284084 0 3.56731
0.283891 0 3.56732
0.283698 0 3.56751
0.283504 0 3.56761
0.283311 0 3.56799
0.283117 0 3.56893
0.282924 0 3.56917
0.282731 0 3.57002
0.282537 0 3.57295
0.282344 0 3.57327
0.28215 0 3.57371
0.281957 0 3.5748
0.281764 0 3.5751
0.28157 0 3.57556
0.281377 0 3.57828
0.281184 0 3.57833
0.28099 0 3.57844
0.280797 0 3.57936
0.280603 0 3.5808
0.28041 0 3.5824
0.280217 0 3.58558
0.280023 0 3.58622
0.27983 0 3.58629
0.279636 0 3.5871
0.279443 0 3.5875
0.27925 0 3.58771
0.279056 0 3.58884
0.278863 0 3.58987
0.27867 0 3.59242
0.278476 0 3.59242
0.278283 0 3.59297
0.278089 0 3.59331
0.277896 0 3.5937
0.277703 0 3.59452
0.277509 0 3.59509
0.277316 0 3.59599
0.277122 0 3.59668
0.276929 0 3.5969
0.276736 0 3.59691
0.276542 0 3.59788
0.276349 0 3.59821
0.276155 0 3.59826
0.275962 0 3.59956
0.275769 0 3.60204
0.275575 0 3.6036
0.275382 0 3.60429
0.275189 0 3.60587
0.274995 0 3.60628
0.274802 0 3.6068
0.274608 0 3.60761
0.274415 0 3.60812
0.274222 0 3.60819
0.274028 0 3.60833
0.273835 0 3.60911
0.273641 0 3.60988
0.273448 0 3.61138
0.273255 0 3.61195
0.273061 0 3.61213
0.272868 0 3.61259
0.272675 0 3.61295
0.272481 0 3.61364
0.272288 0 3.61453
0.272094 0 3.61495
0.271901 0 3.61584
0.271708 0 3.61584
0.271514 0 3.61645
0.271321 0 3.6172
0.271127 0 3.61764
0.270934 0 3.61947
0.270741 0 3.62101
0.270547 0 3.62107
0.270354 0 3.62187
0.270161 0 3.62351
0.269967 0 3.6243
0.269774 0 3.62565
0.26958 0 3.62585
0.269387 0 3.62653
0.269194 0 3.62866
0.269 0 3.62901
0.268807 0 3.62998
0.268613 0 3.63012
0.26842 0 3.63097
0.268227 0 3.63123
0.268033 0 3.63394
0.26784 0 3.63406
0.267646 0 3.63545
0.267453 0 3.63597
0.26726 0 3.63638
0.267066 0 3.63686
0.266873 0 3.63764
0.26668 0 3.63822
0.266486 0 3.63825
0.266293 0 3.63852
0.266099 0 3.63955
0.265906 0 3.63956
0.265713 0 3.64054
0.265519 0 3.64206
0.265326 0 3.6422
0.265132 0 3.644
0.264939 0 3.6445
0.264746 0 3.64465
0.264552 0 3.64652
0.264359 0 3.64659
0.264166 0 3.64688
0.263972 0 3.64719
0.263779 0 3.64732
0.263585 0 3.64852
0.263392 0 3.64983
0.263199 0 3.65279
0.263005 0 3.65478
0.262812 0 3.65498
0.262618 0 3.6552
0.262425 0 3.65548
0.262232 0 3.65631
0.262038 0 3.6571
0.261845 0 3.65721
0.261652 0 3.65762
0.261458 0 3.65824
0.261265 0 3.65974
0.261071 0 3.66006
0.260878 0 3.66223
0.260685 0 3.66338
0.260491 0 3.66352
0.260298 0 3.66371
0.260104 0 3.66397
0.259911 0 3.6641
0.259718 0 3.66558
0.259524 0 3.66636
0.259331 0 3.66826
0.259137 0 3.66914
0.258944 0 3.66918
0.258751 0 3.66932
0.258557 0 3.67
0.258364 0 3.6701
0.258171 0 3.67027
0.257977 0 3.67064
0.257784 0 3.67138
0.25759 0 3.6726
0.257397 0 3.67316
0.257204 0 3.67385
0.25701 0 3.67436
0.256817 0 3.67501
0.256623 0 3.67584
0.25643 0 3.67748
0.256237 0 3.67765
0.256043 0 3.67779
0.25585 0 3.6793
0.255657 0 3.67935
0.255463 0 3.6798
0.25527 0 3.68067
0.255076 0 3.68369
0.254883 0 3.68398
0.25469 0 3.68412
0.254496 0 3.6851
0.254303 0 3.68527
0.254109 0 3.68527
0.253916 0 3.68528
0.253723 0 3.68569
0.253529 0 3.68602
0.253336 0 3.68611
0.253143 0 3.68622
0.252949 0 3.68825
0.252756 0 3.68913
0.252562 0 3.68995
0.252369 0 3.69023
0.252176 0 3.69035
0.251982 0 3.69043
0.251789 0 3.69046
0.251595 0 3.69164
0.251402 0 3.69258
0.251209 0 3.69306
0.251015 0 3.69318
0.250822 0 3.69364
0.250629 0 3.69384
0.250435 0 3.69397
0.250242 0 3.69465
0.250048 0 3.69481
0.249855 0 3.69495
0.249662 0 3.695
0.249468 0 3.69502
0.249275 0 3.6951
0.249081 0 3.69658
0.248888 0 3.6975
0.248695 0 3.69804
0.248501 0 3.69883
0.248308 0 3.69898
0.248114 0 3.70112
0.247921 0 3.7044
0.247728 0 3.70563
0.247534 0 3.70598
0.247341 0 3.70674
0.247148 0 3.70798
0.246954 0 3.70815
0.246761 0 3.70836
0.246567 0 3.70901
0.246374 0 3.70973
0.246181 0 3.70994
0.245987 0 3.70998
0.245794 0 3.71018
0.2456 0 3.71058
0.245407 0 3.71239
0.245214 0 3.71275
0.24502 0 3.713
0.244827 0 3.71394
0.244634 0 3.71512
0.24444 0 3.71513
0.244247 0 3.71586
0.244053 0 3.71705
0.24386 0 3.71709
0.243667 0 3.71728
0.243473 0 3.72039
0.24328 0 3.7212
0.243086 0 3.72136
0.242893 0 3.72175
0.2427 0 3.723
0.242506 0 3.72314
0.242313 0 3.72335
0.24212 0 3.72344
0.241926 0 3.72401
0.241733 0 3.72441
0.241539 0 3.72509
0.241346 0 3.72512
0.241153 0 3.72607
0.240959 0 3.72766
0.240766 0 3.72773
0.240572 0 3.7278
0.240379 0 3.72781
0.240186 0 3.72978
0.239992 0 3.72995
0.239799 0 3.73004
0.239605 0 3.73066
0.239412 0 3.73123
0.239219 0 3.73395
0.239025 0 3.73473
0.238832 0 3.73612
0.238639 0 3.73617
0.238445 0 3.73711
0.238252 0 3.73772
0.238058 0 3.73869
0.237865 0 3.73892
0.237672 0 3.73921
0.237478 0 3.73961
0.237285 0 3.74072
0.237091 0 3.74139
0.236898 0 3.74175
0.236705 0 3.74271
0.236511 0 3.74275
0.236318 0 3.74365
0.236125 0 3.74528
0.235931 0 3.74576
0.235738 0 3.74655
0.235544 0 3.74655
0.235351 0 3.74723
0.235158 0 3.74948
0.234964 0 3.74983
0.234771 0 3.74984
0.234577 0 3.74995
0.234384 0 3.75029
0.234191 0 3.75103
0.233997 0 3.75106
0.233804 0 3.75139
0.233611 0 3.75327
0.233417 0 3.75365
0.233224 0 3.75404
0.23303 0 3.75421
0.232837 0 3.75432
0.232644 0 3.75443
0.23245 0 3.7546
0.232257 0 3.75479
0.232063 0 3.75561
0.23187 0 3.75614
0.231677 0 3.75695
0.231483 0 3.75736
0.23129 0 3.75747
0.231096 0 3.75775
0.230903 0 3.75777
0.23071 0 3.75848
0.230516 0 3.75865
0.230323 0 3.75935
0.23013 0 3.75951
0.229936 0 3.75984
0.229743 0 3.76037
0.229549 0 3.76067
0.229356 0 3.76129
0.229163 0 3.76283
0.228969 0 3.76284
0.228776 0 3.76569
0.228582 0 3.76611
0.228389 0 3.76658
0.228196 0 3.76753
0.228002 0 3.76771
0.227809 0 3.76838
0.227616 0 3.76865
0.227422 0 3.76871
0.227229 0 3.76963
0.227035 0 3.77143
0.226842 0 3.77191
0.226649 0 3.77357
0.226455 0 3.77374
0.226262 0 3.7739
0.226068 0 3.775
0.225875 0 3.77509
0.225682 0 3.7762
0.225488 0 3.7764
0.225295 0 3.77644
0.225102 0 3.77647
0.224908 0 3.77795
0.224715 0 3.77816
0.224521 0 3.7823
0.224328 0 3.78282
0.224135 0 3.78287
0.223941 0 3.78287
0.223748 0 3.78324
0.223554 0 3.78571
0.223361 0 3.78577
0.223168 0 3.78757
0.222974 0 3.78784
0.222781 0 3.78802
0.222588 0 3.78828
0.222394 0 3.78984
0.222201 0 3.79013
0.222007 0 3.79152
0.221814 0 3.79201
0.221621 0 3.79335
0.221427 0 3.79457
0.221234 0 3.7948
0.22104 0 3.79524
0.220847 0 3.79558
0.220654 0 3.79702
0.22046 0 3.79793
0.220267 0 3.79815
0.220073 0 3.79847
0.21988 0 3.79892
0.219687 0 3.79978
0.219493 0 3.80019
0.2193 0 3.80128
0.219107 0 3.80183
0.218913 0 3.80261
0.21872 0 3.80285
0.218526 0 3.803
0.218333 0 3.80321
0.21814 0 3.80436
0.217946 0 3.80715
0.217753 0 3.80895
0.217559 0 3.80903
0.217366 0 3.81107
0.217173 0 3.81197
0.216979 0 3.81341
0.216786 0 3.81372
0.216593 0 3.81473
0.216399 0 3.81502
0.216206 0 3.81564
0.216012 0 3.81586
0.215819 0 3.81587
0.215626 0 3.81612
0.215432 0 3.81774
0.215239 0 3.8178
0.215045 0 3.81886
0.214852 0 3.81967
0.214659 0 3.82027
0.214465 0 3.82075
0.214272 0 3.82101
0.214079 0 3.82172
0.213885 0 3.82313
0.213692 0 3.82334
0.213498 0 3.82374
0.213305 0 3.82401
0.213112 0 3.8241
0.212918 0 3.82512
0.212725 0 3.82513
0.212531 0 3.82581
0.212338 0 3.82793
0.212145 0 3.82796
0.211951 0 3.8284
0.211758 0 3.82923
0.211564 0 3.82942
0.211371 0 3.82942
0.211178 0 3.82961
0.210984 0 3.82978
0.210791 0 3.83121
0.210598 0 3.83134
0.210404 0 3.83291
0.210211 0 3.83324
0.210017 0 3.83328
0.209824 0 3.83395
0.209631 0 3.83545
0.209437 0 3.83584
0.209244 0 3.83751
0.20905 0 3.83865
0.208857 0 3.83922
0.208664 0 3.8413
0.20847 0 3.84293
0.208277 0 3.84385
0.208084 0 3.84402
0.20789 0 3.84409
0.207697 0 3.84556
0.207503 0 3.84666
0.20731 0 3.8473
0.207117 0 3.84759
0.206923 0 3.84895
0.20673 0 3.84948
0.206536 0 3.84976
0.206343 0 3.85023
0.20615 0 3.85055
0.205956 0 3.85141
0.205763 0 3.85157
0.20557 0 3.8528
0.205376 0 3.85284
0.205183 0 3.85369
0.204989 0 3.8567
0.204796 0 3.85687
0.204603 0 3.8579
0.204409 0 3.85836
0.204216 0 3.85902
0.204022 0 3.86051
0.203829 0 3.86088
0.203636 0 3.86097
0.203442 0 3.86187
0.203249 0 3.86272
0.203056 0 3.86303
0.202862 0 3.86306
0.202669 0 3.86401
0.202475 0 3.86484
0.202282 0 3.86498
0.202089 0 3.86576
0.201895 0 3.8668
0.201702 0 3.86716
0.201508 0 3.86743
0.201315 0 3.86784
0.201122 0 3.86881
0.200928 0 3.86896
0.200735 0 3.86898
0.200541 0 3.87011
0.200348 0 3.87079
0.200155 0 3.87322
0.199961 0 3.874
0.199768 0 3.87406
0.199575 0 3.8747
0.199381 0 3.87497
0.199188 0 3.87542
0.198994 0 3.87635
0.198801 0 3.8765
0.198608 0 3.87795
0.198414 0 3.87894
0.198221 0 3.87901
0.198027 0 3.87963
0.197834 0 3.88214
0.197641 0 3.88281
0.197447 0 3.88299
0.197254 0 3.8842
0.197061 0 3.88425
0.196867 0 3.88521
0.196674 0 3.88617
0.19648 0 3.88685
0.196287 0 3.88724
0.196094 0 3.88846
0.1959 0 3.88864
0.195707 0 3.88886
0.195513 0 3.88925
0.19532 0 3.89098
0.195127 0 3.89177
0.194933 0 3.89232
0.19474 0 3.89232
0.194547 0 3.89233
0.194353 0 3.89319
0.19416 0 3.89324
0.193966 0 3.89504
0.193773 0 3.8956
0.19358 0 3.89698
0.193386 0 3.8977
0.193193 0 3.89856
0.192999 0 3.89857
0.192806 0 3.89879
0.192613 0 3.9008
0.192419 0 3.90205
0.192226 0 3.90213
0.192032 0 3.90228
0.191839 0 3.90258
0.191646 0 3.90318
0.191452 0 3.9034
0.191259 0 3.90578
0.191066 0 3.90653
0.190872 0 3.90826
0.190679 0 3.90882
0.190485 0 3.90882
0.190292 0 3.90998
0.190099 0 3.91039
0.189905 0 3.91245
0.189712 0 3.91388
0.189518 0 3.91412
0.189325 0 3.91423
0.189132 0 3.91428
0.188938 0 3.91503
0.188745 0 3.91564
0.188552 0 3.91615
0.188358 0 3.91774
0.188165 0 3.91786
0.187971 0 3.91796
0.187778 0 3.9198
0.187585 0 3.92111
0.187391 0 3.92132
0.187198 0 3.92132
0.187004 0 3.92238
0.186811 0 3.92265
0.186618 0 3.92313
0.186424 0 3.9248
0.186231 0 3.92743
0.186038 0 3.92793
0.185844 0 3.92875
0.185651 0 3.92879
0.185457 0 3.92986
0.185264 0 3.93246
0.185071 0 3.93395
0.184877 0 3.93396
0.184684 0 3.93398
0.18449 0 3.93517
0.184297 0 3.93569
0.184104 0 3.93705
0.18391 0 3.93816
0.183717 0 3.93897
0.183523 0 3.93968
0.18333 0 3.94037
0.183137 0 3.9409
0.182943 0 3.94254
0.18275 0 3.94403
0.182557 0 3.9447
0.182363 0 3.94494
0.18217 0 3.94519
0.181976 0 3.94616
0.181783 0 3.94728
0.18159 0 3.9475
0.181396 0 3.94854
0.181203 0 3.94862
0.181009 0 3.94886
0.180816 0 3.94897
0.180623 0 3.95032
0.180429 0 3.95207
0.180236 0 3.95237
0.180043 0 3.95239
0.179849 0 3.95265
0.179656 0 3.95284
0.179462 0 3.95437
0.179269 0 3.95633
0.179076 0 3.95841
0.178882 0 3.95843
0.178689 0 3.95913
0.178495 0 3.95942
0.178302 0 3.95956
0.178109 0 3.95962
0.177915 0 3.96147
0.177722 0 3.96177
0.177529 0 3.96194
0.177335 0 3.96199
0.177142 0 3.96199
0.176948 0 3.96211
0.176755 0 3.96355
0.176562 0 3.96393
0.176368 0 3.96395
0.176175 0 3.96596
0.175981 0 3.96607
0.175788 0 3.96653
0.175595 0 3.96712
0.175401 0 3.96736
0.175208 0 3.96794
0.175015 0 3.96868
0.174821 0 3.96903
0.174628 0 3.96923
0.174434 0 3.96929
0.174241 0 3.96936
0.174048 0 3.96981
0.173854 0 3.97018
0.173661 0 3.97342
0.173467 0 3.975
0.173274 0 3.97511
0.173081 0 3.97537
0.172887 0 3.9761
0.172694 0 3.97616
0.1725 0 3.97784
0.172307 0 3.9784
0.172114 0 3.98078
0.17192 0 3.98135
0.171727 0 3.98171
0.171534 0 3.98246
0.17134 0 3.98303
0.171147 0 3.98307
0.170953 0 3.98358
0.17076 0 3.98501
0.170567 0 3.98734
0.170373 0 3.98769
0.17018 0 3.98785
0.169986 0 3.9886
0.169793 0 3.99021
0.1696 0 3.99034
0.169406 0 3.99079
0.169213 0 3.99131
0.16902 0 3.99263
0.168826 0 3.99278
0.168633 0 3.99293
0.168439 0 3.99308
0.168246 0 3.99323
0.168053 0 3.99356
0.167859 0 3.99371
0.167666 0 3.99537
0.167472 0 3.99566
0.167279 0 3.99759
0.167086 0 3.99857
0.166892 0 3.99874
0.166699 0 4.00139
0.166506 0 4.00203
0.166312 0 4.00211
0.166119 0 4.00272
0.165925 0 4.00313
0.165732 0 4.00484
0.165539 0 4.00509
0.165345 0 4.00515
0.165152 0 4.00545
0.164958 0 4.00643
0.164765 0 4.00788
0.164572 0 4.00794
0.164378 0 4.00868
0.164185 0 4.0128
0.163991 0 4.01325
0.163798 0 4.01342
0.163605 0 4.01373
0.163411 0 4.01424
0.163218 0 4.01551
0.163025 0 4.01557
0.162831 0 4.0179
0.162638 0 4.01929
0.162444 0 4.02095
0.162251 0 4.02104
0.162058 0 4.02143
0.161864 0 4.0229
0.161671 0 4.02291
0.161477 0 4.02355
0.161284 0 4.02392
0.161091 0 4.02562
0.160897 0 4.02634
0.160704 0 4.02732
0.160511 0 4.02784
0.160317 0 4.02821
0.160124 0 4.02939
0.15993 0 4.03143
0.159737 0 4.03154
0.159544 0 4.03183
0.15935 0 4.0325
0.159157 0 4.03259
0.158963 0 4.03334
0.15877 0 4.03387
0.158577 0 4.0342
0.158383 0 4.03423
0.15819 0 4.03488
0.157997 0 4.03518
0.157803 0 4.03675
0.15761 0 4.03747
0.157416 0 4.03774
0.157223 0 4.03815
0.15703 0 4.03861
0.156836 0 4.04038
0.156643 0 4.04154
0.156449 0 4.04307
0.156256 0 4.04379
0.156063 0 4.04444
0.155869 0 4.04491
0.155676 0 4.04735
0.155482 0 4.04832
0.155289 0 4.05104
0.155096 0 4.05168
0.154902 0 4.05215
0.154709 0 4.05221
0.154516 0 4.05311
0.154322 0 4.05643
0.154129 0 4.05721
0.153935 0 4.05793
0.153742 0 4.05794
0.153549 0 4.05942
0.153355 0 4.06013
0.153162 0 4.06147
0.152968 0 4.06333
0.152775 0 4.06467
0.152582 0 4.06576
0.152388 0 4.06592
0.152195 0 4.06618
0.152002 0 4.06719
0.151808 0 4.06747
0.151615 0 4.06796
0.151421 0 4.06949
0.151228 0 4.07004
0.151035 0 4.07041
0.150841 0 4.0712
0.150648 0 4.07134
0.150454 0 4.07193
0.150261 0 4.07279
0.150068 0 4.07287
0.149874 0 4.07471
0.149681 0 4.07519
0.149488 0 4.07533
0.149294 0 4.0769
0.149101 0 4.07725
0.148907 0 4.07859
0.148714 0 4.07866
0.148521 0 4.08149
0.148327 0 4.08211
0.148134 0 4.08264
0.14794 0 4.0837
0.147747 0 4.08375
0.147554 0 4.08435
0.14736 0 4.08575
0.147167 0 4.08584
0.146974 0 4.08627
0.14678 0 4.08674
0.146587 0 4.08714
0.146393 0 4.08721
0.1462 0 4.08903
0.146007 0 4.09046
0.145813 0 4.091
0.14562 0 4.09262
0.145426 0 4.0934
0.145233 0 4.09444
0.14504 0 4.09447
0.144846 0 4.09485
0.144653 0 4.0958
0.144459 0 4.09582
0.144266 0 4.09623
0.144073 0 4.0964
0.143879 0 4.09672
0.143686 0 4.09689
0.143493 0 4.09698
0.143299 0 4.09858
0.143106 0 4.09906
0.142912 0 4.1024
0.142719 0 4.10371
0.142526 0 4.10491
0.142332 0 4.10644
0.142139 0 4.10665
0.141945 0 4.10691
0.141752 0 4.1087
0.141559 0 4.10884
0.141365 0 4.1092
0.141172 0 4.10951
0.140979 0 4.11053
0.140785 0 4.11134
0.140592 0 4.11217
0.140398 0 4.11276
0.140205 0 4.11418
0.140012 0 4.11584
0.139818 0 4.11659
0.139625 0 4.11861
0.139431 0 4.12016
0.139238 0 4.12128
0.139045 0 4.1218
0.138851 0 4.12282
0.138658 0 4.12289
0.138465 0 4.12419
0.138271 0 4.12454
0.138078 0 4.12561
0.137884 0 4.12639
0.137691 0 4.12772
0.137498 0 4.12919
0.137304 0 4.12921
0.137111 0 4.12933
0.136917 0 4.12945
0.136724 0 4.13159
0.136531 0 4.13177
0.136337 0 4.13234
0.136144 0 4.13303
0.13595 0 4.13332
0.135757 0 4.13358
0.135564 0 4.13623
0.13537 0 4.13652
0.135177 0 4.13727
0.134984 0 4.14023
0.13479 0 4.14037
0.134597 0 4.14291
0.134403 0 4.14405
0.13421 0 4.14424
0.134017 0 4.14453
0.133823 0 4.14464
0.13363 0 4.14474
0.133436 0 4.14616
0.133243 0 4.14666
0.13305 0 4.14726
0.132856 0 4.14794
0.132663 0 4.14896
0.13247 0 4.1494
0.132276 0 4.15055
0.132083 0 4.15166
0.131889 0 4.15189
0.131696 0 4.15263
0.131503 0 4.15276
0.131309 0 4.15363
0.131116 0 4.15477
0.130922 0 4.15701
0.130729 0 4.1577
0.130536 0 4.15916
0.130342 0 4.15997
0.130149 0 4.16029
0.129956 0 4.16296
0.129762 0 4.16364
0.129569 0 4.16417
0.129375 0 4.16664
0.129182 0 4.16751
0.128989 0 4.16767
0.128795 0 4.16768
0.128602 0 4.16784
0.128408 0 4.16796
0.128215 0 4.16827
0.128022 0 4.16937
0.127828 0 4.16946
0.127635 0 4.17007
0.127442 0 4.17056
0.127248 0 4.17225
0.127055 0 4.17366
0.126861 0 4.17368
0.126668 0 4.17692
0.126475 0 4.17709
0.126281 0 4.1772
0.126088 0 4.17791
0.125894 0 4.17917
0.125701 0 4.17955
0.125508 0 4.17985
0.125314 0 4.18165
0.125121 0 4.18451
0.124927 0 4.18516
0.124734 0 4.1857
0.124541 0 4.1871
0.124347 0 4.18855
0.124154 0 4.18882
0.123961 0 4.18988
0.123767 0 4.19108
0.123574 0 4.19134
0.12338 0 4.19235
0.123187 0 4.19285
0.122994 0 4.19388
0.1228 0 4.19429
0.122607 0 4.19475
0.122413 0 4.19742
0.12222 0 4.1991
0.122027 0 4.20083
0.121833 0 4.20365
0.12164 0 4.20423
0.121447 0 4.20457
0.121253 0 4.20488
0.12106 0 4.20896
0.120866 0 4.20897
0.120673 0 4.20901
0.12048 0 4.20946
0.120286 0 4.20974
0.120093 0 4.21069
0.119899 0 4.21138
0.119706 0 4.21297
0.119513 0 4.2133
0.119319 0 4.21348
0.119126 0 4.21374
0.118933 0 4.21525
0.118739 0 4.21602
0.118546 0 4.21713
0.118352 0 4.22439
0.118159 0 4.22492
0.117966 0 4.22512
0.117772 0 4.22623
0.117579 0 4.22697
0.117385 0 4.22715
0.117192 0 4.22983
0.116999 0 4.23128
0.116805 0 4.23172
0.116612 0 4.23366
0.116418 0 4.23382
0.116225 0 4.23467
0.116032 0 4.2361
0.115838 0 4.23707
0.115645 0 4.23856
0.115452 0 4.23945
0.115258 0 4.24006
0.115065 0 4.24251
0.114871 0 4.24312
0.114678 0 4.24454
0.114485 0 4.24513
0.114291 0 4.24739
0.114098 0 4.24845
0.113904 0 4.24932
0.113711 0 4.25012
0.113518 0 4.25115
0.113324 0 4.25156
0.113131 0 4.25267
0.112938 0 4.25491
0.112744 0 4.25543
0.112551 0 4.25736
0.112357 0 4.25788
0.112164 0 4.2595
0.111777 0 4.26072
0.111584 0 4.26319
0.11139 0 4.26331
0.111197 0 4.26499
0.111004 0 4.26534
0.11081 0 4.26541
0.110617 0 4.26595
0.110424 0 4.26604
0.11023 0 4.26625
0.110037 0 4.26633
0.109843 0 4.26842
0.10965 0 4.26973
0.109457 0 4.27203
0.109263 0 4.27255
0.10907 0 4.27351
0.108876 0 4.27493
0.108683 0 4.27503
0.10849 0 4.27508
0.108296 0 4.27874
0.108103 0 4.27957
0.107909 0 4.2797
0.107716 0 4.27991
0.107523 0 4.27995
0.107329 0 4.28008
0.107136 0 4.28042
0.106943 0 4.281
0.106749 0 4.2855
0.106556 0 4.28934
0.106362 0 4.29037
0.106169 0 4.29101
0.105976 0 4.2938
0.105782 0 4.295
0.105589 0 4.29561
0.105395 0 4.29583
0.105202 0 4.29845
0.105009 0 4.2986
0.104815 0 4.2988
0.104622 0 4.3002
0.104429 0 4.30209
0.104235 0 4.30303
0.104042 0 4.30353
0.103848 0 4.30389
0.103655 0 4.30438
0.103462 0 4.30705
0.103268 0 4.30842
0.103075 0 4.30965
0.102881 0 4.31055
0.102688 0 4.31212
0.102495 0 4.31237
0.102301 0 4.31242
0.102108 0 4.31391
0.101915 0 4.31529
0.101721 0 4.31588
0.101528 0 4.31643
0.101334 0 4.31738
0.101141 0 4.31928
0.100948 0 4.31938
0.100754 0 4.32287
0.100561 0 4.32289
0.100367 0 4.32318
0.100174 0 4.3242
0.0999807 0 4.3257
0.0997873 0 4.32713
0.0995939 0 4.3296
0.0994005 0 4.33046
0.0992071 0 4.33349
0.0990137 0 4.33461
0.0988203 0 4.33486
0.098627 0 4.33589
0.0984336 0 4.33665
0.0982402 0 4.33786
0.0980468 0 4.34043
0.0978534 0 4.34044
0.09766 0 4.34156
0.0974666 0 4.34192
0.0972733 0 4.34195
0.0970799 0 4.3429
0.0968865 0 4.34394
0.0966931 0 4.34653
0.0964997 0 4.34704
0.0963063 0 4.34911
0.0961129 0 4.34935
0.0959196 0 4.34941
0.0957262 0 4.35008
0.0955328 0 4.35206
0.0953394 0 4.35209
0.095146 0 4.35257
0.0949526 0 4.35264
0.0947592 0 4.35278
0.0945658 0 4.35356
0.0943725 0 4.35393
0.0941791 0 4.354
0.0939857 0 4.3549
0.0937923 0 4.35535
0.0935989 0 4.356
0.0934055 0 4.35618
0.0932121 0 4.35903
0.0930188 0 4.36113
0.0928254 0 4.36235
0.092632 0 4.36339
0.0924386 0 4.36359
0.0922452 0 4.36441
0.0920518 0 4.36549
0.0918584 0 4.36741
0.0916651 0 4.36854
0.0914717 0 4.37035
0.0912783 0 4.37104
0.0910849 0 4.37111
0.0908915 0 4.37242
0.0906981 0 4.37401
0.0905047 0 4.37546
0.0903114 0 4.37727
0.090118 0 4.37759
0.0899246 0 4.37811
0.0897312 0 4.37868
0.0895378 0 4.37884
0.0893444 0 4.37889
0.089151 0 4.38205
0.0889576 0 4.38304
0.0887643 0 4.38371
0.0885709 0 4.38401
0.0883775 0 4.38493
0.0881841 0 4.38543
0.0879907 0 4.38649
0.0877973 0 4.3868
0.0876039 0 4.3868
0.0874106 0 4.38888
0.0872172 0 4.39013
0.0870238 0 4.3904
0.0868304 0 4.39544
0.086637 0 4.397
0.0864436 0 4.40121
0.0862502 0 4.40125
0.0860569 0 4.40252
0.0858635 0 4.40341
0.0856701 0 4.40348
0.0854767 0 4.40493
0.0852833 0 4.40738
0.0850899 0 4.40814
0.0848965 0 4.40852
0.0847032 0 4.40877
0.0845098 0 4.41161
0.0843164 0 4.41269
0.084123 0 4.4128
0.0839296 0 4.41341
0.0837362 0 4.41403
0.0835428 0 4.415
0.0833494 0 4.41585
0.0831561 0 4.41688
0.0829627 0 4.41707
0.0827693 0 4.41794
0.0825759 0 4.41809
0.0823825 0 4.42059
0.0821891 0 4.42132
0.0819957 0 4.42387
0.0818024 0 4.42413
0.081609 0 4.42513
0.0814156 0 4.42586
0.0812222 0 4.42756
0.0810288 0 4.42866
0.0808354 0 4.43063
0.080642 0 4.43246
0.0804487 0 4.43354
0.0802553 0 4.43379
0.0800619 0 4.43387
0.0798685 0 4.43406
0.0796751 0 4.43418
0.0794817 0 4.43508
0.0792883 0 4.43811
0.079095 0 4.43833
0.0789016 0 4.43846
0.0787082 0 4.43901
0.0785148 0 4.44222
0.0783214 0 4.44545
0.078128 0 4.44627
0.0779346 0 4.44959
0.0777412 0 4.45136
0.0775479 0 4.45214
0.0773545 0 4.45574
0.0771611 0 4.45669
0.0769677 0 4.45735
0.0767743 0 4.45828
0.0765809 0 4.45989
0.0763875 0 4.46032
0.0761942 0 4.46108
0.0760008 0 4.46373
0.0758074 0 4.4685
0.075614 0 4.46859
0.0754206 0 4.46901
0.0752272 0 4.46904
0.0750338 0 4.46946
0.0748405 0 4.47008
0.0746471 0 4.47226
0.0744537 0 4.47455
0.0742603 0 4.47458
0.0740669 0 4.47547
0.0738735 0 4.47578
0.0736801 0 4.47755
0.0734868 0 4.47868
0.0732934 0 4.4792
0.0731 0 4.48144
0.0729066 0 4.48208
0.0727132 0 4.48423
0.0725198 0 4.48496
0.0723264 0 4.48541
0.072133 0 4.48583
0.0719397 0 4.48635
0.0717463 0 4.48796
0.0715529 0 4.48811
0.0713595 0 4.48954
0.0711661 0 4.49011
0.0709727 0 4.49045
0.0707793 0 4.49146
0.070586 0 4.49264
0.0703926 0 4.49275
0.0701992 0 4.49423
0.0700058 0 4.49584
0.0698124 0 4.49802
0.069619 0 4.49866
0.0694256 0 4.50059
0.0692323 0 4.50258
0.0690389 0 4.50437
0.0688455 0 4.50441
0.0686521 0 4.5049
0.0684587 0 4.50615
0.0682653 0 4.50648
0.0680719 0 4.50666
0.0678786 0 4.50863
0.0676852 0 4.50898
0.0674918 0 4.50946
0.0672984 0 4.51024
0.067105 0 4.51054
0.0669116 0 4.5107
0.0667182 0 4.51128
0.0663315 0 4.51424
0.0661381 0 4.51691
0.0659447 0 4.51703
0.0657513 0 4.51723
0.0655579 0 4.51833
0.0653645 0 4.5196
0.0651711 0 4.52011
0.0649778 0 4.52053
0.0647844 0 4.52097
0.064591 0 4.52163
0.0643976 0 4.52216
0.0642042 0 4.52618
0.0640108 0 4.52633
0.0638174 0 4.52689
0.0636241 0 4.52801
0.0634307 0 4.52888
0.0632373 0 4.53427
0.0630439 0 4.53579
0.0628505 0 4.5391
0.0626571 0 4.53939
0.0624637 0 4.54329
0.0622704 0 4.54333
0.062077 0 4.54333
0.0618836 0 4.54379
0.0616902 0 4.54398
0.0614968 0 4.54464
0.0613034 0 4.54577
0.06111 0 4.5474
0.0609167 0 4.54786
0.0607233 0 4.5502
0.0605299 0 4.55066
0.0603365 0 4.55105
0.0601431 0 4.55269
0.0599497 0 4.5543
0.0597563 0 4.55479
0.0595629 0 4.55746
0.0593696 0 4.56017
0.0591762 0 4.56306
0.0589828 0 4.5633
0.058596 0 4.56466
0.0584026 0 4.56632
0.0582092 0 4.56814
0.0580159 0 4.57081
0.0578225 0 4.57116
0.0576291 0 4.57127
0.0574357 0 4.57521
0.0572423 0 4.5773
0.0570489 0 4.57811
0.0568555 0 4.57929
0.0566622 0 4.58209
0.0564688 0 4.58294
0.0562754 0 4.58366
0.056082 0 4.58439
0.0558886 0 4.58523
0.0556952 0 4.58553
0.0555018 0 4.58667
0.0553085 0 4.58748
0.0551151 0 4.59454
0.0549217 0 4.59577
0.0547283 0 4.59762
0.0545349 0 4.59823
0.0543415 0 4.59972
0.0541481 0 4.60146
0.0539547 0 4.60219
0.0537614 0 4.60314
0.053568 0 4.60483
0.0533746 0 4.60641
0.0531812 0 4.60804
0.0529878 0 4.60962
0.0527944 0 4.61292
0.052601 0 4.61311
0.0524077 0 4.61584
0.0522143 0 4.6163
0.0520209 0 4.61874
0.0518275 0 4.62029
0.0516341 0 4.62086
0.0514407 0 4.62115
0.0512473 0 4.62288
0.051054 0 4.62743
0.0508606 0 4.62747
0.0506672 0 4.62963
0.0504738 0 4.63014
0.0502804 0 4.63026
0.050087 0 4.63033
0.0498936 0 4.63159
0.0497003 0 4.63169
0.0495069 0 4.63424
0.0493135 0 4.63901
0.0491201 0 4.64434
0.0489267 0 4.64477
0.0487333 0 4.64586
0.0485399 0 4.64618
0.0483465 0 4.64626
0.0481532 0 4.65026
0.0479598 0 4.6507
0.0477664 0 4.65222
0.047573 0 4.65668
0.0473796 0 4.66063
0.0471862 0 4.66203
0.0469928 0 4.66679
0.0467995 0 4.66781
0.0466061 0 4.66847
0.0464127 0 4.66979
0.0462193 0 4.67
0.0460259 0 4.67058
0.0458325 0 4.6718
0.0456391 0 4.67915
0.0454458 0 4.68003
0.0452524 0 4.68107
0.045059 0 4.68356
0.0448656 0 4.68438
0.0446722 0 4.68698
0.0444788 0 4.68826
0.0442854 0 4.68907
0.0440921 0 4.68972
0.0438987 0 4.69057
0.0437053 0 4.69381
0.0435119 0 4.69657
0.0433185 0 4.69856
0.0431251 0 4.69861
0.0429317 0 4.70013
0.0427383 0 4.70334
0.042545 0 4.70415
0.0423516 0 4.70465
0.0421582 0 4.70508
0.0419648 0 4.70558
0.0417714 0 4.70594
0.041578 0 4.70974
0.0413846 0 4.71098
0.0411913 0 4.71212
0.0409979 0 4.71289
0.0408045 0 4.71493
0.0406111 0 4.71576
0.0404177 0 4.71893
0.0402243 0 4.72421
0.0400309 0 4.72488
0.0398376 0 4.72533
0.0396442 0 4.73314
0.0394508 0 4.73696
0.0392574 0 4.73903
0.039064 0 4.74434
0.0388706 0 4.74737
0.0386772 0 4.74945
0.0384839 0 4.75025
0.0382905 0 4.75073
0.0380971 0 4.75504
0.0379037 0 4.76048
0.0377103 0 4.76085
0.0375169 0 4.76444
0.0373235 0 4.76629
0.0371301 0 4.76813
0.0369368 0 4.76832
0.0367434 0 4.77974
0.03655 0 4.78137
0.0363566 0 4.78232
0.0361632 0 4.78298
0.0359698 0 4.78354
0.0357764 0 4.78431
0.0355831 0 4.78712
0.0353897 0 4.79641
0.0351963 0 4.79649
0.0350029 0 4.79951
0.0348095 0 4.80156
0.0346161 0 4.80478
0.0344227 0 4.80553
0.0342294 0 4.80939
0.034036 0 4.81147
0.0338426 0 4.81217
0.0336492 0 4.81248
0.0334558 0 4.81509
0.0332624 0 4.81513
0.033069 0 4.81592
0.0328757 0 4.81598
0.0326823 0 4.81863
0.0324889 0 4.81875
0.0322955 0 4.82083
0.0321021 0 4.82126
0.0319087 0 4.8315
0.0317153 0 4.83179
0.0315219 0 4.83237
0.0313286 0 4.83567
0.0311352 0 4.84303
0.0309418 0 4.84457
0.0307484 0 4.84764
0.030555 0 4.85029
0.0303616 0 4.85063
0.0301682 0 4.85117
0.0299749 0 4.853
0.0297815 0 4.85562
0.0295881 0 4.85669
0.0293947 0 4.85826
0.0292013 0 4.87322
0.0290079 0 4.88297
0.0288145 0 4.88718
0.0286212 0 4.88736
0.0284278 0 4.88919
0.0282344 0 4.88952
0.028041 0 4.8909
0.0278476 0 4.89096
0.0276542 0 4.89125
0.0274608 0 4.89894
0.0272675 0 4.89923
0.0270741 0 4.89988
0.0268807 0 4.90252
0.0266873 0 4.90456
0.0264939 0 4.90626
0.0263005 0 4.90883
0.0261071 0 4.9111
0.0259137 0 4.9155
0.0257204 0 4.91597
0.025527 0 4.9164
0.0253336 0 4.92063
0.0251402 0 4.92328
0.0249468 0 4.92412
0.0247534 0 4.927
0.02456 0 4.92767
0.0243667 0 4.92988
0.0241733 0 4.92991
0.0239799 0 4.93327
0.0237865 0 4.93376
0.0235931 0 4.93378
0.0233997 0 4.93623
0.0232063 0 4.95194
0.023013 0 4.95626
0.0228196 0 4.96065
0.0226262 0 4.96073
0.0224328 0 4.96171
0.0222394 0 4.96743
0.022046 0 4.97109
0.0218526 0 4.97182
0.0216593 0 4.9724
0.0214659 0 4.97369
0.0212725 0 4.97613
0.0210791 0 4.97678
0.0208857 0 4.98372
0.0206923 0 4.98574
0.0204989 0 4.98815
0.0203056 0 4.99882
0.0201122 0 5.00469
0.0199188 0 5.01559
0.0197254 0 5.02347
0.019532 0 5.02487
0.0193386 0 5.02709
0.0191452 0 5.03147
0.0189518 0 5.0359
0.0187585 0 5.03608
0.0185651 0 5.03657
0.0183717 0 5.04227
0.0181783 0 5.04265
0.0179849 0 5.04388
0.0177915 0 5.04416
0.0175981 0 5.04544
0.0174048 0 5.04547
0.0172114 0 5.05684
0.017018 0 5.06057
0.0168246 0 5.06278
0.0166312 0 5.0634
0.0164378 0 5.06418
0.0162444 0 5.06694
0.0160511 0 5.07279
0.0158577 0 5.07694
0.0156643 0 5.08925
0.0154709 0 5.09876
0.0152775 0 5.10202
0.0150841 0 5.11758
0.0148907 0 5.1256
0.0146974 0 5.12584
0.014504 0 5.12827
0.0143106 0 5.12908
0.0141172 0 5.13969
0.0139238 0 5.1428
0.0137304 0 5.14791
0.013537 0 5.14995
0.0133436 0 5.15556
0.0131503 0 5.16301
0.0129569 0 5.16621
0.0127635 0 5.16956
0.0125701 0 5.16984
0.0123767 0 5.17299
0.0121833 0 5.17378
0.0119899 0 5.17621
0.0117966 0 5.17826
0.0116032 0 5.18488
0.0114098 0 5.18587
0.0112164 0 5.1965
0.011023 0 5.20152
0.0108296 0 5.20495
0.0106362 0 5.20809
0.0104429 0 5.21712
0.0102495 0 5.22953
0.0100561 0 5.23384
0.0098627 0 5.23865
0.00966931 0 5.24307
0.00947592 0 5.24466
0.00928254 0 5.25641
0.00908915 0 5.25738
0.00889576 0 5.26424
0.00870238 0 5.27002
0.00850899 0 5.27133
0.00831561 0 5.27536
0.00812222 0 5.27651
0.00792883 0 5.30568
0.00773545 0 5.30952
0.00754206 0 5.31959
0.00734868 0 5.35695
0.00715529 0 5.38048
0.0069619 0 5.38985
0.00676852 0 5.39358
0.00657513 0 5.39617
0.00638174 0 5.40468
0.00618836 0 5.42067
0.00599497 0 5.42343
0.00580159 0 5.43629
0.0056082 0 5.44653
0.00541481 0 5.44807
0.00522143 0 5.45369
0.00502804 0 5.47081
0.00483465 0 5.5045
0.00464127 0 5.50948
0.00444788 0 5.52676
0.0042545 0 5.52742
0.00406111 0 5.54444
0.00386772 0 5.56525
0.00367434 0 5.57458
0.00348095 0 5.59944
0.00328757 0 5.60533
0.00309418 0 5.62962
0.00290079 0 5.63549
0.00270741 0 5.64566
0.00251402 0 5.67352
0.00232063 0 5.68594
0.00212725 0 5.6872
0.00193386 0 5.74185
0.00174048 0 5.77281
0.00154709 0 5.77941
0.0013537 0 5.77962
0.00116032 0 5.81197
0.000966931 0 5.84428
0.000773545 0 6.05667
0.000580159 0 6.08825
0.000386772 0 6.25708
0.000193386 0 6.30764
0 0 1e+020
0 0 1e+020
0 0 1e+020
0 0 1e+020
