0.523957 38
0.523853 38
0.523853 37
0.523745 37
0.523618 37
0.523503 37
0.523407 37
0.523258 37
0.523145 37
0.52303 37
0.522925 37
0.522777 37
0.522668 37
0.522661 36
0.522579 36
0.522579 35
0.522579 34
0.522579 33
0.522475 33
0.522342 33
0.522342 32
0.522241 32
0.522241 31
0.522149 31
0.522028 31
0.521898 31
0.521754 31
0.521666 31
0.521563 31
0.521563 30
0.521421 30
0.521256 30
0.521113 30
0.521113 29
0.520973 29
0.520973 28
0.520906 28
0.5208 28
0.520656 28
0.520543 28
0.520449 28
0.520449 27
0.520318 27
0.52023 27
0.520101 27
0.519989 27
0.519828 27
0.519731 27
0.51963 27
0.5195 27
0.519412 27
0.519338 27
0.519215 27
0.519132 27
0.518999 27
0.518999 26
0.518882 26
0.518784 26
0.518646 26
0.518547 26
0.518428 26
0.518298 26
0.518176 26
0.518082 26
0.518082 25
0.51797 25
0.517845 25
0.517731 25
0.517619 25
0.51758 24
0.517426 24
0.517312 24
0.51722 24
0.517076 24
0.517076 23
0.516934 23
0.516934 22
0.516858 22
0.516726 22
0.516569 22
0.516429 22
0.516297 22
0.516297 21
0.516186 21
0.51608 21
0.515967 21
0.515871 21
0.515755 21
0.51562 21
0.515516 21
0.515516 20
0.515516 19
0.515404 19
0.515263 19
0.515114 19
0.515017 19
0.514894 19
0.514766 19
0.514624 19
0.514513 19
0.514396 19
0.514287 19
0.514199 19
0.51407 19
0.513932 19
0.513807 19
0.513807 18
0.513807 17
0.513712 17
0.513634 17
0.513524 17
0.513438 17
0.513336 17
0.513241 17
0.513123 17
0.512978 17
0.512852 17
0.512714 17
0.51259 17
0.512492 17
0.512386 17
0.512269 17
0.512131 17
0.512034 17
0.511903 17
0.511766 17
0.511623 17
0.511497 17
0.511354 17
0.511354 16
0.511354 15
0.511313 14
0.51124 14
0.511105 14
0.511006 14
0.510889 14
0.510794 14
0.51065 14
0.510531 14
0.510391 14
0.510314 14
0.510186 14
0.510058 14
0.509951 14
0.509817 14
0.509701 14
0.509701 13
0.509598 13
0.509572 12
0.509434 12
0.509305 12
0.509196 12
0.509069 12
0.508974 12
0.508857 12
0.508733 12
0.508614 12
0.508515 12
0.508392 12
0.508235 12
0.5081 12
0.507984 12
0.507984 11
0.50788 11
0.507761 11
0.507646 11
0.507529 11
0.507425 11
0.507293 11
0.507198 11
0.507085 11
0.506971 11
0.506832 11
0.506731 11
0.506731 10
0.50664 10
0.506525 10
0.506407 10
0.506283 10
0.506178 10
0.50607 10
0.505928 10
0.505849 10
0.505702 10
0.505569 10
0.505463 10
0.50535 10
0.505247 10
0.505116 10
0.505008 10
0.504882 10
0.50479 10
0.504696 10
0.504579 10
0.504427 10
0.504319 10
0.504176 10
0.504108 10
0.503959 10
0.503959 9
0.503812 9
0.503676 9
0.50357 9
0.503478 9
0.503393 9
0.503262 9
0.503139 9
0.503018 9
0.502907 9
0.502771 9
0.502661 9
0.502577 9
0.50252 8
0.50239 8
0.502265 8
0.502167 8
0.502062 8
0.501968 8
0.501848 8
0.501735 8
0.501583 8
0.501462 8
0.501351 8
0.501239 8
0.5011 8
0.500966 8
0.500853 8
0.500753 8
0.500641 8
0.500539 8
0.500424 8
0.500334 8
0.500208 8
0.500133 8
0.49999 8
0.499859 8
0.499717 8
0.499598 8
0.499452 8
0.499333 8
0.49921 8
0.499072 8
0.498973 8
0.498839 8
0.498712 8
0.49859 8
0.498494 8
0.49835 8
0.498243 8
0.498112 8
0.497999 8
0.497907 8
0.497799 8
0.497652 8
0.497501 8
0.497376 8
0.497242 8
0.497159 8
0.497159 7
0.49703 7
0.496919 7
0.496804 7
0.496669 7
0.496545 7
0.496416 7
0.496277 7
0.496163 7
0.496028 7
0.495905 7
0.495786 7
0.495636 7
0.495528 7
0.49542 7
0.495288 7
0.495135 7
0.495042 7
0.49493 7
0.494813 7
0.494688 7
0.494556 7
0.494556 6
0.494437 6
0.494437 5
0.494326 5
0.494203 5
0.494085 5
0.493986 5
0.493876 5
0.493761 5
0.493648 5
0.493527 5
0.493402 5
0.493294 5
0.493155 5
0.493053 5
0.492949 5
0.492825 5
0.492725 5
0.492614 5
0.492514 5
0.492385 5
0.49226 5
0.492155 5
0.492071 5
0.491927 5
0.491821 5
0.49169 5
0.491589 5
0.491471 5
0.49135 5
0.491237 5
0.491135 5
0.490993 5
0.490862 5
0.490755 5
0.4906 5
0.490472 5
0.49039 5
0.490262 5
0.490173 5
0.490064 5
0.490064 4
0.489959 4
0.489833 4
0.489674 4
0.489562 4
0.489447 4
0.489305 4
0.489221 4
0.489082 4
0.48897 4
0.488812 4
0.488714 4
0.488594 4
0.488498 4
0.488348 4
0.488205 4
0.488068 4
0.487958 4
0.487836 4
0.487739 4
0.487619 4
0.487514 4
0.487385 4
0.487242 4
0.487119 4
0.486963 4
0.48685 4
0.486746 4
0.486608 4
0.486489 4
0.486337 4
0.486202 4
0.486078 4
0.485978 4
0.485847 4
0.48571 4
0.485635 4
0.485525 4
0.48541 4
0.485309 4
0.485179 4
0.48508 4
0.484994 4
0.484849 4
0.48472 4
0.484589 4
0.484499 4
0.484369 4
0.484244 4
0.484101 4
0.483973 4
0.483881 4
0.483756 4
0.483615 4
0.483484 4
0.483336 4
0.483218 4
0.483092 4
0.482961 4
0.482824 4
0.482702 4
0.482571 4
0.482476 4
0.482376 4
0.48226 4
0.482173 4
0.482056 4
0.481939 4
0.481867 4
0.481734 4
0.481618 4
0.481492 4
0.481378 4
0.481293 4
0.481156 4
0.481034 4
0.48096 4
0.48083 4
0.480697 4
0.480568 4
0.480461 4
0.480347 4
0.480227 4
0.480121 4
0.479972 4
0.479842 4
0.479724 4
0.479609 4
0.479476 4
0.479341 4
0.479198 4
0.479053 4
0.478925 4
0.47882 4
0.478701 4
0.478603 4
0.478481 4
0.47834 4
0.478247 4
0.478133 4
0.478013 4
0.477904 4
0.477775 4
0.477614 4
0.477488 4
0.477405 4
0.477292 4
0.477198 4
0.477123 4
0.476978 4
0.476845 4
0.476752 4
0.476616 4
0.476507 4
0.476354 4
0.476251 4
0.476126 4
0.476023 4
0.475938 4
0.475827 4
0.475713 4
0.4756 4
0.475507 4
0.475366 4
0.475237 4
0.475139 4
0.475036 4
0.4749 4
0.474784 4
0.474683 4
0.474584 4
0.474501 4
0.474368 4
0.474234 4
0.474127 4
0.474025 4
0.473908 4
0.473784 4
0.473698 4
0.473592 4
0.473468 4
0.473358 4
0.473211 4
0.473085 4
0.472977 4
0.472871 4
0.472741 4
0.472622 4
0.472483 4
0.472357 4
0.472259 4
0.472116 4
0.471978 4
0.471838 4
0.471704 4
0.471608 4
0.471465 4
0.471342 4
0.471219 4
0.471112 4
0.470981 4
0.470839 4
0.470717 4
0.470614 4
0.470503 4
0.470367 4
0.470233 4
0.470099 4
0.470099 3
0.469985 3
0.469856 3
0.469724 3
0.469594 3
0.469479 3
0.469367 3
0.469239 3
0.469154 3
0.46901 3
0.468903 3
0.468774 3
0.468774 2
0.468651 2
0.468547 2
0.468433 2
0.468314 2
0.46818 2
0.468052 2
0.46791 2
0.467783 2
0.467664 2
0.467552 2
0.467396 2
0.467258 2
0.467119 2
0.467024 2
0.466888 2
0.466762 2
0.466623 2
0.466495 2
0.466378 2
0.466266 2
0.466147 2
0.466041 2
0.465936 2
0.465844 2
0.465704 2
0.46559 2
0.465466 2
0.465357 2
0.465221 2
0.465124 2
0.464992 2
0.464862 2
0.464739 2
0.464598 2
0.464465 2
0.464342 2
0.464207 2
0.464084 2
0.463959 2
0.463846 2
0.463737 2
0.463607 2
0.463512 2
0.463427 2
0.463427 1
0.463324 1
0.4632 1
0.463036 1
0.46293 1
0.462802 1
0.462669 1
0.462533 1
0.462403 1
0.462276 1
0.462168 1
0.462028 1
0.461919 1
0.461817 1
0.461676 1
0.461585 1
0.461473 1
0.46137 1
0.461251 1
0.461121 1
0.460986 1
0.46085 1
0.460737 1
0.460612 1
0.460481 1
0.460374 1
0.460265 1
0.460134 1
0.46001 1
0.459884 1
0.459775 1
0.459642 1
0.459522 1
0.459409 1
0.459315 1
0.459198 1
0.459058 1
0.458947 1
0.458831 1
0.458726 1
0.45859 1
0.458449 1
0.458316 1
0.458185 1
0.458072 1
0.458002 1
0.457899 1
0.457763 1
0.457614 1
0.457509 1
0.457394 1
0.457275 1
0.457151 1
0.457042 1
0.456925 1
0.4568 1
0.456716 1
0.456588 1
0.456471 1
0.456359 1
0.45624 1
0.456141 1
0.456007 1
0.455847 1
0.455735 1
0.455617 1
0.455519 1
0.455385 1
0.455228 1
0.455116 1
0.455003 1
0.454901 1
0.454807 1
0.454675 1
0.454592 1
0.454469 1
0.454351 1
0.454244 1
0.454143 1
0.454047 1
0.453909 1
0.453806 1
0.453674 1
0.453531 1
0.4534 1
0.453281 1
0.453143 1
0.453021 1
0.452919 1
0.452797 1
0.452682 1
0.452564 1
0.452437 1
0.452343 1
0.452216 1
0.452102 1
0.45203 1
0.451878 1
0.451763 1
0.451655 1
0.451515 1
0.451386 1
0.451252 1
0.451128 1
0.450996 1
0.450881 1
0.450772 1
0.450658 1
0.450546 1
0.450444 1
0.450305 1
0.450175 1
0.450079 1
0.449963 1
0.449823 1
0.449728 1
0.449611 1
0.449492 1
0.449366 1
0.449366 0
0.449244 0
0.449149 0
0.448869 0
0.448739 0
0.448639 0
0.448522 0
0.448401 0
0.448307 0
0.448168 0
0.448071 0
0.447972 0
0.44787 0
0.447764 0
0.447661 0
0.447567 0
0.447428 0
0.447318 0
0.447188 0
0.44706 0
0.44694 0
0.446805 0
0.446678 0
0.446562 0
0.44644 0
0.446292 0
0.446147 0
0.446041 0
0.445931 0
0.445802 0
0.445686 0
0.445556 0
0.445446 0
0.445332 0
0.44524 0
0.445114 0
0.445029 0
0.444899 0
0.444782 0
0.444671 0
0.444581 0
0.444462 0
0.444331 0
0.444201 0
0.444088 0
0.44398 0
0.443831 0
0.443692 0
0.443576 0
0.44345 0
0.443328 0
0.443183 0
0.443055 0
0.44298 0
0.44285 0
0.442769 0
0.442621 0
0.442507 0
0.442375 0
0.442305 0
0.442169 0
0.442023 0
0.441904 0
0.441765 0
0.441653 0
0.441544 0
0.44142 0
0.44128 0
0.44115 0
0.441031 0
0.440904 0
0.440814 0
0.4407 0
0.440595 0
0.440474 0
0.44037 0
0.440225 0
0.440089 0
0.439965 0
0.439845 0
0.439699 0
0.439578 0
0.439449 0
0.439327 0
0.43921 0
0.439101 0
0.438978 0
0.438846 0
0.438743 0
0.438636 0
0.438513 0
0.438395 0
0.438277 0
0.438172 0
0.438052 0
0.437924 0
0.437793 0
0.437659 0
0.437542 0
0.437443 0
0.437325 0
0.437203 0
0.437079 0
0.43695 0
0.436809 0
0.436689 0
0.436574 0
0.436453 0
0.43634 0
0.436227 0
0.436114 0
0.435986 0
0.435886 0
0.435791 0
0.435671 0
0.435453 0
0.435334 0
0.435252 0
0.435157 0
0.43501 0
0.434901 0
0.434784 0
0.434648 0
0.434555 0
0.434421 0
0.43432 0
0.434195 0
0.434088 0
0.433957 0
0.433842 0
0.433717 0
0.433605 0
0.433468 0
0.433339 0
0.433223 0
0.433098 0
0.432976 0
0.43285 0
0.432734 0
0.432581 0
0.432444 0
0.432333 0
0.432194 0
0.432063 0
0.431941 0
0.431813 0
0.431674 0
0.431572 0
0.431431 0
0.431311 0
0.431197 0
0.431067 0
0.430969 0
0.430871 0
0.430763 0
0.430643 0
0.430508 0
0.430412 0
0.430284 0
0.430125 0
0.429985 0
0.42986 0
0.429748 0
0.429608 0
0.429494 0
0.429382 0
0.429257 0
0.42915 0
0.429039 0
0.428907 0
0.428784 0
0.42867 0
0.428554 0
0.428411 0
0.428289 0
0.4282 0
0.428082 0
0.427975 0
0.427847 0
0.42774 0
0.427601 0
0.427467 0
0.42733 0
0.427238 0
0.427121 0
0.426994 0
0.426868 0
0.426751 0
0.426609 0
0.426481 0
0.426358 0
0.426216 0
0.426085 0
0.425959 0
0.425835 0
0.425687 0
0.425554 0
0.425446 0
0.425321 0
0.425211 0
0.425103 0
0.424985 0
0.424888 0
0.424767 0
0.424665 0
0.424541 0
0.424405 0
0.424288 0
0.424164 0
0.424075 0
0.423982 0
0.42385 0
0.423719 0
0.423601 0
0.423469 0
0.423358 0
0.42322 0
0.423106 0
0.423012 0
0.422882 0
0.422748 0
0.422625 0
0.422511 0
0.422281 0
0.422172 0
0.422031 0
0.421923 0
0.421831 0
0.421715 0
0.421585 0
0.421468 0
0.421342 0
0.421234 0
0.4211 0
0.420986 0
0.420866 0
0.420768 0
0.420641 0
0.420507 0
0.420389 0
0.420274 0
0.420151 0
0.420022 0
0.419908 0
0.419799 0
0.419679 0
0.419556 0
0.419417 0
0.419299 0
0.419166 0
0.419041 0
0.418902 0
0.41878 0
0.41866 0
0.418533 0
0.418414 0
0.418282 0
0.418189 0
0.41806 0
0.417922 0
0.417799 0
0.417649 0
0.417525 0
0.417392 0
0.417271 0
0.417127 0
0.416988 0
0.416869 0
0.41676 0
0.416645 0
0.416528 0
0.416396 0
0.416283 0
0.416175 0
0.416062 0
0.415966 0
0.415835 0
0.4157 0
0.415582 0
0.415475 0
0.415345 0
0.415216 0
0.415084 0
0.414959 0
0.414829 0
0.414692 0
0.414614 0
0.414507 0
0.414378 0
0.414264 0
0.414161 0
0.414028 0
0.413894 0
0.413764 0
0.413654 0
0.413517 0
0.413389 0
0.413268 0
0.413132 0
0.413029 0
0.412892 0
0.412783 0
0.412645 0
0.412506 0
0.412414 0
0.412295 0
0.412157 0
0.412031 0
0.411882 0
0.411775 0
0.411644 0
0.411503 0
0.411366 0
0.411231 0
0.411098 0
0.410991 0
0.410907 0
0.410768 0
0.410644 0
0.410523 0
0.410414 0
0.41028 0
0.410176 0
0.410052 0
0.409956 0
0.40984 0
0.409709 0
0.409589 0
0.409464 0
0.409355 0
0.409215 0
0.40908 0
0.408961 0
0.408831 0
0.408709 0
0.408567 0
0.408426 0
0.408318 0
0.408201 0
0.408101 0
0.407965 0
0.407844 0
0.407719 0
0.407582 0
0.407451 0
0.407359 0
0.407235 0
0.407122 0
0.406992 0
0.406853 0
0.406743 0
0.406604 0
0.406524 0
0.406398 0
0.406279 0
0.406166 0
0.40606 0
0.405945 0
0.405805 0
0.405697 0
0.405575 0
0.405449 0
0.405332 0
0.405201 0
0.405073 0
0.404936 0
0.404801 0
0.404658 0
0.404525 0
0.4044 0
0.404272 0
0.404149 0
0.404021 0
0.403895 0
0.40378 0
0.403665 0
0.403551 0
0.403417 0
0.403298 0
0.403188 0
0.403062 0
0.402959 0
0.40282 0
0.402689 0
0.402548 0
0.40243 0
0.402307 0
0.402185 0
0.402069 0
0.401944 0
0.401825 0
0.401685 0
0.401586 0
0.401467 0
0.40134 0
0.401222 0
0.401074 0
0.400984 0
0.400869 0
0.400754 0
0.400603 0
0.400479 0
0.400376 0
0.400242 0
0.400116 0
0.399995 0
0.399872 0
0.399755 0
0.399622 0
0.399545 0
0.399434 0
0.399297 0
0.399182 0
0.399046 0
0.398925 0
0.398806 0
0.398712 0
0.398588 0
0.398458 0
0.398335 0
0.398207 0
0.398071 0
0.397952 0
0.39785 0
0.39773 0
0.397627 0
0.397515 0
0.397373 0
0.397249 0
0.397122 0
0.396978 0
0.396886 0
0.396773 0
0.396624 0
0.396514 0
0.396399 0
0.396257 0
0.396145 0
0.396022 0
0.395898 0
0.395783 0
0.395665 0
0.395528 0
0.395424 0
0.395294 0
0.395181 0
0.395053 0
0.394928 0
0.394806 0
0.394732 0
0.39461 0
0.394477 0
0.394359 0
0.394235 0
0.394116 0
0.393978 0
0.393855 0
0.393722 0
0.393615 0
0.393505 0
0.393353 0
0.393222 0
0.393086 0
0.392991 0
0.392842 0
0.392704 0
0.392558 0
0.392448 0
0.392333 0
0.392201 0
0.392048 0
0.391931 0
0.391844 0
0.391737 0
0.391621 0
0.391508 0
0.391387 0
0.391261 0
0.391163 0
0.391051 0
0.390932 0
0.390822 0
0.390685 0
0.390569 0
0.390462 0
0.390317 0
0.390195 0
0.390077 0
0.389954 0
0.389818 0
0.389713 0
0.38958 0
0.389461 0
0.389341 0
0.389235 0
0.389107 0
0.388975 0
0.388861 0
0.388754 0
0.388652 0
0.388552 0
0.388444 0
0.388318 0
0.388202 0
0.388095 0
0.387971 0
0.387862 0
0.387745 0
0.387603 0
0.387494 0
0.38736 0
0.387215 0
0.387085 0
0.386949 0
0.386825 0
0.386689 0
0.386559 0
0.38643 0
0.386341 0
0.386223 0
0.386102 0
0.385971 0
0.385836 0
0.385712 0
0.385601 0
0.385476 0
0.385371 0
0.38523 0
0.385109 0
0.384988 0
0.384866 0
0.384745 0
0.384611 0
0.384469 0
0.384356 0
0.38423 0
0.384108 0
0.383945 0
0.383808 0
0.383682 0
0.383553 0
0.383446 0
0.383345 0
0.383242 0
0.383108 0
0.382961 0
0.382842 0
0.382741 0
0.382606 0
0.382501 0
0.38239 0
0.382249 0
0.382158 0
0.382042 0
0.381918 0
0.381795 0
0.381668 0
0.381594 0
0.38148 0
0.381375 0
0.381251 0
0.38114 0
0.381009 0
0.380899 0
0.380777 0
0.380634 0
0.380408 0
0.380291 0
0.380169 0
0.380083 0
0.37996 0
0.379842 0
0.379723 0
0.379593 0
0.379461 0
0.379345 0
0.379232 0
0.379093 0
0.378963 0
0.37885 0
0.378734 0
0.378623 0
0.378482 0
0.378349 0
0.37811 0
0.377976 0
0.377872 0
0.377752 0
0.377637 0
0.377507 0
0.377383 0
0.377247 0
0.377109 0
0.376981 0
0.376838 0
0.376704 0
0.376583 0
0.376459 0
0.376335 0
0.376198 0
0.376078 0
0.375937 0
0.375809 0
0.375665 0
0.375535 0
0.375404 0
0.375316 0
0.375191 0
0.375082 0
0.374961 0
0.374827 0
0.374695 0
0.374571 0
0.374429 0
0.374296 0
0.374181 0
0.37405 0
0.373943 0
0.373822 0
0.373728 0
0.373599 0
0.373467 0
0.373354 0
0.373225 0
0.37312 0
0.372989 0
0.372891 0
0.372752 0
0.372647 0
0.372496 0
0.372369 0
0.372236 0
0.372141 0
0.37203 0
0.371928 0
0.371796 0
0.371705 0
0.37158 0
0.371454 0
0.371314 0
0.371172 0
0.371033 0
0.370911 0
0.370801 0
0.370667 0
0.370451 0
0.370312 0
0.370196 0
0.370071 0
0.369936 0
0.369796 0
0.369685 0
0.369557 0
0.369444 0
0.369321 0
0.369185 0
0.369078 0
0.368944 0
0.368825 0
0.368699 0
0.368558 0
0.368438 0
0.368333 0
0.368215 0
0.368096 0
0.367968 0
0.367862 0
0.36773 0
0.367609 0
0.367484 0
0.367359 0
0.36721 0
0.367103 0
0.366976 0
0.366854 0
0.366741 0
0.366602 0
0.366487 0
0.36638 0
0.366258 0
0.36613 0
0.366018 0
0.365893 0
0.365764 0
0.365636 0
0.365514 0
0.365388 0
0.365276 0
0.365137 0
0.364999 0
0.364881 0
0.364771 0
0.364632 0
0.364512 0
0.364376 0
0.364244 0
0.36411 0
0.363987 0
0.363842 0
0.363716 0
0.363581 0
0.363443 0
0.363323 0
0.363204 0
0.363099 0
0.362974 0
0.362844 0
0.362717 0
0.36259 0
0.36247 0
0.362327 0
0.36218 0
0.362073 0
0.361971 0
0.361852 0
0.361719 0
0.36159 0
0.361476 0
0.361347 0
0.361234 0
0.361082 0
0.360955 0
0.360814 0
0.360684 0
0.360548 0
0.360436 0
0.36033 0
0.360216 0
0.360082 0
0.359968 0
0.359825 0
0.359703 0
0.359597 0
0.359492 0
0.359389 0
0.359263 0
0.359149 0
0.359042 0
0.358918 0
0.358819 0
0.358695 0
0.358572 0
0.358443 0
0.358326 0
0.358206 0
0.358084 0
0.357955 0
0.35786 0
0.357728 0
0.357597 0
0.357484 0
0.357374 0
0.357251 0
0.357122 0
0.356997 0
0.356875 0
0.356753 0
0.356616 0
0.35647 0
0.356347 0
0.35621 0
0.356075 0
0.35596 0
0.355825 0
0.3557 0
0.35559 0
0.355472 0
0.355331 0
0.355198 0
0.355058 0
0.35492 0
0.354781 0
0.354643 0
0.35452 0
0.354422 0
0.354297 0
0.354192 0
0.35408 0
0.353965 0
0.353858 0
0.35374 0
0.353606 0
0.353473 0
0.353317 0
0.353184 0
0.353064 0
0.352936 0
0.3528 0
0.352658 0
0.35253 0
0.352406 0
0.352295 0
0.352172 0
0.35203 0
0.351938 0
0.351806 0
0.35167 0
0.351554 0
0.35144 0
0.351337 0
0.351208 0
0.351097 0
0.350986 0
0.350861 0
0.350773 0
0.350647 0
0.350557 0
0.350413 0
0.350287 0
0.350132 0
0.350025 0
0.349901 0
0.349765 0
0.349641 0
0.34952 0
0.349409 0
0.349294 0
0.349163 0
0.349035 0
0.348902 0
0.348777 0
0.348666 0
0.348527 0
0.348411 0
0.348293 0
0.348181 0
0.348047 0
0.347924 0
0.347801 0
0.347685 0
0.347562 0
0.347426 0
0.347299 0
0.347197 0
0.347086 0
0.346973 0
0.346844 0
0.346716 0
0.346578 0
0.346451 0
0.346339 0
0.346241 0
0.346115 0
0.346 0
0.345857 0
0.345731 0
0.345576 0
0.34546 0
0.345336 0
0.345229 0
0.345104 0
0.344989 0
0.344864 0
0.344738 0
0.344626 0
0.344511 0
0.344363 0
0.344228 0
0.344127 0
0.344005 0
0.343883 0
0.343763 0
0.343629 0
0.343487 0
0.343331 0
0.343219 0
0.343131 0
0.342985 0
0.342873 0
0.34275 0
0.342623 0
0.342521 0
0.342409 0
0.342271 0
0.342142 0
0.342017 0
0.341896 0
0.341777 0
0.341673 0
0.341552 0
0.341425 0
0.341317 0
0.341195 0
0.34109 0
0.340965 0
0.340844 0
0.340732 0
0.340597 0
0.340456 0
0.340344 0
0.340245 0
0.340131 0
0.340001 0
0.339863 0
0.339727 0
0.339603 0
0.33951 0
0.339401 0
0.339289 0
0.339157 0
0.339036 0
0.338906 0
0.338805 0
0.338675 0
0.338542 0
0.338425 0
0.338298 0
0.338173 0
0.338055 0
0.337934 0
0.337808 0
0.337666 0
0.337542 0
0.337436 0
0.337307 0
0.337172 0
0.337038 0
0.33693 0
0.336815 0
0.336691 0
0.336557 0
0.336451 0
0.336333 0
0.336204 0
0.336058 0
0.335934 0
0.335806 0
0.335685 0
0.33557 0
0.335437 0
0.335326 0
0.335205 0
0.335087 0
0.33497 0
0.334819 0
0.334684 0
0.334564 0
0.334461 0
0.334346 0
0.334247 0
0.33411 0
0.333968 0
0.333857 0
0.333739 0
0.333625 0
0.333508 0
0.333392 0
0.33326 0
0.333138 0
0.333019 0
0.332895 0
0.332768 0
0.332651 0
0.332537 0
0.332405 0
0.332265 0
0.332152 0
0.332032 0
0.331907 0
0.33177 0
0.331631 0
0.331517 0
0.331403 0
0.331297 0
0.331165 0
0.331034 0
0.330901 0
0.330769 0
0.330625 0
0.330516 0
0.33039 0
0.33028 0
0.330176 0
0.330035 0
0.32989 0
0.329755 0
0.32963 0
0.329494 0
0.32939 0
0.329273 0
0.32919 0
0.329087 0
0.328959 0
0.328818 0
0.328688 0
0.32857 0
0.328454 0
0.328322 0
0.328195 0
0.32806 0
0.327927 0
0.327824 0
0.327716 0
0.327606 0
0.327483 0
0.327338 0
0.327224 0
0.327101 0
0.326961 0
0.326825 0
0.326695 0
0.326592 0
0.326464 0
0.32635 0
0.326214 0
0.326094 0
0.325991 0
0.32588 0
0.325737 0
0.325617 0
0.325501 0
0.325371 0
0.325258 0
0.325121 0
0.325002 0
0.324877 0
0.324751 0
0.324597 0
0.32445 0
0.324323 0
0.324195 0
0.324101 0
0.323964 0
0.323869 0
0.323739 0
0.323589 0
0.323465 0
0.323347 0
0.323215 0
0.323078 0
0.322954 0
0.322835 0
0.322726 0
0.322589 0
0.322452 0
0.322343 0
0.322223 0
0.32211 0
0.322004 0
0.321862 0
0.321744 0
0.321613 0
0.321482 0
0.321349 0
0.321219 0
0.321089 0
0.320951 0
0.320843 0
0.320743 0
0.320607 0
0.320487 0
0.320353 0
0.32023 0
0.320102 0
0.319976 0
0.319855 0
0.319717 0
0.31961 0
0.319495 0
0.319378 0
0.319253 0
0.319134 0
0.319022 0
0.318886 0
0.318769 0
0.318636 0
0.318522 0
0.318399 0
0.318269 0
0.318154 0
0.31803 0
0.317918 0
0.317792 0
0.317692 0
0.317573 0
0.317451 0
0.317322 0
0.317213 0
0.317109 0
0.31698 0
0.316862 0
0.316759 0
0.316637 0
0.316527 0
0.316401 0
0.316298 0
0.31617 0
0.315912 0
0.315796 0
0.315673 0
0.315527 0
0.315378 0
0.315246 0
0.315143 0
0.314991 0
0.314884 0
0.314768 0
0.314654 0
0.314532 0
0.314392 0
0.314285 0
0.314151 0
0.314031 0
0.313908 0
0.313787 0
0.313684 0
0.313583 0
0.313448 0
0.313305 0
0.313178 0
0.313079 0
0.31297 0
0.312829 0
0.312714 0
0.3126 0
0.312447 0
0.312315 0
0.312206 0
0.312087 0
0.31195 0
0.311834 0
0.311706 0
0.311564 0
0.311448 0
0.311327 0
0.311213 0
0.311096 0
0.310997 0
0.310872 0
0.310752 0
0.310648 0
0.310528 0
0.310402 0
0.310288 0
0.310158 0
0.310036 0
0.309899 0
0.309789 0
0.309671 0
0.309534 0
0.309423 0
0.309308 0
0.309153 0
0.309026 0
0.308902 0
0.308776 0
0.308649 0
0.308522 0
0.308397 0
0.30828 0
0.308161 0
0.308034 0
0.307914 0
0.307789 0
0.30768 0
0.30754 0
0.307416 0
0.307291 0
0.307166 0
0.307046 0
0.306927 0
0.306789 0
0.306666 0
0.306533 0
0.3064 0
0.306285 0
0.306165 0
0.306041 0
0.305926 0
0.305819 0
0.305695 0
0.305595 0
0.305469 0
0.305358 0
0.30523 0
0.3051 0
0.304973 0
0.304853 0
0.304704 0
0.304576 0
0.304478 0
0.304354 0
0.304241 0
0.304115 0
0.303978 0
0.303865 0
0.303754 0
0.303633 0
0.303512 0
0.303386 0
0.303254 0
0.30312 0
0.302996 0
0.302866 0
0.302733 0
0.302596 0
0.302475 0
0.302357 0
0.302241 0
0.302101 0
0.301975 0
0.301858 0
0.301749 0
0.30162 0
0.301493 0
0.301356 0
0.301246 0
0.301138 0
0.30102 0
0.300884 0
0.300761 0
0.300635 0
0.300495 0
0.300361 0
0.300242 0
0.300128 0
0.299993 0
0.29986 0
0.299719 0
0.299621 0
0.299488 0
0.299363 0
0.299229 0
0.299098 0
0.298972 0
0.298861 0
0.298741 0
0.298621 0
0.298514 0
0.298397 0
0.298247 0
0.298123 0
0.298014 0
0.297878 0
0.297736 0
0.297597 0
0.297477 0
0.297355 0
0.297232 0
0.297106 0
0.296981 0
0.296867 0
0.296745 0
0.296632 0
0.296519 0
0.296381 0
0.296279 0
0.296139 0
0.296016 0
0.295893 0
0.295775 0
0.295674 0
0.295537 0
0.295406 0
0.295289 0
0.295182 0
0.295067 0
0.294916 0
0.29484 0
0.294713 0
0.294591 0
0.294458 0
0.294356 0
0.294232 0
0.294089 0
0.29398 0
0.293872 0
0.29375 0
0.293663 0
0.293529 0
0.293405 0
0.293297 0
0.293186 0
0.293078 0
0.292944 0
0.292854 0
0.29273 0
0.292603 0
0.292497 0
0.292358 0
0.292233 0
0.29211 0
0.291977 0
0.291878 0
0.291779 0
0.291653 0
0.291523 0
0.291412 0
0.291298 0
0.291165 0
0.291035 0
0.290915 0
0.290795 0
0.290698 0
0.290593 0
0.290462 0
0.290311 0
0.290191 0
0.290068 0
0.289948 0
0.289812 0
0.289714 0
0.289611 0
0.289466 0
0.289349 0
0.289217 0
0.289103 0
0.288989 0
0.288857 0
0.28875 0
0.288612 0
0.288499 0
0.288385 0
0.288274 0
0.288156 0
0.288052 0
0.28795 0
0.287854 0
0.287749 0
0.287615 0
0.287485 0
0.287354 0
0.287136 0
0.287018 0
0.286898 0
0.286784 0
0.286643 0
0.286521 0
0.286419 0
0.286309 0
0.286167 0
0.286065 0
0.285959 0
0.285813 0
0.285681 0
0.285596 0
0.285468 0
0.28534 0
0.285206 0
0.285079 0
0.284972 0
0.28486 0
0.284728 0
0.284605 0
0.284476 0
0.284365 0
0.28426 0
0.284147 0
0.284028 0
0.283785 0
0.283664 0
0.283533 0
0.283406 0
0.283297 0
0.283172 0
0.283041 0
0.28291 0
0.282788 0
0.282642 0
0.282514 0
0.282415 0
0.282285 0
0.282165 0
0.282043 0
0.281913 0
0.281802 0
0.281663 0
0.281549 0
0.281437 0
0.281306 0
0.281184 0
0.281051 0
0.280912 0
0.280797 0
0.280672 0
0.280558 0
0.280446 0
0.280323 0
0.280179 0
0.280064 0
0.279945 0
0.279832 0
0.279702 0
0.27959 0
0.279458 0
0.279336 0
0.279201 0
0.279083 0
0.278953 0
0.278829 0
0.278718 0
0.278597 0
0.278484 0
0.278361 0
0.278241 0
0.278114 0
0.277992 0
0.277865 0
0.277738 0
0.277629 0
0.277482 0
0.277344 0
0.277204 0
0.277126 0
0.277009 0
0.276881 0
0.276752 0
0.276615 0
0.276517 0
0.27638 0
0.276267 0
0.276138 0
0.275987 0
0.275853 0
0.275717 0
0.275591 0
0.275478 0
0.275344 0
0.275222 0
0.275095 0
0.274972 0
0.274835 0
0.274711 0
0.274595 0
0.274481 0
0.274356 0
0.274245 0
0.274114 0
0.273983 0
0.273844 0
0.273731 0
0.273603 0
0.273489 0
0.273367 0
0.273236 0
0.273107 0
0.272985 0
0.272872 0
0.272753 0
0.272621 0
0.272509 0
0.272397 0
0.272261 0
0.272126 0
0.272006 0
0.271887 0
0.27177 0
0.271649 0
0.271536 0
0.271401 0
0.271293 0
0.271191 0
0.27106 0
0.270923 0
0.270776 0
0.270658 0
0.270521 0
0.270395 0
0.270257 0
0.270137 0
0.270021 0
0.269879 0
0.269775 0
0.26965 0
0.269532 0
0.269405 0
0.269287 0
0.269154 0
0.269037 0
0.268908 0
0.2688 0
0.268705 0
0.26859 0
0.268456 0
0.268316 0
0.268194 0
0.268078 0
0.267964 0
0.267835 0
0.267714 0
0.267599 0
0.26749 0
0.267361 0
0.267231 0
0.267127 0
0.26702 0
0.266877 0
0.26677 0
0.266637 0
0.266523 0
0.266402 0
0.266281 0
0.266178 0
0.266041 0
0.265935 0
0.265801 0
0.265675 0
0.265552 0
0.265437 0
0.265333 0
0.265198 0
0.265081 0
0.264957 0
0.264846 0
0.264725 0
0.264599 0
0.264473 0
0.264357 0
0.264227 0
0.264108 0
0.263988 0
0.263858 0
0.263712 0
0.263579 0
0.26343 0
0.26331 0
0.263198 0
0.263074 0
0.262968 0
0.262839 0
0.262717 0
0.262588 0
0.262461 0
0.262332 0
0.262216 0
0.262095 0
0.261988 0
0.26186 0
0.261759 0
0.261621 0
0.261496 0
0.261367 0
0.261247 0
0.261127 0
0.261031 0
0.260889 0
0.260761 0
0.260644 0
0.260522 0
0.260396 0
0.260288 0
0.260158 0
0.260056 0
0.259919 0
0.259793 0
0.259667 0
0.259565 0
0.259433 0
0.259337 0
0.259213 0
0.259117 0
0.258983 0
0.258858 0
0.258714 0
0.258587 0
0.258476 0
0.258341 0
0.258224 0
0.258108 0
0.257993 0
0.257872 0
0.257757 0
0.257647 0
0.257524 0
0.257393 0
0.257272 0
0.257152 0
0.257026 0
0.256897 0
0.256789 0
0.256674 0
0.256552 0
0.256431 0
0.256303 0
0.256161 0
0.256037 0
0.255907 0
0.25579 0
0.255656 0
0.255531 0
0.255419 0
0.255296 0
0.255168 0
0.255046 0
0.254936 0
0.254844 0
0.254696 0
0.254568 0
0.254442 0
0.254326 0
0.254203 0
0.254083 0
0.253975 0
0.253847 0
0.253713 0
0.253575 0
0.253437 0
0.25329 0
0.253159 0
0.25304 0
0.252918 0
0.252802 0
0.252691 0
0.252562 0
0.252425 0
0.252312 0
0.252166 0
0.252049 0
0.251929 0
0.251802 0
0.251687 0
0.251574 0
0.251456 0
0.251348 0
0.251218 0
0.251089 0
0.25098 0
0.250846 0
0.250731 0
0.2506 0
0.250466 0
0.250347 0
0.250218 0
0.250099 0
0.249975 0
0.249855 0
0.249728 0
0.249609 0
0.249494 0
0.249361 0
0.249235 0
0.249116 0
0.248996 0
0.248862 0
0.24875 0
0.248621 0
0.248475 0
0.248357 0
0.24822 0
0.248093 0
0.247974 0
0.247845 0
0.247731 0
0.247606 0
0.247492 0
0.247384 0
0.247258 0
0.247137 0
0.247024 0
0.246894 0
0.246773 0
0.246641 0
0.246511 0
0.246389 0
0.246257 0
0.246141 0
0.24601 0
0.245893 0
0.245786 0
0.245682 0
0.245582 0
0.245477 0
0.245362 0
0.245239 0
0.245117 0
0.245009 0
0.244862 0
0.244745 0
0.244603 0
0.24448 0
0.244347 0
0.244225 0
0.244119 0
0.243987 0
0.243855 0
0.243721 0
0.243598 0
0.243476 0
0.243359 0
0.243233 0
0.24311 0
0.242987 0
0.242853 0
0.242617 0
0.242503 0
0.242379 0
0.242256 0
0.242132 0
0.242005 0
0.241884 0
0.241755 0
0.241637 0
0.241522 0
0.241412 0
0.241284 0
0.241183 0
0.241048 0
0.24093 0
0.240806 0
0.240697 0
0.240572 0
0.240457 0
0.240346 0
0.240227 0
0.240096 0
0.239947 0
0.239839 0
0.239703 0
0.239575 0
0.239439 0
0.239316 0
0.239194 0
0.239079 0
0.238957 0
0.238849 0
0.238721 0
0.238619 0
0.238493 0
0.238351 0
0.238243 0
0.238137 0
0.238002 0
0.237889 0
0.237773 0
0.237655 0
0.237547 0
0.237419 0
0.237283 0
0.237167 0
0.23705 0
0.236939 0
0.236815 0
0.236708 0
0.236605 0
0.236464 0
0.236344 0
0.236199 0
0.236073 0
0.235937 0
0.235828 0
0.235683 0
0.235577 0
0.235451 0
0.235321 0
0.235205 0
0.235072 0
0.234955 0
0.234851 0
0.234727 0
0.234596 0
0.234486 0
0.23437 0
0.234253 0
0.234148 0
0.234032 0
0.233903 0
0.233793 0
0.233689 0
0.233577 0
0.233461 0
0.233316 0
0.233177 0
0.233027 0
0.232923 0
0.232811 0
0.232688 0
0.232548 0
0.232432 0
0.232295 0
0.232151 0
0.232015 0
0.231891 0
0.23176 0
0.231636 0
0.231495 0
0.231354 0
0.231252 0
0.23112 0
0.231015 0
0.230898 0
0.23078 0
0.230666 0
0.230553 0
0.230429 0
0.230321 0
0.230218 0
0.230108 0
0.229989 0
0.229853 0
0.229733 0
0.229616 0
0.229499 0
0.229383 0
0.229271 0
0.22916 0
0.229041 0
0.228912 0
0.228787 0
0.228662 0
0.22854 0
0.228434 0
0.228307 0
0.228185 0
0.228066 0
0.227927 0
0.227804 0
0.227689 0
0.22757 0
0.227446 0
0.227344 0
0.227229 0
0.22712 0
0.227 0
0.226874 0
0.226762 0
0.226637 0
0.2265 0
0.226373 0
0.22625 0
0.226144 0
0.226017 0
0.22589 0
0.225768 0
0.225657 0
0.225531 0
0.225408 0
0.225291 0
0.225181 0
0.22504 0
0.224929 0
0.224821 0
0.224682 0
0.224549 0
0.224425 0
0.224314 0
0.224199 0
0.22407 0
0.223962 0
0.223828 0
0.223723 0
0.223593 0
0.223483 0
0.223349 0
0.223232 0
0.223085 0
0.222954 0
0.222835 0
0.2227 0
0.222586 0
0.222474 0
0.222324 0
0.22219 0
0.222052 0
0.221935 0
0.221821 0
0.221687 0
0.221557 0
0.221439 0
0.221314 0
0.221195 0
0.221048 0
0.22091 0
0.220761 0
0.220624 0
0.220502 0
0.22037 0
0.220246 0
0.220128 0
0.220008 0
0.219873 0
0.21975 0
0.219649 0
0.219541 0
0.219429 0
0.219296 0
0.219171 0
0.219046 0
0.218921 0
0.218796 0
0.218658 0
0.218547 0
0.218429 0
0.218297 0
0.21816 0
0.218048 0
0.217925 0
0.217793 0
0.217665 0
0.217553 0
0.21742 0
0.217282 0
0.217144 0
0.217022 0
0.216907 0
0.216783 0
0.216655 0
0.21655 0
0.216414 0
0.216302 0
0.21618 0
0.216039 0
0.215919 0
0.21579 0
0.215665 0
0.215522 0
0.215396 0
0.215281 0
0.215159 0
0.215033 0
0.214913 0
0.214787 0
0.214657 0
0.214537 0
0.214416 0
0.214306 0
0.214181 0
0.214064 0
0.213952 0
0.213844 0
0.213733 0
0.213596 0
0.213479 0
0.213378 0
0.213249 0
0.213119 0
0.213001 0
0.212886 0
0.212761 0
0.212648 0
0.212533 0
0.212417 0
0.212285 0
0.21218 0
0.212056 0
0.211931 0
0.211793 0
0.211669 0
0.211543 0
0.211417 0
0.211289 0
0.211158 0
0.211029 0
0.210876 0
0.21076 0
0.21064 0
0.21052 0
0.210405 0
0.210289 0
0.210163 0
0.21004 0
0.209914 0
0.209786 0
0.209655 0
0.209541 0
0.209425 0
0.20929 0
0.209177 0
0.209055 0
0.208927 0
0.208806 0
0.208693 0
0.208584 0
0.208456 0
0.208323 0
0.208207 0
0.20808 0
0.207952 0
0.20784 0
0.207715 0
0.207607 0
0.207478 0
0.207382 0
0.207265 0
0.207133 0
0.207024 0
0.206911 0
0.206797 0
0.206691 0
0.206569 0
0.206447 0
0.206324 0
0.206201 0
0.206059 0
0.205953 0
0.205822 0
0.205702 0
0.205572 0
0.205443 0
0.205321 0
0.205212 0
0.205091 0
0.204973 0
0.20484 0
0.20473 0
0.204601 0
0.204462 0
0.204332 0
0.204211 0
0.204096 0
0.203954 0
0.203813 0
0.203683 0
0.203559 0
0.203434 0
0.203311 0
0.203188 0
0.203059 0
0.202936 0
0.202814 0
0.202689 0
0.202571 0
0.202448 0
0.202325 0
0.202206 0
0.202056 0
0.201917 0
0.20179 0
0.201682 0
0.201561 0
0.20143 0
0.201298 0
0.201176 0
0.201042 0
0.200903 0
0.200785 0
0.200653 0
0.20053 0
0.200406 0
0.200284 0
0.200166 0
0.200057 0
0.199958 0
0.199838 0
0.199701 0
0.199579 0
0.199439 0
0.199302 0
0.199175 0
0.199057 0
0.198928 0
0.198794 0
0.198647 0
0.198538 0
0.198414 0
0.198295 0
0.198162 0
0.198027 0
0.197911 0
0.197782 0
0.197646 0
0.197524 0
0.197386 0
0.197265 0
0.197145 0
0.197019 0
0.196914 0
0.196788 0
0.196669 0
0.196553 0
0.196422 0
0.196302 0
0.196165 0
0.19604 0
0.195904 0
0.195796 0
0.195692 0
0.195581 0
0.195455 0
0.195311 0
0.195179 0
0.195073 0
0.194949 0
0.194832 0
0.194709 0
0.194584 0
0.194477 0
0.194352 0
0.194216 0
0.194078 0
0.193947 0
0.193829 0
0.193705 0
0.193583 0
0.193461 0
0.193344 0
0.1932 0
0.193067 0
0.192913 0
0.192767 0
0.19264 0
0.192494 0
0.192362 0
0.192248 0
0.192134 0
0.192028 0
0.191884 0
0.191639 0
0.191525 0
0.191401 0
0.1913 0
0.191174 0
0.191046 0
0.190911 0
0.190774 0
0.190661 0
0.190516 0
0.190393 0
0.190259 0
0.190135 0
0.190014 0
0.189887 0
0.189773 0
0.189643 0
0.189517 0
0.189398 0
0.189277 0
0.189165 0
0.189055 0
0.188961 0
0.188846 0
0.188721 0
0.188596 0
0.188478 0
0.188367 0
0.188248 0
0.188126 0
0.187993 0
0.187869 0
0.187753 0
0.187622 0
0.18752 0
0.18739 0
0.187277 0
0.18715 0
0.187043 0
0.186923 0
0.186803 0
0.186694 0
0.186576 0
0.186473 0
0.186369 0
0.186266 0
0.186154 0
0.186048 0
0.185913 0
0.185789 0
0.185655 0
0.185546 0
0.185413 0
0.185301 0
0.185179 0
0.185069 0
0.184943 0
0.184821 0
0.184698 0
0.184598 0
0.184473 0
0.18435 0
0.184237 0
0.184115 0
0.18401 0
0.183884 0
0.183767 0
0.183643 0
0.18352 0
0.183383 0
0.183276 0
0.183165 0
0.183045 0
0.182935 0
0.18281 0
0.182693 0
0.182587 0
0.182456 0
0.182337 0
0.182201 0
0.182072 0
0.181945 0
0.181832 0
0.181709 0
0.181593 0
0.181448 0
0.181318 0
0.181188 0
0.181063 0
0.180918 0
0.180817 0
0.180692 0
0.180564 0
0.180434 0
0.180309 0
0.180207 0
0.180066 0
0.179936 0
0.179809 0
0.179672 0
0.179555 0
0.179424 0
0.179313 0
0.179186 0
0.179052 0
0.178926 0
0.178814 0
0.178683 0
0.178565 0
0.178457 0
0.178326 0
0.178199 0
0.178099 0
0.177985 0
0.177862 0
0.177748 0
0.177662 0
0.177531 0
0.177403 0
0.177272 0
0.177133 0
0.177011 0
0.1769 0
0.176775 0
0.17664 0
0.176522 0
0.176392 0
0.176265 0
0.176144 0
0.176029 0
0.175906 0
0.175797 0
0.175687 0
0.175565 0
0.175444 0
0.17532 0
0.175197 0
0.175064 0
0.174961 0
0.174859 0
0.174727 0
0.174594 0
0.174466 0
0.174369 0
0.1743 0
0.174185 0
0.174065 0
0.17393 0
0.173814 0
0.173677 0
0.173544 0
0.173411 0
0.173277 0
0.173144 0
0.173015 0
0.172887 0
0.17275 0
0.172603 0
0.172483 0
0.172357 0
0.172249 0
0.172138 0
0.172014 0
0.171898 0
0.171772 0
0.17164 0
0.171516 0
0.171374 0
0.171258 0
0.171116 0
0.171005 0
0.170889 0
0.17075 0
0.170625 0
0.170514 0
0.170396 0
0.170276 0
0.17016 0
0.170037 0
0.169913 0
0.169777 0
0.169649 0
0.169533 0
0.169402 0
0.169292 0
0.169175 0
0.169051 0
0.168936 0
0.168813 0
0.168691 0
0.168569 0
0.168434 0
0.16831 0
0.168187 0
0.168047 0
0.167933 0
0.16781 0
0.167688 0
0.167562 0
0.167452 0
0.167339 0
0.167219 0
0.167109 0
0.166986 0
0.166859 0
0.166748 0
0.166627 0
0.166506 0
0.166373 0
0.166244 0
0.166125 0
0.166 0
0.165868 0
0.165736 0
0.165611 0
0.165475 0
0.165336 0
0.165214 0
0.165088 0
0.164948 0
0.164833 0
0.164719 0
0.164606 0
0.164484 0
0.164367 0
0.164233 0
0.164118 0
0.163991 0
0.163872 0
0.163741 0
0.163633 0
0.163508 0
0.163375 0
0.163253 0
0.163135 0
0.163007 0
0.162885 0
0.162767 0
0.162639 0
0.162514 0
0.162398 0
0.162272 0
0.162151 0
0.162042 0
0.161936 0
0.161818 0
0.161696 0
0.161597 0
0.161489 0
0.161374 0
0.161253 0
0.161148 0
0.161019 0
0.160878 0
0.160766 0
0.160649 0
0.160543 0
0.160439 0
0.160309 0
0.160195 0
0.160062 0
0.159909 0
0.159809 0
0.159681 0
0.159555 0
0.159438 0
0.159313 0
0.159199 0
0.159092 0
0.158977 0
0.158863 0
0.15872 0
0.158594 0
0.158466 0
0.15833 0
0.158198 0
0.158075 0
0.157947 0
0.15783 0
0.15768 0
0.157562 0
0.157434 0
0.15732 0
0.157193 0
0.15708 0
0.156969 0
0.156852 0
0.156732 0
0.156607 0
0.156473 0
0.156356 0
0.156227 0
0.156093 0
0.155969 0
0.155837 0
0.1557 0
0.155592 0
0.155482 0
0.155365 0
0.155238 0
0.155114 0
0.154993 0
0.154866 0
0.154733 0
0.154589 0
0.154462 0
0.15433 0
0.154204 0
0.154061 0
0.153936 0
0.153803 0
0.153676 0
0.153558 0
0.153469 0
0.153333 0
0.153197 0
0.15307 0
0.152954 0
0.152832 0
0.152727 0
0.152599 0
0.15246 0
0.152322 0
0.152213 0
0.152073 0
0.15194 0
0.15182 0
0.151676 0
0.151537 0
0.151422 0
0.151289 0
0.15116 0
0.151051 0
0.150933 0
0.150809 0
0.150681 0
0.15056 0
0.150441 0
0.150325 0
0.150199 0
0.150098 0
0.149989 0
0.149856 0
0.149742 0
0.149632 0
0.149504 0
0.149385 0
0.149252 0
0.149105 0
0.148984 0
0.148866 0
0.148746 0
0.148624 0
0.14852 0
0.148405 0
0.148273 0
0.148147 0
0.148029 0
0.147903 0
0.147771 0
0.147665 0
0.14754 0
0.147407 0
0.147275 0
0.147148 0
0.147017 0
0.146881 0
0.146767 0
0.146636 0
0.146509 0
0.146396 0
0.146259 0
0.146122 0
0.14599 0
0.145887 0
0.145752 0
0.145626 0
0.145507 0
0.145365 0
0.145257 0
0.145131 0
0.145011 0
0.144879 0
0.144757 0
0.144644 0
0.14452 0
0.144409 0
0.14427 0
0.144153 0
0.144031 0
0.143921 0
0.143817 0
0.143701 0
0.143575 0
0.143439 0
0.143297 0
0.143186 0
0.143054 0
0.142923 0
0.142803 0
0.142673 0
0.142545 0
0.142419 0
0.142296 0
0.142159 0
0.142036 0
0.141901 0
0.141784 0
0.141662 0
0.141545 0
0.141412 0
0.141267 0
0.14114 0
0.141009 0
0.14088 0
0.140759 0
0.140642 0
0.140519 0
0.140391 0
0.140256 0
0.140139 0
0.140028 0
0.139909 0
0.139785 0
0.139669 0
0.139549 0
0.139434 0
0.139316 0
0.13918 0
0.139056 0
0.138934 0
0.138826 0
0.138692 0
0.138584 0
0.138459 0
0.138344 0
0.138233 0
0.138095 0
0.137982 0
0.137852 0
0.137725 0
0.137581 0
0.137459 0
0.137328 0
0.137214 0
0.137107 0
0.136968 0
0.136845 0
0.136735 0
0.136596 0
0.136476 0
0.136355 0
0.136246 0
0.136118 0
0.135996 0
0.135857 0
0.13572 0
0.135601 0
0.135498 0
0.135381 0
0.135267 0
0.135133 0
0.135009 0
0.134875 0
0.134738 0
0.134621 0
0.134498 0
0.134373 0
0.134237 0
0.134115 0
0.134001 0
0.13388 0
0.133765 0
0.133625 0
0.133511 0
0.133385 0
0.133252 0
0.133125 0
0.133002 0
0.132902 0
0.132779 0
0.132648 0
0.132539 0
0.132417 0
0.132301 0
0.132183 0
0.13206 0
0.131935 0
0.131812 0
0.131707 0
0.131597 0
0.131472 0
0.131352 0
0.131235 0
0.131129 0
0.130983 0
0.130845 0
0.130724 0
0.130609 0
0.130493 0
0.130352 0
0.130248 0
0.130131 0
0.130012 0
0.129898 0
0.129774 0
0.12966 0
0.129534 0
0.129408 0
0.129274 0
0.129147 0
0.129038 0
0.128932 0
0.128807 0
0.128672 0
0.12856 0
0.128424 0
0.128324 0
0.128193 0
0.128055 0
0.127925 0
0.12781 0
0.127694 0
0.127595 0
0.127453 0
0.127319 0
0.127195 0
0.127057 0
0.126952 0
0.126819 0
0.126689 0
0.126552 0
0.126437 0
0.126325 0
0.126212 0
0.126087 0
0.125954 0
0.125837 0
0.125717 0
0.125602 0
0.125464 0
0.125342 0
0.125234 0
0.125104 0
0.124975 0
0.124856 0
0.12475 0
0.124635 0
0.124504 0
0.1244 0
0.124284 0
0.124151 0
0.124047 0
0.12393 0
0.1238 0
0.123676 0
0.123549 0
0.123415 0
0.123284 0
0.12316 0
0.123024 0
0.122893 0
0.122765 0
0.122649 0
0.122522 0
0.1224 0
0.122282 0
0.122167 0
0.122049 0
0.121967 0
0.12183 0
0.121707 0
0.121578 0
0.121451 0
0.121317 0
0.121195 0
0.121048 0
0.120912 0
0.120783 0
0.120648 0
0.120517 0
0.120402 0
0.120282 0
0.120149 0
0.120037 0
0.119928 0
0.119792 0
0.119676 0
0.119554 0
0.119443 0
0.119307 0
0.119173 0
0.119052 0
0.118937 0
0.118815 0
0.118711 0
0.118592 0
0.118465 0
0.118346 0
0.118218 0
0.118095 0
0.117977 0
0.117872 0
0.11775 0
0.11763 0
0.11751 0
0.117374 0
0.117226 0
0.117101 0
0.116965 0
0.116837 0
0.116703 0
0.116579 0
0.116461 0
0.116331 0
0.116221 0
0.116084 0
0.115961 0
0.115837 0
0.115725 0
0.115614 0
0.115484 0
0.115361 0
0.115228 0
0.115107 0
0.114997 0
0.114888 0
0.11476 0
0.114647 0
0.114525 0
0.114399 0
0.114244 0
0.114109 0
0.11396 0
0.113842 0
0.113726 0
0.113601 0
0.113474 0
0.113348 0
0.11323 0
0.113107 0
0.112996 0
0.112859 0
0.11274 0
0.11262 0
0.112505 0
0.112382 0
0.112248 0
0.112096 0
0.111982 0
0.111873 0
0.111745 0
0.111638 0
0.111511 0
0.111389 0
0.111268 0
0.111145 0
0.111023 0
0.110904 0
0.110782 0
0.110668 0
0.110527 0
0.110419 0
0.110307 0
0.110186 0
0.110072 0
0.109959 0
0.109853 0
0.109739 0
0.109601 0
0.109482 0
0.109342 0
0.109212 0
0.109106 0
0.108965 0
0.108853 0
0.108739 0
0.108611 0
0.108494 0
0.108377 0
0.108236 0
0.108133 0
0.108003 0
0.107888 0
0.107759 0
0.107624 0
0.107508 0
0.107389 0
0.107264 0
0.10714 0
0.107023 0
0.106882 0
0.106747 0
0.106637 0
0.106524 0
0.106389 0
0.106261 0
0.106128 0
0.106003 0
0.105878 0
0.105763 0
0.105649 0
0.105507 0
0.105388 0
0.105254 0
0.10513 0
0.105003 0
0.104872 0
0.104731 0
0.104594 0
0.104476 0
0.10437 0
0.104252 0
0.104123 0
0.104002 0
0.10386 0
0.103737 0
0.103614 0
0.103499 0
0.103382 0
0.103254 0
0.103116 0
0.102995 0
0.102874 0
0.102742 0
0.102616 0
0.102499 0
0.102369 0
0.102245 0
0.102137 0
0.102016 0
0.101901 0
0.101792 0
0.10167 0
0.101561 0
0.101438 0
0.101317 0
0.101193 0
0.101074 0
0.100949 0
0.100819 0
0.100703 0
0.100571 0
0.100449 0
0.10034 0
0.10021 0
0.100092 0
0.0999485 0
0.0998093 0
0.0996896 0
0.0995731 0
0.0994552 0
0.0993553 0
0.0992305 0
0.0991113 0
0.0989825 0
0.0988479 0
0.0987138 0
0.0985819 0
0.0984513 0
0.0983235 0
0.0982021 0
0.0980688 0
0.0979679 0
0.0978404 0
0.0977054 0
0.0975869 0
0.0974625 0
0.0973354 0
0.097193 0
0.0970671 0
0.0969251 0
0.0968025 0
0.0966812 0
0.0965725 0
0.0964507 0
0.0963175 0
0.0962067 0
0.0960862 0
0.0959642 0
0.0958445 0
0.0957154 0
0.0955948 0
0.0954814 0
0.0953668 0
0.0952459 0
0.0951111 0
0.0950024 0
0.0948627 0
0.094745 0
0.0946258 0
0.0944934 0
0.0943525 0
0.0942385 0
0.0941334 0
0.0939977 0
0.0938851 0
0.0937553 0
0.0936265 0
0.0935198 0
0.0933973 0
0.0932791 0
0.0931718 0
0.0930356 0
0.0929039 0
0.0927837 0
0.0926758 0
0.0925518 0
0.0924435 0
0.0923307 0
0.0922136 0
0.092096 0
0.0919764 0
0.0918277 0
0.0917149 0
0.091597 0
0.091481 0
0.0913583 0
0.0912208 0
0.0911006 0
0.0909823 0
0.0908711 0
0.090747 0
0.0906275 0
0.0905079 0
0.0903904 0
0.09026 0
0.090157 0
0.0900278 0
0.0898914 0
0.0897677 0
0.0896466 0
0.0895369 0
0.0893962 0
0.0892599 0
0.0891302 0
0.089017 0
0.0888967 0
0.08878 0
0.0886696 0
0.0885543 0
0.0884468 0
0.0883274 0
0.0882168 0
0.0880853 0
0.0879701 0
0.0878555 0
0.0877212 0
0.087588 0
0.0874554 0
0.0873363 0
0.0872153 0
0.0870946 0
0.0869787 0
0.0868418 0
0.0867118 0
0.0865864 0
0.0864692 0
0.0863549 0
0.0862207 0
0.0861106 0
0.0859827 0
0.0858628 0
0.0857356 0
0.0856107 0
0.0855058 0
0.0853915 0
0.0852794 0
0.0851591 0
0.0850277 0
0.0849045 0
0.0847725 0
0.084644 0
0.0845335 0
0.0844007 0
0.0842741 0
0.0841516 0
0.0840262 0
0.0839087 0
0.0837942 0
0.0836601 0
0.0835266 0
0.0834033 0
0.0832933 0
0.0831848 0
0.0830765 0
0.0829637 0
0.0828356 0
0.0826967 0
0.0825466 0
0.0824172 0
0.0822906 0
0.082167 0
0.082052 0
0.0819205 0
0.0818037 0
0.0816761 0
0.0815391 0
0.0814042 0
0.0812926 0
0.0811653 0
0.0810343 0
0.0809092 0
0.0807655 0
0.0806394 0
0.0805388 0
0.0804271 0
0.0803088 0
0.080187 0
0.0800653 0
0.0799465 0
0.0798149 0
0.0796831 0
0.0795589 0
0.079437 0
0.0793086 0
0.0791918 0
0.079079 0
0.0789555 0
0.0788335 0
0.0786842 0
0.078577 0
0.0784562 0
0.0783306 0
0.0782106 0
0.0780766 0
0.0779513 0
0.0778192 0
0.0776871 0
0.0775652 0
0.0774397 0
0.0773062 0
0.0771934 0
0.077064 0
0.0769484 0
0.0768211 0
0.0766918 0
0.0765731 0
0.0764607 0
0.0763396 0
0.0761835 0
0.0760637 0
0.0759483 0
0.0758307 0
0.0757032 0
0.0755661 0
0.0754304 0
0.0753119 0
0.075214 0
0.075089 0
0.0749489 0
0.0748325 0
0.0746946 0
0.0745762 0
0.0744604 0
0.0743455 0
0.0742332 0
0.0741142 0
0.0739849 0
0.0738383 0
0.0737025 0
0.0735799 0
0.0734342 0
0.0733228 0
0.0731923 0
0.0730773 0
0.0729433 0
0.0728167 0
0.0727026 0
0.0725764 0
0.0724473 0
0.0723368 0
0.072217 0
0.0719722 0
0.0718578 0
0.0717467 0
0.0716199 0
0.0715062 0
0.0713818 0
0.071252 0
0.0711294 0
0.071028 0
0.070894 0
0.0707469 0
0.070604 0
0.0704824 0
0.0703674 0
0.0702233 0
0.070097 0
0.0699764 0
0.0698574 0
0.0697391 0
0.0696107 0
0.0694629 0
0.0693393 0
0.0692091 0
0.0690777 0
0.068954 0
0.0688374 0
0.0687239 0
0.0686149 0
0.0684852 0
0.0683659 0
0.0682377 0
0.0681116 0
0.0680068 0
0.0678816 0
0.067755 0
0.0676266 0
0.0674976 0
0.0673794 0
0.0672601 0
0.0671465 0
0.0670276 0
0.066893 0
0.0667696 0
0.0666487 0
0.0665261 0
0.066394 0
0.0662632 0
0.0661492 0
0.066044 0
0.0659267 0
0.0658057 0
0.0656907 0
0.0655609 0
0.0654462 0
0.0653272 0
0.0652141 0
0.0650967 0
0.0649816 0
0.0648695 0
0.0647512 0
0.0646027 0
0.0644868 0
0.0643638 0
0.0642336 0
0.0641044 0
0.0639865 0
0.0638646 0
0.0637247 0
0.0635964 0
0.0634832 0
0.0633471 0
0.0632333 0
0.0631184 0
0.0630004 0
0.0628781 0
0.0627526 0
0.0626456 0
0.062536 0
0.062408 0
0.0622699 0
0.0621534 0
0.0620283 0
0.061914 0
0.061799 0
0.061664 0
0.0615267 0
0.0614096 0
0.0612899 0
0.0611775 0
0.0610393 0
0.0609017 0
0.060777 0
0.0606569 0
0.0605312 0
0.0604046 0
0.0602809 0
0.0601506 0
0.0600182 0
0.0598765 0
0.0597425 0
0.0596233 0
0.0594747 0
0.0593701 0
0.05926 0
0.0591298 0
0.0590053 0
0.0588788 0
0.0587585 0
0.0586141 0
0.0584924 0
0.0583678 0
0.058235 0
0.0581069 0
0.0579603 0
0.0578434 0
0.0577318 0
0.0576148 0
0.0574847 0
0.0573409 0
0.0572148 0
0.05709 0
0.0569698 0
0.0568634 0
0.0567381 0
0.0566027 0
0.056476 0
0.0563415 0
0.0562137 0
0.0560883 0
0.0559631 0
0.0558382 0
0.0556955 0
0.0555705 0
0.0554367 0
0.0553197 0
0.0552021 0
0.0550757 0
0.0549724 0
0.05485 0
0.0547205 0
0.0545924 0
0.0544629 0
0.0543266 0
0.0542012 0
0.0540667 0
0.0539467 0
0.0538294 0
0.0537139 0
0.0535999 0
0.0534776 0
0.0533677 0
0.0532545 0
0.0531327 0
0.0529944 0
0.0528721 0
0.0527363 0
0.0526057 0
0.0524658 0
0.0523467 0
0.0522201 0
0.0521083 0
0.0519951 0
0.0518484 0
0.0517121 0
0.0515913 0
0.0514701 0
0.0513307 0
0.051213 0
0.051065 0
0.0509476 0
0.0508116 0
0.0507015 0
0.0505871 0
0.0504611 0
0.0503221 0
0.0502082 0
0.0500689 0
0.0499296 0
0.0498101 0
0.0496828 0
0.0495542 0
0.049428 0
0.049309 0
0.0491789 0
0.0490281 0
0.048899 0
0.0487905 0
0.0486724 0
0.048551 0
0.048432 0
0.0483095 0
0.0481967 0
0.048079 0
0.0479548 0
0.047811 0
0.0476789 0
0.047555 0
0.047436 0
0.0472975 0
0.0471624 0
0.0470301 0
0.0468909 0
0.04676 0
0.0466351 0
0.0465139 0
0.0463882 0
0.0462591 0
0.0461491 0
0.0460483 0
0.0459358 0
0.0458061 0
0.0456804 0
0.045558 0
0.0454405 0
0.0453294 0
0.0452047 0
0.0450799 0
0.0449495 0
0.0448219 0
0.0446857 0
0.0445647 0
0.0444446 0
0.0443172 0
0.0441845 0
0.04406 0
0.0439453 0
0.0438188 0
0.0437013 0
0.0435672 0
0.0434223 0
0.0432977 0
0.0431798 0
0.0430528 0
0.0429539 0
0.0427091 0
0.0425916 0
0.0424705 0
0.042364 0
0.0422474 0
0.0421328 0
0.0420096 0
0.0418846 0
0.0417549 0
0.0416202 0
0.0414849 0
0.0413609 0
0.041241 0
0.0411104 0
0.0409753 0
0.0408478 0
0.0407375 0
0.0406085 0
0.0404713 0
0.0403518 0
0.0402079 0
0.0400879 0
0.0399523 0
0.0398339 0
0.0397126 0
0.0395843 0
0.0394615 0
0.0393254 0
0.0391927 0
0.0390742 0
0.0389734 0
0.0388392 0
0.0387017 0
0.0385788 0
0.0384622 0
0.0383315 0
0.0382255 0
0.0381066 0
0.0379947 0
0.0377246 0
0.0375996 0
0.037482 0
0.0373487 0
0.0372157 0
0.0370972 0
0.0369883 0
0.0368663 0
0.0367457 0
0.0366173 0
0.0365036 0
0.0363709 0
0.0362498 0
0.0361179 0
0.0359934 0
0.035872 0
0.0357529 0
0.0356248 0
0.0354851 0
0.0353523 0
0.0352215 0
0.0350807 0
0.0349515 0
0.0348025 0
0.0346927 0
0.0345838 0
0.0344791 0
0.0343545 0
0.0342304 0
0.0340995 0
0.0339795 0
0.0338511 0
0.0337258 0
0.0335981 0
0.0334804 0
0.0333261 0
0.0331882 0
0.0330477 0
0.0328994 0
0.0327871 0
0.0326645 0
0.0325428 0
0.0323974 0
0.0322797 0
0.0321525 0
0.0320373 0
0.0319022 0
0.0317979 0
0.0316722 0
0.0315538 0
0.0314182 0
0.0312948 0
0.0311548 0
0.031011 0
0.0308816 0
0.0307612 0
0.0306392 0
0.0305166 0
0.0303896 0
0.0302529 0
0.0301379 0
0.0299964 0
0.0298544 0
0.0297292 0
0.0295971 0
0.0294741 0
0.0293408 0
0.0292291 0
0.0290877 0
0.0289762 0
0.02886 0
0.0287515 0
0.0286252 0
0.0285217 0
0.0283937 0
0.0282541 0
0.0281166 0
0.0279981 0
0.0278805 0
0.0277591 0
0.0276226 0
0.0275044 0
0.0273865 0
0.027265 0
0.0271322 0
0.0269936 0
0.0268721 0
0.0267336 0
0.0266065 0
0.0264926 0
0.0263859 0
0.0262471 0
0.026116 0
0.0259903 0
0.0258788 0
0.0257405 0
0.0256218 0
0.0254991 0
0.0253814 0
0.0252622 0
0.0251445 0
0.025022 0
0.0249045 0
0.0247599 0
0.0246282 0
0.0244913 0
0.0243765 0
0.0242403 0
0.0241164 0
0.0240006 0
0.0238786 0
0.023748 0
0.0236217 0
0.0235029 0
0.023375 0
0.0232462 0
0.0231356 0
0.0230318 0
0.0228994 0
0.0227821 0
0.0226499 0
0.0225241 0
0.0224034 0
0.0223018 0
0.0221855 0
0.0220648 0
0.0219368 0
0.021813 0
0.02169 0
0.0215646 0
0.0214496 0
0.0213351 0
0.0212046 0
0.0210832 0
0.0209579 0
0.0208405 0
0.0207024 0
0.0205825 0
0.0204722 0
0.0203601 0
0.0202484 0
0.0201209 0
0.0199867 0
0.0198506 0
0.0197212 0
0.0196084 0
0.0194823 0
0.0193556 0
0.0192286 0
0.0190994 0
0.0189671 0
0.018845 0
0.0187116 0
0.018606 0
0.0184872 0
0.0183526 0
0.0182269 0
0.0181159 0
0.017989 0
0.0178749 0
0.0177495 0
0.0176316 0
0.0175268 0
0.0174104 0
0.0172671 0
0.0171536 0
0.0170071 0
0.016876 0
0.0167398 0
0.0166241 0
0.0165057 0
0.016366 0
0.0162377 0
0.0161 0
0.0159925 0
0.0158582 0
0.0157366 0
0.0156212 0
0.0154767 0
0.0153508 0
0.0152158 0
0.015083 0
0.0149571 0
0.0148234 0
0.0146903 0
0.0145464 0
0.014423 0
0.0143005 0
0.0141819 0
0.0140532 0
0.0139227 0
0.0138093 0
0.0136943 0
0.0135676 0
0.0134422 0
0.0133204 0
0.0131984 0
0.0130681 0
0.0129453 0
0.0128262 0
0.0126957 0
0.0125665 0
0.0124511 0
0.0123359 0
0.0122166 0
0.0120838 0
0.0119659 0
0.0118545 0
0.0117195 0
0.0116038 0
0.0114699 0
0.0113516 0
0.0112369 0
0.0111098 0
0.0110015 0
0.0108588 0
0.0107458 0
0.0106237 0
0.0105024 0
0.0103706 0
0.0102434 0
0.0101164 0
0.0099831 0
0.0098512 0
0.00972566 0
0.00959043 0
0.00946285 0
0.00934362 0
0.00922304 0
0.00910262 0
0.00899226 0
0.0088693 0
0.00872834 0
0.00861049 0
0.00848013 0
0.00836659 0
0.00823777 0
0.00811735 0
0.00799217 0
0.00786297 0
0.00774319 0
0.00762685 0
0.00748901 0
0.00736088 0
0.00724579 0
0.0071315 0
0.00700802 0
0.00687655 0
0.0067474 0
0.0066247 0
0.00648862 0
0.00636273 0
0.00623892 0
0.00613976 0
0.0060165 0
0.00589895 0
0.0057832 0
0.00565769 0
0.00554092 0
0.00542754 0
0.00529802 0
0.00516881 0
0.00506003 0
0.00493785 0
0.00481694 0
0.00468495 0
0.0045615 0
0.00444035 0
0.0043201 0
0.00419614 0
0.00406961 0
0.00393428 0
0.00380563 0
0.00368071 0
0.00355205 0
0.00343531 0
0.00330933 0
0.00317572 0
0.00305018 0
0.0029199 0
0.00281335 0
0.00268771 0
0.00256851 0
0.00246086 0
0.00233143 0
0.00221399 0
0.00209715 0
0.0019676 0
0.00185242 0
0.00172726 0
0.00160435 0
0.00148061 0
0.00136349 0
0.00122727 0
0.00109657 0
0.000979919 0
0.00085119 0
0.000725945 0
0.000598825 0
0.000475713 0
0.000369438 0
0.000247522 0
0.000129576 0
0 0
0 0
0 0
0 0
